% State of a bin packing problem:
%
% Bin number: 174
% Total uncovered points: 2426
% Total covered points: 14974
% Number of boxes: 782
% Unused boxes: 0
% Runtime: 10.247001647949219
%
% Bin size:
10 10
%
% Boxes (width, height) not in some bins:
%
% Boxes (width, height, x_position, y_position, bin_id) in bins:
7 9 0 0 0
1 1 0 9 0
1 1 1 9 0
1 2 7 0 0
2 1 2 9 0
2 1 4 9 0
1 3 7 2 0
3 1 6 9 0
1 3 7 5 0
3 1 7 8 0
1 3 8 0 0
1 3 8 3 0
1 3 9 0 0
2 2 8 6 0
6 9 0 0 1
3 1 0 9 1
3 1 3 9 1
3 1 6 0 1
3 1 6 1 1
4 1 6 2 1
2 2 6 3 1
1 4 6 5 1
4 1 6 9 1
2 2 7 5 1
1 4 9 3 1
2 2 7 7 1
6 9 0 0 2
4 1 0 9 2
1 4 6 0 2
1 4 6 4 2
4 1 4 9 2
4 1 6 8 2
1 4 7 0 2
2 2 7 4 2
2 2 7 6 2
1 4 8 0 2
1 5 9 0 2
7 7 0 0 3
4 1 0 7 3
4 1 0 8 3
4 1 0 9 3
5 1 4 7 3
5 1 4 8 3
1 5 7 0 3
5 1 4 9 3
1 5 8 0 3
1 5 9 0 3
1 5 9 5 3
7 7 0 0 4
5 1 0 7 4
5 1 0 8 4
5 1 0 9 4
3 2 5 7 4
2 3 7 0 4
3 2 7 3 4
2 3 8 5 4
7 7 0 0 5
6 1 0 7 5
6 1 0 8 5
2 3 6 7 5
2 3 7 0 5
3 2 7 3 5
3 2 7 5 5
2 3 8 7 5
6 1 0 9 5
7 7 0 0 6
2 3 0 7 6
3 2 2 7 6
3 2 5 7 6
2 3 7 0 6
1 6 8 3 6
1 6 9 0 6
6 1 2 9 6
7 7 0 0 7
2 3 0 7 7
2 3 2 7 7
3 2 4 7 7
2 3 7 0 7
2 3 7 3 7
3 2 7 6 7
3 2 7 8 7
8 6 0 0 8
2 3 0 6 8
3 2 2 6 8
3 2 2 8 8
2 3 5 6 8
2 3 7 6 8
2 4 8 0 8
6 8 0 0 9
6 1 0 8 9
3 2 6 0 9
3 2 6 2 9
3 2 6 4 9
3 2 6 6 9
7 1 0 9 9
1 8 9 0 9
8 6 0 0 10
7 1 0 6 10
4 2 0 7 10
4 2 4 7 10
2 4 8 0 10
2 4 8 4 10
8 1 0 9 10
8 6 0 0 11
4 2 0 6 11
4 2 0 8 11
4 2 4 6 11
4 2 4 8 11
2 4 8 0 11
2 4 8 4 11
6 8 0 0 12
4 2 0 8 12
4 2 4 8 12
4 2 6 0 12
4 2 6 2 12
4 2 6 4 12
2 4 8 6 12
6 8 0 0 13
2 4 6 0 13
4 2 0 8 13
4 2 4 8 13
2 4 6 4 13
1 8 8 0 13
1 8 9 0 13
6 8 0 0 14
4 2 0 8 14
2 4 6 0 14
2 4 6 4 14
2 4 8 0 14
4 2 4 8 14
2 4 8 4 14
6 8 0 0 15
8 1 0 8 15
2 4 6 0 15
2 4 6 4 15
2 4 8 0 15
2 4 8 4 15
8 6 0 0 16
2 4 0 6 16
2 4 2 6 16
4 2 4 6 16
2 4 8 0 16
4 2 4 8 16
2 5 8 4 16
6 8 0 0 17
3 3 6 0 17
3 3 6 3 17
3 3 6 6 17
5 2 0 8 17
6 8 0 0 18
3 3 6 0 18
3 3 6 3 18
3 3 6 6 18
5 2 0 8 18
5 9 0 0 19
3 3 5 0 19
3 3 5 3 19
3 3 5 6 19
2 5 8 0 19
2 5 8 5 19
9 5 0 0 20
9 5 0 5 20
6 7 0 0 21
3 3 0 7 21
3 3 3 7 21
3 3 6 0 21
3 3 6 3 21
3 3 6 6 21
6 7 0 0 22
3 3 0 7 22
3 3 3 7 22
3 3 6 0 22
3 3 6 3 22
3 3 6 6 22
7 6 0 0 23
3 3 0 6 23
5 2 3 6 23
5 2 3 8 23
2 5 7 0 23
2 5 8 5 23
6 7 0 0 24
5 2 0 7 24
5 2 5 7 24
2 5 6 0 24
2 5 8 0 24
7 6 0 0 25
5 2 0 6 25
5 2 0 8 25
5 2 5 6 25
5 2 5 8 25
2 5 7 0 25
6 7 0 0 26
5 2 0 7 26
5 2 5 7 26
2 5 6 0 26
2 5 8 0 26
7 6 0 0 27
5 2 0 6 27
5 2 0 8 27
5 2 5 6 27
5 2 5 8 27
2 5 7 0 27
6 7 0 0 28
5 2 0 7 28
2 5 6 0 28
5 2 5 7 28
2 5 8 0 28
7 6 0 0 29
5 2 0 6 29
5 2 0 8 29
2 5 7 0 29
5 2 5 6 29
5 2 5 8 29
7 6 0 0 30
2 5 7 0 30
5 2 0 6 30
5 2 0 8 30
2 5 7 5 30
7 6 0 0 31
2 5 7 0 31
4 3 0 6 31
6 2 4 6 31
6 2 4 8 31
6 7 0 0 32
3 4 6 0 32
4 3 0 7 32
3 4 6 4 32
6 2 4 8 32
7 6 0 0 33
3 4 0 6 33
4 3 3 6 33
3 4 7 0 33
3 4 7 4 33
8 5 0 0 34
8 5 0 5 34
2 6 8 0 34
6 6 0 0 35
9 4 0 6 35
4 3 6 0 35
4 3 6 3 35
6 6 0 0 36
3 4 0 6 36
3 4 3 6 36
4 3 6 0 36
3 4 6 3 36
4 3 6 7 36
6 6 0 0 37
3 4 0 6 37
3 4 3 6 37
3 4 6 0 37
3 4 6 4 37
6 6 0 0 38
6 2 0 6 38
6 2 0 8 38
3 4 6 0 38
4 3 6 4 38
4 3 6 7 38
6 6 0 0 39
6 2 0 6 39
3 4 6 0 39
3 4 6 4 39
6 2 0 8 39
6 6 0 0 40
3 4 0 6 40
4 3 3 6 40
3 4 6 0 40
2 6 7 4 40
6 6 0 0 41
6 2 0 6 41
4 3 6 0 41
4 3 6 3 41
6 2 0 8 41
4 3 6 6 41
6 6 0 0 42
4 3 0 6 42
4 3 4 6 42
3 4 6 0 42
2 6 8 4 42
6 6 0 0 43
4 3 0 6 43
3 4 4 6 43
3 4 6 0 43
3 4 7 4 43
6 6 0 0 44
6 2 0 6 44
6 2 0 8 44
4 3 6 0 44
3 4 6 3 44
4 3 6 7 44
6 6 0 0 45
6 2 0 6 45
6 2 0 8 45
3 4 6 0 45
4 3 6 4 45
4 3 6 7 45
6 6 0 0 46
6 2 0 6 46
3 4 6 0 46
4 3 6 4 46
4 3 6 7 46
6 2 0 8 46
6 6 0 0 47
4 3 0 6 47
4 3 4 6 47
3 4 6 0 47
2 6 8 4 47
7 5 0 0 48
7 5 0 5 48
3 4 7 0 48
3 4 7 4 48
5 7 0 0 49
5 7 5 0 49
4 3 0 7 49
4 3 4 7 49
5 7 0 0 50
5 7 5 0 50
4 3 0 7 50
4 3 4 7 50
7 5 0 0 51
7 5 0 5 51
3 4 7 0 51
2 6 7 4 51
7 5 0 0 52
7 5 0 5 52
3 4 7 0 52
3 4 7 4 52
5 7 0 0 53
5 7 5 0 53
4 3 0 7 53
4 3 4 7 53
5 7 0 0 54
3 4 5 0 54
3 4 5 4 54
6 2 0 8 54
2 7 8 0 54
7 5 0 0 55
7 5 0 5 55
2 7 7 0 55
5 7 0 0 56
5 7 5 0 56
7 2 0 7 56
7 5 0 0 57
7 5 0 5 57
2 7 7 0 57
7 5 0 0 58
7 5 0 5 58
2 7 7 0 58
5 7 0 0 59
5 7 5 0 59
7 2 0 7 59
7 5 0 0 60
8 4 0 5 60
3 5 7 0 60
4 8 0 0 61
4 8 4 0 61
2 8 8 0 61
8 4 0 0 62
8 4 0 4 62
2 8 8 0 62
5 6 0 0 63
5 6 5 0 63
5 3 0 6 63
5 3 5 6 63
6 5 0 0 64
5 3 0 5 64
5 3 5 5 64
3 5 6 0 64
5 6 0 0 65
5 6 5 0 65
5 3 0 6 65
5 3 5 6 65
6 5 0 0 66
6 5 0 5 66
3 5 6 0 66
3 5 6 5 66
6 5 0 0 67
6 5 0 5 67
3 5 6 0 67
3 5 6 5 67
6 5 0 0 68
6 5 0 5 68
3 5 6 0 68
3 5 6 5 68
5 6 0 0 69
5 6 5 0 69
5 3 0 6 69
5 3 5 6 69
6 5 0 0 70
6 5 0 5 70
3 5 6 0 70
3 5 6 5 70
5 6 0 0 71
5 6 5 0 71
5 3 0 6 71
5 3 5 6 71
5 6 0 0 72
5 6 5 0 72
5 3 0 6 72
5 3 5 6 72
5 6 0 0 73
3 5 5 0 73
3 5 5 5 73
5 3 0 6 73
6 5 0 0 74
6 5 0 5 74
3 5 6 0 74
3 5 6 5 74
5 6 0 0 75
5 6 5 0 75
5 3 0 6 75
5 3 5 6 75
5 6 0 0 76
5 6 5 0 76
5 3 0 6 76
5 3 5 6 76
6 5 0 0 77
6 5 0 5 77
3 5 6 0 77
3 5 6 5 77
5 6 0 0 78
5 6 5 0 78
5 3 0 6 78
5 3 5 6 78
5 6 0 0 79
5 6 5 0 79
5 3 0 6 79
5 3 5 6 79
6 5 0 0 80
6 5 0 5 80
3 5 6 0 80
3 5 6 5 80
5 6 0 0 81
5 6 5 0 81
5 3 0 6 81
5 3 5 6 81
6 5 0 0 82
6 5 0 5 82
3 5 6 0 82
3 5 6 5 82
6 5 0 0 83
3 5 0 5 83
3 5 3 5 83
3 5 6 0 83
3 5 6 5 83
5 6 0 0 84
5 6 5 0 84
5 3 0 6 84
5 3 5 6 84
5 6 0 0 85
5 6 5 0 85
5 3 0 6 85
5 3 5 6 85
6 5 0 0 86
3 5 0 5 86
5 3 3 5 86
3 5 6 0 86
5 6 0 0 87
5 6 5 0 87
5 3 0 6 87
5 3 5 6 87
6 5 0 0 88
3 5 0 5 88
3 5 3 5 88
3 5 6 0 88
3 5 6 5 88
5 6 0 0 89
5 6 5 0 89
5 3 0 6 89
5 3 5 6 89
6 5 0 0 90
3 5 0 5 90
5 3 3 5 90
3 5 6 0 90
5 6 0 0 91
5 6 5 0 91
5 3 0 6 91
5 3 5 6 91
5 6 0 0 92
5 6 5 0 92
7 4 0 6 92
5 6 0 0 93
4 7 5 0 93
5 3 0 6 93
5 3 5 7 93
6 5 0 0 94
6 5 0 5 94
4 7 6 0 94
7 4 0 0 95
7 4 0 4 95
3 5 7 0 95
3 5 7 5 95
7 4 0 0 96
7 4 0 4 96
3 5 7 0 96
3 5 7 5 96
4 7 0 0 97
4 4 4 0 97
4 4 4 4 97
7 4 0 0 98
7 4 0 4 98
3 8 7 0 98
4 7 0 0 99
4 7 4 0 99
8 3 0 7 99
7 4 0 0 100
4 4 0 4 100
4 4 4 4 100
4 7 0 0 101
4 7 4 0 101
6 3 0 7 101
7 4 0 0 102
7 4 0 4 102
3 6 7 0 102
7 4 0 0 103
7 4 0 4 103
3 6 7 0 103
4 7 0 0 104
4 4 4 0 104
4 4 4 4 104
7 4 0 0 105
7 4 0 4 105
3 6 7 0 105
4 7 0 0 106
4 4 4 0 106
4 4 4 4 106
4 7 0 0 107
4 7 4 0 107
6 3 0 7 107
7 4 0 0 108
7 4 0 4 108
3 8 7 0 108
4 7 0 0 109
4 4 4 0 109
4 4 4 4 109
7 4 0 0 110
7 4 0 4 110
3 6 7 0 110
5 5 0 0 111
5 5 0 5 111
5 5 5 0 111
5 5 5 5 111
5 5 0 0 112
5 5 0 5 112
5 5 5 0 112
5 5 5 5 112
5 5 0 0 113
5 5 0 5 113
5 5 5 0 113
5 5 5 5 113
5 5 0 0 114
5 5 0 5 114
5 5 5 0 114
5 5 5 5 114
5 5 0 0 115
5 5 0 5 115
5 5 5 0 115
5 5 5 5 115
5 5 0 0 116
5 5 0 5 116
5 5 5 0 116
5 5 5 5 116
5 5 0 0 117
5 5 0 5 117
5 5 5 0 117
5 5 5 5 117
5 5 0 0 118
5 5 0 5 118
5 5 5 0 118
5 5 5 5 118
5 5 0 0 119
5 5 0 5 119
5 5 5 0 119
5 5 5 5 119
5 5 0 0 120
5 5 0 5 120
5 5 5 0 120
5 5 5 5 120
5 5 0 0 121
5 5 0 5 121
5 5 5 0 121
5 5 5 5 121
5 5 0 0 122
5 5 0 5 122
5 5 5 0 122
5 5 5 5 122
5 5 0 0 123
5 5 0 5 123
5 5 5 0 123
5 5 5 5 123
5 5 0 0 124
5 5 0 5 124
5 5 5 0 124
5 5 5 5 124
6 4 0 0 125
4 6 0 4 125
6 4 4 4 125
4 4 6 0 125
4 6 0 0 126
4 6 4 0 126
6 4 0 6 126
4 4 6 6 126
6 4 0 0 127
4 6 0 4 127
4 6 4 4 127
4 4 6 0 127
4 6 0 0 128
6 4 0 6 128
4 6 4 0 128
4 4 6 6 128
4 6 0 0 129
4 6 4 0 129
6 4 0 6 129
4 4 6 6 129
6 4 0 0 130
4 6 0 4 130
4 6 4 4 130
4 4 6 0 130
4 6 0 0 131
4 6 4 0 131
6 4 0 6 131
4 4 6 6 131
4 6 0 0 132
6 4 0 6 132
4 6 4 0 132
4 4 6 6 132
6 4 0 0 133
6 4 0 4 133
4 4 6 0 133
4 4 6 4 133
4 6 0 0 134
4 6 4 0 134
4 4 0 6 134
4 4 4 6 134
6 4 0 0 135
6 4 0 4 135
4 6 6 0 135
4 4 6 6 135
4 6 0 0 136
4 6 4 0 136
4 4 0 6 136
4 4 4 6 136
4 6 0 0 137
6 4 0 6 137
6 4 4 0 137
4 6 6 4 137
4 6 0 0 138
4 6 4 0 138
6 4 0 6 138
6 4 0 0 139
6 4 0 4 139
4 6 6 0 139
6 4 0 0 140
4 6 0 4 140
4 6 4 4 140
6 4 0 0 141
6 4 0 4 141
4 6 6 0 141
4 6 0 0 142
6 4 0 6 142
6 3 4 0 142
3 6 6 3 142
4 6 0 0 143
4 6 4 0 143
8 3 0 6 143
6 4 0 0 144
3 7 6 0 144
7 3 0 7 144
6 3 0 4 144
3 7 0 0 145
7 3 0 7 145
3 7 3 0 145
3 7 6 0 145
3 7 0 0 146
7 3 0 7 146
3 7 3 0 146
3 6 6 0 146
7 3 0 0 147
3 7 0 3 147
3 7 3 3 147
3 7 6 3 147
7 3 0 0 148
5 4 0 3 148
5 4 5 3 148
6 3 0 7 148
4 5 0 0 149
4 5 0 5 149
5 4 4 0 149
4 5 4 4 149
5 4 0 0 150
4 5 0 4 150
5 4 4 4 150
5 4 5 0 150
4 5 0 0 151
5 4 0 5 151
5 4 4 0 151
5 4 5 4 151
4 5 0 0 152
4 5 0 5 152
5 4 4 0 152
4 5 4 4 152
5 4 0 0 153
5 4 0 4 153
4 5 5 0 153
4 5 5 5 153
5 4 0 0 154
5 4 0 4 154
5 4 5 0 154
4 5 5 4 154
4 5 0 0 155
4 5 0 5 155
4 5 4 0 155
5 4 4 5 155
4 5 0 0 156
5 4 0 5 156
4 5 4 0 156
5 4 5 5 156
5 4 0 0 157
5 4 0 4 157
5 4 5 0 157
4 5 5 4 157
5 4 0 0 158
5 4 0 4 158
5 4 5 0 158
4 5 5 4 158
5 4 0 0 159
5 4 0 4 159
4 5 5 0 159
5 4 5 5 159
5 4 0 0 160
5 4 0 4 160
4 5 5 0 160
4 5 5 5 160
5 4 0 0 161
5 4 0 4 161
4 5 5 0 161
5 4 5 5 161
5 4 0 0 162
4 5 0 4 162
5 4 4 4 162
5 4 5 0 162
4 5 0 0 163
4 5 0 5 163
4 5 4 0 163
5 4 4 5 163
4 5 0 0 164
4 5 0 5 164
4 5 4 0 164
4 5 4 5 164
4 5 0 0 165
5 4 0 5 165
5 4 4 0 165
5 4 5 4 165
4 5 0 0 166
4 5 0 5 166
5 4 4 0 166
4 5 4 4 166
4 5 0 0 167
5 4 0 5 167
5 4 4 0 167
5 4 5 4 167
4 5 0 0 168
5 4 0 5 168
5 4 4 0 168
5 4 5 4 168
4 5 0 0 169
4 5 0 5 169
4 5 4 0 169
5 4 4 5 169
4 5 0 0 170
4 5 0 5 170
4 5 4 0 170
5 4 4 5 170
4 5 0 0 171
5 4 0 5 171
5 4 4 0 171
4 5 5 4 171
4 5 0 0 172
5 4 0 5 172
5 4 4 0 172
5 4 5 4 172
5 4 0 0 173
4 5 0 4 173
