% State of a bin packing problem:
%
% Bin number: 131
% Total uncovered points: 470
% Total covered points: 12630
% Number of boxes: 1710
% Unused boxes: 0
% Runtime: 2.015002727508545
%
% Bin size:
10 10
%
% Boxes (width, height) not in some bins:
%
% Boxes (width, height, x_position, y_position, bin_id) in bins:
3 6 0 0 0
3 6 3 0 0
3 6 6 0 0
2 1 0 6 0
1 2 0 7 0
1 2 1 7 0
2 1 0 9 0
2 1 2 6 0
2 1 2 7 0
1 2 2 8 0
2 1 3 8 0
1 2 4 6 0
2 1 3 9 0
2 1 5 6 0
2 1 5 7 0
1 2 5 8 0
1 2 6 8 0
2 1 7 6 0
1 2 7 7 0
2 1 7 9 0
2 1 8 7 0
2 1 8 8 0
1 2 9 0 0
1 2 9 2 0
1 2 9 4 0
3 6 0 0 1
3 6 3 0 1
3 6 6 0 1
1 2 0 6 1
1 2 0 8 1
1 2 1 6 1
1 2 1 8 1
1 2 2 6 1
2 1 2 8 1
1 2 3 6 1
2 1 2 9 1
1 2 4 6 1
2 1 4 8 1
2 1 4 9 1
1 2 5 6 1
1 2 6 6 1
1 2 6 8 1
1 2 7 6 1
2 1 7 8 1
2 1 7 9 1
1 2 8 6 1
1 2 9 0 1
1 2 9 2 1
1 2 9 4 1
1 2 9 6 1
1 2 9 8 1
3 6 0 0 2
3 6 3 0 2
3 6 6 0 2
2 1 0 6 2
2 1 0 7 2
2 1 0 8 2
2 1 0 9 2
2 1 2 6 2
2 1 2 7 2
2 1 2 8 2
2 1 2 9 2
2 1 4 6 2
2 1 4 7 2
1 2 4 8 2
2 1 5 8 2
1 2 6 6 2
1 2 7 6 2
2 1 5 9 2
2 1 7 8 2
2 1 7 9 2
1 2 8 6 2
1 2 9 0 2
1 2 9 2 2
1 2 9 4 2
1 2 9 6 2
1 2 9 8 2
3 6 0 0 3
3 6 3 0 3
3 6 6 0 3
2 1 0 6 3
2 1 0 7 3
2 1 0 8 3
2 1 0 9 3
2 1 2 6 3
2 1 2 7 3
1 2 2 8 3
1 2 3 8 3
1 2 4 6 3
1 2 4 8 3
2 1 5 6 3
2 1 5 7 3
1 2 5 8 3
2 1 6 8 3
2 1 6 9 3
2 1 7 6 3
1 2 8 7 3
1 2 9 0 3
1 2 9 2 3
1 2 9 4 3
1 2 9 6 3
1 2 9 8 3
3 6 0 0 4
3 6 3 0 4
3 6 6 0 4
2 1 0 6 4
2 1 0 7 4
1 2 0 8 4
1 2 1 8 4
2 1 2 6 4
1 2 2 7 4
4 1 2 9 4
2 2 3 7 4
2 2 5 6 4
2 2 6 8 4
2 2 7 6 4
2 2 8 8 4
1 4 9 0 4
1 4 9 4 4
3 6 0 0 5
3 6 3 0 5
3 6 6 0 5
2 2 0 6 5
2 2 0 8 5
2 2 2 6 5
2 2 2 8 5
1 4 4 6 5
4 1 5 6 5
1 4 9 0 5
4 1 5 7 5
2 2 5 8 5
1 4 9 4 5
2 2 7 8 5
3 6 0 0 6
3 6 3 0 6
3 6 6 0 6
2 2 0 6 6
2 2 0 8 6
2 2 2 6 6
2 2 2 8 6
1 4 4 6 6
1 4 5 6 6
1 4 6 6 6
2 2 7 6 6
2 2 7 8 6
1 4 9 0 6
1 4 9 4 6
3 6 0 0 7
3 6 3 0 7
3 6 6 0 7
2 2 0 6 7
2 2 0 8 7
2 2 2 6 7
4 1 2 8 7
2 2 4 6 7
4 1 2 9 7
1 4 6 6 7
1 4 7 6 7
2 2 8 6 7
2 2 8 8 7
1 4 9 0 7
3 6 0 0 8
3 6 3 0 8
3 6 6 0 8
2 2 0 6 8
2 2 0 8 8
2 2 2 6 8
4 1 2 8 8
2 2 4 6 8
2 2 6 6 8
2 2 6 8 8
2 2 8 6 8
1 4 9 0 8
4 1 2 9 8
2 2 8 8 8
3 6 0 0 9
3 6 3 0 9
3 6 6 0 9
2 2 0 6 9
1 4 2 6 9
1 4 3 6 9
4 1 4 6 9
2 2 0 8 9
2 2 4 7 9
4 1 4 9 9
2 2 6 7 9
2 2 8 6 9
2 2 8 8 9
1 4 9 0 9
3 6 0 0 10
3 6 3 0 10
3 6 6 0 10
2 2 0 6 10
2 2 0 8 10
2 2 2 6 10
2 2 2 8 10
4 1 4 6 10
1 4 8 6 10
1 4 9 0 10
1 4 9 4 10
2 2 4 7 10
2 2 6 7 10
4 1 4 9 10
3 6 0 0 11
3 6 3 0 11
3 6 6 0 11
2 2 0 6 11
2 2 0 8 11
2 2 2 6 11
1 4 4 6 11
2 2 2 8 11
2 2 5 6 11
2 2 5 8 11
1 4 7 6 11
2 2 8 6 11
2 2 8 8 11
1 4 9 0 11
3 6 0 0 12
3 6 3 0 12
3 6 6 0 12
4 1 0 6 12
2 2 0 7 12
2 2 2 7 12
4 1 0 9 12
2 2 4 6 12
2 2 4 8 12
2 2 6 6 12
4 1 6 8 12
4 1 6 9 12
1 4 9 0 12
2 2 8 6 12
3 6 0 0 13
3 6 3 0 13
3 6 6 0 13
2 2 0 6 13
2 2 0 8 13
2 2 2 6 13
2 2 2 8 13
2 2 4 6 13
2 2 4 8 13
4 1 6 6 13
1 4 9 0 13
2 2 6 7 13
4 1 6 9 13
2 2 8 7 13
3 6 0 0 14
3 6 3 0 14
3 6 6 0 14
2 2 0 6 14
1 4 2 6 14
2 2 0 8 14
4 1 3 6 14
1 4 7 6 14
4 1 3 7 14
2 2 3 8 14
2 2 5 8 14
2 2 8 6 14
1 4 9 0 14
2 2 8 8 14
3 6 0 0 15
3 6 3 0 15
3 6 6 0 15
4 1 0 6 15
4 1 0 7 15
4 1 0 8 15
4 1 0 9 15
2 2 4 6 15
4 1 4 8 15
4 1 4 9 15
2 2 6 6 15
2 2 8 6 15
1 4 9 0 15
2 2 8 8 15
3 6 0 0 16
3 6 3 0 16
3 6 6 0 16
2 2 0 6 16
2 2 0 8 16
2 2 2 6 16
2 2 2 8 16
4 1 4 6 16
2 2 4 7 16
1 4 8 6 16
2 2 6 7 16
1 4 9 0 16
4 1 4 9 16
1 4 9 4 16
3 6 0 0 17
3 6 3 0 17
3 6 6 0 17
4 1 0 6 17
2 2 0 7 17
2 2 2 7 17
2 2 4 6 17
2 2 4 8 17
2 2 6 6 17
2 2 6 8 17
2 2 8 6 17
4 1 0 9 17
2 2 8 8 17
1 4 9 0 17
3 6 0 0 18
3 6 3 0 18
3 6 6 0 18
2 2 0 6 18
4 1 0 8 18
4 1 0 9 18
2 2 2 6 18
2 2 4 6 18
1 4 6 6 18
1 4 7 6 18
1 4 8 6 18
1 4 9 0 18
2 2 4 8 18
1 4 9 4 18
3 6 0 0 19
3 6 3 0 19
3 6 6 0 19
2 2 0 6 19
2 2 0 8 19
2 2 2 6 19
4 1 2 8 19
4 1 2 9 19
1 4 6 6 19
2 2 4 6 19
2 2 7 6 19
2 2 7 8 19
1 4 9 0 19
1 4 9 4 19
3 6 0 0 20
3 6 3 0 20
3 6 6 0 20
1 4 0 6 20
1 4 1 6 20
2 2 2 6 20
1 4 4 6 20
2 2 2 8 20
4 1 5 6 20
2 2 5 7 20
1 4 9 0 20
4 1 5 9 20
2 2 7 7 20
1 4 9 4 20
3 6 0 0 21
3 6 3 0 21
3 6 6 0 21
2 2 0 6 21
2 2 0 8 21
4 1 2 6 21
2 2 2 7 21
1 4 6 6 21
2 2 4 7 21
2 2 7 6 21
1 4 9 0 21
2 2 7 8 21
4 1 2 9 21
1 4 9 4 21
3 6 0 0 22
3 6 3 0 22
3 6 6 0 22
2 2 0 6 22
2 2 0 8 22
1 4 2 6 22
2 2 3 6 22
2 2 3 8 22
1 4 5 6 22
2 2 6 6 22
1 4 8 6 22
1 4 9 0 22
2 2 6 8 22
1 4 9 4 22
3 6 0 0 23
3 6 3 0 23
3 6 6 0 23
2 2 0 6 23
2 2 0 8 23
4 1 2 6 23
4 1 2 7 23
2 2 2 8 23
1 4 6 6 23
2 2 4 8 23
1 4 7 6 23
2 2 8 6 23
2 2 8 8 23
1 4 9 0 23
3 6 0 0 24
3 6 3 0 24
3 6 6 0 24
2 2 0 6 24
2 2 0 8 24
2 2 2 6 24
2 2 2 8 24
4 1 4 6 24
1 4 8 6 24
2 2 4 7 24
2 2 6 7 24
1 4 9 0 24
4 1 4 9 24
1 4 9 4 24
5 3 0 0 25
5 3 0 3 25
5 3 0 6 25
5 3 5 0 25
5 3 5 3 25
5 3 5 6 25
4 1 0 9 25
4 1 4 9 25
5 3 0 0 26
5 3 0 3 26
5 3 0 6 26
5 3 5 0 26
5 3 5 3 26
5 3 5 6 26
4 1 0 9 26
4 1 4 9 26
5 3 0 0 27
5 3 0 3 27
5 3 0 6 27
5 3 5 0 27
5 3 5 3 27
5 3 5 6 27
4 1 0 9 27
4 1 4 9 27
5 3 0 0 28
5 3 0 3 28
5 3 0 6 28
5 3 5 0 28
5 3 5 3 28
5 3 5 6 28
4 1 0 9 28
4 1 4 9 28
5 3 0 0 29
5 3 0 3 29
5 3 0 6 29
5 3 5 0 29
5 3 5 3 29
5 3 5 6 29
4 1 0 9 29
4 1 4 9 29
5 3 0 0 30
5 3 0 3 30
5 3 0 6 30
5 3 5 0 30
5 3 5 3 30
5 3 5 6 30
4 1 0 9 30
4 1 4 9 30
5 3 0 0 31
5 3 0 3 31
5 3 0 6 31
5 3 5 0 31
5 3 5 3 31
5 3 5 6 31
4 1 0 9 31
4 1 4 9 31
5 3 0 0 32
5 3 0 3 32
5 3 0 6 32
5 3 5 0 32
5 3 5 3 32
5 3 5 6 32
4 1 0 9 32
4 1 4 9 32
5 3 0 0 33
5 3 0 3 33
5 3 0 6 33
5 3 5 0 33
5 3 5 3 33
5 3 5 6 33
4 1 0 9 33
4 1 4 9 33
5 3 0 0 34
5 3 0 3 34
5 3 0 6 34
5 3 5 0 34
5 3 5 3 34
5 3 5 6 34
4 1 0 9 34
4 1 4 9 34
5 3 0 0 35
5 3 0 3 35
5 3 0 6 35
5 3 5 0 35
5 3 5 3 35
5 3 5 6 35
4 1 0 9 35
4 1 4 9 35
5 3 0 0 36
5 3 0 3 36
5 3 0 6 36
5 3 5 0 36
5 3 5 3 36
5 3 5 6 36
4 1 0 9 36
4 1 4 9 36
5 3 0 0 37
5 3 0 3 37
5 3 0 6 37
5 3 5 0 37
5 3 5 3 37
5 3 5 6 37
4 1 0 9 37
4 1 4 9 37
5 3 0 0 38
5 3 0 3 38
5 3 0 6 38
5 3 5 0 38
5 3 5 3 38
5 3 5 6 38
4 1 0 9 38
4 1 4 9 38
5 3 0 0 39
5 3 0 3 39
6 2 0 6 39
6 2 0 8 39
2 2 5 0 39
2 2 5 2 39
1 4 6 4 39
1 4 7 0 39
2 2 6 8 39
2 2 7 4 39
2 2 7 6 39
2 2 8 0 39
2 2 8 2 39
1 4 9 4 39
2 2 8 8 39
6 2 0 0 40
6 2 0 2 40
6 2 0 4 40
6 2 0 6 40
6 2 0 8 40
2 2 6 0 40
1 4 6 2 40
1 4 6 6 40
2 2 7 2 40
1 4 7 4 40
2 2 7 8 40
2 2 8 0 40
2 2 8 4 40
1 4 9 6 40
6 2 0 0 41
6 2 0 2 41
6 2 0 4 41
6 2 0 6 41
6 2 0 8 41
2 2 6 0 41
2 2 6 2 41
2 2 6 4 41
2 2 6 6 41
2 2 6 8 41
2 2 8 0 41
2 2 8 2 41
2 2 8 4 41
2 2 8 6 41
2 2 8 8 41
6 2 0 0 42
6 2 0 2 42
6 2 0 4 42
6 2 0 6 42
6 2 0 8 42
2 2 6 0 42
2 2 6 2 42
1 4 6 4 42
1 4 7 4 42
2 2 6 8 42
2 2 8 0 42
1 4 8 2 42
2 2 8 6 42
1 4 9 2 42
2 2 8 8 42
6 2 0 0 43
6 2 0 2 43
6 2 0 4 43
6 2 0 6 43
6 2 0 8 43
2 2 6 0 43
1 4 6 2 43
1 4 6 6 43
1 4 7 2 43
2 2 7 6 43
2 2 7 8 43
2 2 8 0 43
2 2 8 2 43
1 4 9 4 43
6 2 0 0 44
6 2 0 2 44
6 2 0 4 44
6 2 0 6 44
6 2 0 8 44
1 4 6 0 44
2 2 6 4 44
2 2 6 6 44
2 2 6 8 44
2 2 7 0 44
1 4 8 2 44
1 4 8 6 44
1 4 9 0 44
1 4 9 4 44
6 2 0 0 45
6 2 0 2 45
6 2 0 4 45
6 2 0 6 45
6 2 0 8 45
2 2 6 0 45
2 2 6 2 45
2 2 6 4 45
2 2 6 6 45
2 2 6 8 45
2 2 8 0 45
2 2 8 2 45
2 2 8 4 45
2 2 8 6 45
2 2 8 8 45
6 2 0 0 46
6 2 0 2 46
6 2 0 4 46
6 2 0 6 46
6 2 0 8 46
2 2 6 0 46
2 2 6 2 46
1 4 6 4 46
1 4 7 4 46
2 2 6 8 46
1 4 8 0 46
2 2 8 4 46
1 4 8 6 46
1 4 9 0 46
1 4 9 6 46
6 2 0 0 47
6 2 0 2 47
6 2 0 4 47
6 2 0 6 47
6 2 0 8 47
2 2 6 0 47
2 2 6 2 47
2 2 6 4 47
2 2 6 6 47
2 2 6 8 47
1 4 8 0 47
2 2 8 4 47
1 4 8 6 47
1 4 9 0 47
1 4 9 6 47
6 2 0 0 48
6 2 0 2 48
6 2 0 4 48
6 2 0 6 48
6 2 0 8 48
2 2 6 0 48
2 2 6 2 48
2 2 6 4 48
2 2 6 6 48
1 4 8 0 48
2 2 6 8 48
1 4 8 4 48
1 4 9 0 48
2 2 8 8 48
1 4 9 4 48
6 2 0 0 49
6 2 0 2 49
6 2 0 4 49
6 2 0 6 49
6 2 0 8 49
2 2 6 0 49
2 2 6 2 49
1 4 6 4 49
2 2 6 8 49
1 4 7 4 49
2 2 8 0 49
2 2 8 2 49
1 4 8 4 49
1 4 9 4 49
2 2 8 8 49
6 2 0 0 50
6 2 0 2 50
6 2 0 4 50
6 2 0 6 50
6 2 0 8 50
2 2 6 0 50
4 1 6 2 50
1 4 6 3 50
2 2 6 7 50
2 2 7 3 50
1 4 8 5 50
2 2 8 0 50
1 4 9 3 50
4 1 6 9 50
6 2 0 0 51
6 2 0 2 51
6 2 0 4 51
6 2 0 6 51
6 2 0 8 51
1 4 6 0 51
2 2 6 4 51
2 2 6 6 51
1 4 7 0 51
2 2 6 8 51
1 4 8 0 51
1 4 8 4 51
2 2 8 8 51
1 4 9 0 51
1 4 9 4 51
6 2 0 0 52
6 2 0 2 52
6 2 0 4 52
6 2 0 6 52
6 2 0 8 52
2 2 6 0 52
2 2 6 2 52
2 2 6 4 52
2 2 6 6 52
4 1 6 8 52
2 2 8 0 52
4 1 6 9 52
2 2 8 2 52
2 2 8 4 52
2 2 8 6 52
6 2 0 0 53
6 2 0 2 53
6 2 0 4 53
6 2 0 6 53
6 2 0 8 53
4 1 6 0 53
4 1 6 1 53
2 2 6 2 53
2 2 6 4 53
2 2 6 6 53
1 4 8 2 53
4 1 6 8 53
2 2 8 6 53
4 1 6 9 53
1 4 9 2 53
6 2 0 0 54
6 2 0 2 54
6 2 0 4 54
6 2 0 6 54
6 2 0 8 54
2 2 6 0 54
2 2 6 2 54
2 2 6 4 54
4 1 6 6 54
1 4 8 0 54
2 2 6 7 54
2 2 8 4 54
1 4 9 0 54
2 2 8 7 54
4 1 6 9 54
6 2 0 0 55
6 2 0 2 55
6 2 0 4 55
6 2 0 6 55
6 2 0 8 55
2 2 6 0 55
2 2 6 2 55
2 2 6 4 55
2 2 6 6 55
2 2 6 8 55
2 2 8 0 55
2 2 8 2 55
1 4 8 4 55
2 2 8 8 55
1 4 9 4 55
6 2 0 0 56
2 5 0 2 56
2 5 2 2 56
2 5 4 2 56
2 5 6 0 56
2 5 6 5 56
2 5 8 0 56
2 5 8 5 56
2 2 0 7 56
2 2 2 7 56
2 2 4 7 56
4 1 0 9 56
2 5 0 0 57
2 5 0 5 57
2 5 2 0 57
2 5 2 5 57
2 5 4 0 57
2 5 4 5 57
2 5 6 0 57
2 5 6 5 57
2 5 8 0 57
2 5 8 5 57
2 5 0 0 58
2 5 0 5 58
2 5 2 0 58
2 5 2 5 58
2 5 4 0 58
2 5 4 5 58
2 5 6 0 58
2 5 6 5 58
2 5 8 0 58
2 5 8 5 58
2 5 0 0 59
2 5 0 5 59
2 5 2 0 59
2 5 2 5 59
2 5 4 0 59
2 5 4 5 59
2 5 6 0 59
2 5 6 5 59
2 5 8 0 59
2 5 8 5 59
2 5 0 0 60
2 5 0 5 60
2 5 2 0 60
2 5 2 5 60
2 5 4 0 60
2 5 4 5 60
2 5 6 0 60
2 5 6 5 60
2 5 8 0 60
2 5 8 5 60
2 5 0 0 61
2 5 0 5 61
2 5 2 0 61
2 5 2 5 61
2 5 4 0 61
2 5 4 5 61
2 5 6 0 61
2 5 6 5 61
2 5 8 0 61
2 5 8 5 61
2 5 0 0 62
2 5 0 5 62
2 5 2 0 62
2 5 2 5 62
2 5 4 0 62
2 5 4 5 62
2 5 6 0 62
2 5 6 5 62
2 5 8 0 62
2 5 8 5 62
2 5 0 0 63
2 5 0 5 63
2 5 2 0 63
2 5 2 5 63
2 5 4 0 63
2 5 4 5 63
2 5 6 0 63
2 5 6 5 63
2 5 8 0 63
2 5 8 5 63
2 5 0 0 64
2 5 0 5 64
2 5 2 0 64
2 5 2 5 64
2 5 4 0 64
2 5 4 5 64
2 5 6 0 64
2 5 6 5 64
2 5 8 0 64
2 5 8 5 64
2 5 0 0 65
2 5 0 5 65
2 5 2 0 65
2 5 2 5 65
2 2 4 0 65
1 4 4 2 65
1 4 4 6 65
1 4 5 2 65
2 2 5 6 65
2 2 5 8 65
2 2 6 0 65
1 4 6 2 65
2 2 7 2 65
2 2 7 4 65
2 2 7 6 65
2 2 7 8 65
1 4 9 0 65
1 4 9 4 65
1 9 0 0 66
3 3 1 0 66
3 3 1 3 66
3 3 1 6 66
9 1 0 9 66
2 2 4 0 66
2 2 4 2 66
4 1 4 4 66
1 4 4 5 66
2 2 5 5 66
2 2 5 7 66
2 2 6 0 66
2 2 6 2 66
2 2 7 5 66
1 4 8 0 66
1 4 9 0 66
2 2 7 7 66
1 4 9 4 66
9 1 0 0 67
9 1 0 1 67
9 1 0 2 67
9 1 0 3 67
9 1 0 4 67
3 3 0 5 67
9 1 0 8 67
3 3 3 5 67
9 1 0 9 67
3 3 6 5 67
1 9 9 0 67
9 1 0 0 68
9 1 0 1 68
9 1 0 2 68
9 1 0 3 68
3 3 0 4 68
1 9 9 0 68
9 1 0 7 68
9 1 0 8 68
9 1 0 9 68
2 2 3 4 68
4 1 3 6 68
2 2 5 4 68
2 2 7 4 68
3 3 0 0 69
9 1 0 3 69
9 1 0 4 69
9 1 0 5 69
1 9 9 0 69
9 1 0 6 69
9 1 0 7 69
4 1 0 8 69
2 2 3 0 69
2 2 4 8 69
2 2 5 0 69
4 1 0 9 69
2 2 6 8 69
2 2 7 0 69
4 1 3 2 69
3 3 0 0 70
9 1 0 3 70
1 9 9 0 70
9 1 0 4 70
9 1 0 5 70
3 3 0 6 70
9 1 0 9 70
2 2 3 0 70
2 2 3 6 70
3 3 5 0 70
3 3 5 6 70
9 1 0 0 71
9 1 0 1 71
1 9 9 0 71
9 1 0 2 71
9 1 0 3 71
2 2 0 4 71
2 2 0 6 71
2 2 0 8 71
2 2 2 4 71
1 4 2 6 71
2 2 3 6 71
2 2 3 8 71
1 4 5 4 71
2 2 5 8 71
2 2 6 4 71
2 2 6 6 71
2 2 7 8 71
1 4 8 4 71
9 1 0 0 72
9 1 0 1 72
3 3 0 2 72
1 9 9 0 72
9 1 0 5 72
3 3 0 6 72
9 1 0 9 72
2 2 3 2 72
2 2 3 6 72
2 2 5 2 72
4 1 3 4 72
2 2 5 6 72
2 2 7 2 72
2 2 7 6 72
4 1 3 8 72
3 3 0 0 73
9 1 0 3 73
9 1 0 4 73
9 1 0 5 73
3 3 0 6 73
9 1 0 9 73
4 1 3 0 73
1 4 9 0 73
2 2 3 1 73
1 4 9 4 73
2 2 3 6 73
2 2 5 1 73
2 2 5 6 73
2 2 7 0 73
2 2 7 6 73
4 1 3 8 73
9 1 0 0 74
9 1 0 1 74
9 1 0 2 74
1 9 9 0 74
1 4 0 3 74
1 4 1 3 74
2 2 0 7 74
2 2 2 3 74
2 2 2 5 74
2 2 2 7 74
1 4 4 3 74
2 2 4 7 74
2 2 5 3 74
2 2 5 5 74
2 2 6 7 74
2 2 7 3 74
2 2 7 5 74
9 1 0 9 74
9 1 0 0 75
9 1 0 1 75
1 9 9 0 75
9 1 0 2 75
2 2 0 3 75
2 2 0 5 75
1 4 2 3 75
2 2 0 7 75
2 2 2 7 75
2 2 3 3 75
2 2 3 5 75
2 2 4 7 75
1 4 5 3 75
1 4 6 3 75
2 2 6 7 75
2 2 7 3 75
4 1 0 9 75
2 2 7 5 75
5 1 4 9 75
3 3 0 0 76
9 1 0 3 76
1 9 9 0 76
9 1 0 4 76
9 1 0 5 76
5 1 0 6 76
9 1 0 7 76
9 1 0 8 76
9 1 0 9 76
5 1 3 0 76
5 1 3 1 76
5 1 3 2 76
9 1 0 0 77
9 1 0 1 77
9 1 0 2 77
9 1 0 3 77
9 1 0 4 77
9 1 0 5 77
9 1 0 6 77
9 1 0 7 77
1 9 9 0 77
9 1 0 8 77
9 1 0 9 77
3 3 0 0 78
1 9 3 0 78
9 1 0 9 78
1 5 0 3 78
5 1 4 0 78
1 5 1 3 78
1 5 2 3 78
5 1 4 1 78
5 1 4 2 78
1 5 4 3 78
1 5 5 3 78
1 5 6 3 78
5 1 4 8 78
3 3 7 3 78
3 2 7 6 78
9 1 0 0 79
9 1 0 1 79
9 1 0 2 79
9 1 0 3 79
9 1 0 4 79
9 1 0 5 79
9 1 0 6 79
3 3 0 7 79
5 1 3 7 79
1 5 9 0 79
5 1 3 8 79
1 5 9 5 79
5 1 3 9 79
3 3 0 0 80
9 1 0 3 80
1 9 9 0 80
9 1 0 4 80
9 1 0 5 80
9 1 0 6 80
5 1 0 7 80
5 1 0 8 80
5 1 0 9 80
5 1 3 0 80
3 3 5 7 80
5 1 3 1 80
5 1 3 2 80
9 1 0 0 81
9 1 0 1 81
1 9 9 0 81
1 5 0 2 81
1 5 1 2 81
1 5 2 2 81
5 1 0 7 81
1 5 3 2 81
5 1 0 8 81
1 5 4 2 81
5 1 0 9 81
1 5 5 2 81
1 5 6 2 81
1 5 7 2 81
1 5 8 2 81
3 3 5 7 81
1 9 0 0 82
9 1 0 9 82
9 1 1 0 82
1 9 9 1 82
1 5 1 1 82
5 1 1 6 82
5 1 1 7 82
1 5 2 1 82
1 5 3 1 82
1 5 4 1 82
5 1 1 8 82
1 5 5 1 82
1 5 6 1 82
3 3 6 6 82
1 5 7 1 82
1 5 8 1 82
9 1 0 0 83
9 1 0 1 83
9 1 0 2 83
9 1 0 3 83
3 3 0 4 83
9 1 0 7 83
3 3 3 4 83
9 1 0 8 83
9 1 0 9 83
1 9 9 0 83
3 3 6 4 83
9 1 0 0 84
9 1 0 1 84
1 9 9 0 84
9 1 0 2 84
9 1 0 3 84
9 1 0 4 84
9 1 0 5 84
9 1 0 6 84
5 1 0 7 84
5 1 0 8 84
5 1 0 9 84
3 3 5 7 84
9 1 0 0 85
3 3 0 1 85
9 1 0 4 85
9 1 0 5 85
3 3 0 6 85
1 9 9 0 85
9 1 0 9 85
5 1 3 1 85
3 3 3 6 85
3 3 6 6 85
5 1 3 2 85
5 1 3 3 85
9 1 0 0 86
9 1 0 1 86
1 9 9 0 86
9 1 0 2 86
9 1 0 3 86
9 1 0 4 86
9 1 0 5 86
9 1 0 6 86
9 1 0 7 86
9 1 0 8 86
9 1 0 9 86
3 3 0 0 87
9 1 0 3 87
9 1 0 4 87
3 3 0 5 87
1 9 9 0 87
3 3 3 0 87
5 1 0 8 87
1 5 5 5 87
5 1 0 9 87
1 5 6 5 87
1 5 7 5 87
1 5 8 5 87
3 3 6 0 87
2 3 3 5 87
9 1 0 0 88
9 1 0 1 88
9 1 0 2 88
9 1 0 3 88
9 1 0 4 88
9 1 0 5 88
1 9 9 0 88
9 1 0 6 88
9 1 0 7 88
9 1 0 8 88
9 1 0 9 88
3 3 0 0 89
9 1 0 3 89
9 1 0 4 89
1 9 9 0 89
9 1 0 5 89
9 1 0 6 89
3 3 0 7 89
5 1 3 0 89
3 3 3 7 89
3 3 6 7 89
5 1 3 1 89
5 1 3 2 89
1 9 0 0 90
1 9 1 0 90
9 1 0 9 90
1 9 2 0 90
3 3 3 0 90
1 5 3 3 90
1 5 4 3 90
1 5 5 3 90
1 5 6 0 90
1 5 7 0 90
1 5 8 0 90
1 5 9 0 90
1 5 9 5 90
3 3 6 5 90
5 1 3 8 90
9 1 0 0 91
1 9 0 1 91
9 1 1 1 91
9 1 1 2 91
9 1 1 3 91
1 5 1 4 91
5 1 1 9 91
5 1 2 4 91
5 1 2 5 91
5 1 2 6 91
1 5 7 4 91
1 5 8 4 91
1 5 9 4 91
5 1 2 7 91
5 1 2 8 91
1 9 0 0 92
9 1 0 9 92
9 1 1 0 92
9 1 1 1 92
3 3 1 2 92
9 1 1 5 92
9 1 1 6 92
9 1 1 7 92
9 1 1 8 92
5 1 4 2 92
5 1 4 3 92
5 1 4 4 92
1 9 0 0 93
3 3 1 0 93
1 9 4 0 93
9 1 0 9 93
5 1 5 0 93
1 5 1 3 93
5 1 5 1 93
5 1 5 2 93
1 5 2 3 93
5 1 5 3 93
5 1 5 4 93
1 5 3 3 93
1 5 9 5 93
3 3 5 5 93
9 1 0 0 94
9 1 0 1 94
9 1 0 2 94
9 1 0 3 94
9 1 0 4 94
1 9 9 0 94
1 5 0 5 94
1 5 1 5 94
5 1 2 5 94
1 5 7 5 94
1 5 8 5 94
5 1 2 6 94
5 1 2 7 94
5 1 2 8 94
5 1 2 9 94
1 9 0 0 95
9 1 0 9 95
9 1 1 0 95
1 9 9 1 95
1 5 1 1 95
5 1 1 6 95
1 5 2 1 95
5 1 1 7 95
1 5 3 1 95
5 1 1 8 95
5 1 4 1 95
5 1 4 2 95
5 1 4 3 95
5 1 4 4 95
3 3 6 5 95
9 1 0 0 96
9 1 0 1 96
9 1 0 2 96
9 1 0 3 96
3 3 0 4 96
1 9 9 0 96
3 3 0 7 96
1 5 3 4 96
1 5 4 4 96
1 5 5 4 96
5 1 3 9 96
1 5 6 4 96
1 5 7 4 96
1 5 8 4 96
9 1 0 0 97
9 1 0 1 97
9 1 0 2 97
1 9 9 0 97
9 1 0 3 97
9 1 0 4 97
9 1 0 5 97
5 1 0 6 97
9 1 0 7 97
9 1 0 8 97
9 1 0 9 97
9 1 0 0 98
3 3 0 1 98
3 3 0 4 98
3 3 0 7 98
3 3 3 1 98
5 1 3 4 98
1 5 3 5 98
5 1 4 5 98
1 5 9 0 98
5 1 4 6 98
1 5 9 5 98
5 1 4 7 98
3 3 6 1 98
5 1 4 8 98
5 1 4 9 98
9 1 0 0 99
1 9 0 1 99
9 1 1 1 99
1 5 1 2 99
1 5 2 2 99
5 1 1 7 99
5 1 1 8 99
1 5 3 2 99
5 1 1 9 99
1 5 4 2 99
1 5 5 2 99
3 3 6 2 99
3 3 6 5 99
1 5 9 2 99
3 2 6 8 99
9 1 0 0 100
9 1 0 1 100
9 1 0 2 100
9 1 0 3 100
9 1 0 4 100
9 1 0 5 100
1 9 9 0 100
9 1 0 6 100
5 1 0 7 100
5 1 0 8 100
9 1 0 9 100
3 2 5 7 100
1 9 0 0 101
1 9 1 0 101
9 1 0 9 101
5 1 2 0 101
1 5 2 1 101
1 5 3 1 101
5 1 2 6 101
5 1 2 7 101
1 5 4 1 101
5 1 2 8 101
5 1 5 1 101
1 5 7 2 101
1 5 8 2 101
1 5 9 2 101
2 3 5 2 101
3 2 7 7 101
9 1 0 0 102
3 3 0 1 102
3 3 0 4 102
9 1 0 7 102
9 1 0 8 102
3 3 3 1 102
9 1 0 9 102
5 1 3 4 102
1 5 8 1 102
5 1 3 5 102
5 1 3 6 102
1 9 9 0 102
2 3 6 1 102
9 1 0 0 103
9 1 0 1 103
3 3 0 2 103
9 1 0 5 103
1 9 9 0 103
3 3 0 6 103
9 1 0 9 103
5 1 3 2 103
3 3 3 6 103
3 3 6 6 103
5 1 3 3 103
5 1 3 4 103
9 1 0 0 104
1 9 0 1 104
9 1 1 1 104
9 1 1 2 104
9 1 1 3 104
3 3 1 4 104
9 1 1 7 104
9 1 1 8 104
9 1 1 9 104
5 1 4 4 104
5 1 4 5 104
3 3 0 0 105
3 3 0 3 105
9 1 0 6 105
1 9 9 0 105
1 5 3 0 105
2 3 0 7 105
3 2 2 7 105
3 2 4 0 105
3 2 4 2 105
2 3 5 7 105
3 2 4 4 105
2 3 7 0 105
2 3 7 3 105
2 3 7 7 105
3 3 0 0 106
9 1 0 3 106
9 1 0 4 106
1 9 9 0 106
9 1 0 5 106
9 1 0 6 106
9 1 0 7 106
3 2 0 8 106
3 2 3 0 106
3 2 3 8 106
3 2 6 0 106
3 2 6 8 106
3 3 0 0 107
9 1 0 3 107
9 1 0 4 107
9 1 0 5 107
9 1 0 6 107
9 1 0 7 107
3 3 3 0 107
1 9 9 0 107
3 3 6 0 107
9 1 0 8 107
9 1 0 9 107
1 9 0 0 108
9 1 0 9 108
9 1 1 0 108
9 1 1 1 108
3 3 1 2 108
2 3 1 5 108
3 2 3 5 108
2 3 4 2 108
2 3 6 2 108
3 2 3 7 108
2 3 6 5 108
2 3 8 2 108
2 3 8 5 108
9 1 0 0 109
1 9 0 1 109
9 1 1 1 109
9 1 1 2 109
9 1 1 3 109
9 1 1 4 109
9 1 1 5 109
9 1 1 6 109
9 1 1 7 109
3 2 1 8 109
3 2 4 8 109
3 2 7 8 109
3 3 0 0 110
9 1 0 3 110
1 9 9 0 110
9 1 0 4 110
3 2 0 5 110
2 3 0 7 110
2 3 2 7 110
2 3 3 0 110
3 2 3 5 110
3 2 4 7 110
2 3 5 0 110
2 3 7 0 110
3 2 6 5 110
2 3 7 7 110
9 1 0 0 111
1 9 0 1 111
3 3 1 1 111
9 1 1 4 111
9 1 1 5 111
9 1 1 6 111
9 1 1 7 111
9 1 1 8 111
9 1 1 9 111
2 3 4 1 111
3 2 6 1 111
1 9 0 0 112
9 1 0 9 112
9 1 1 0 112
9 1 1 1 112
3 2 1 2 112
2 3 1 4 112
3 2 1 7 112
3 2 3 4 112
3 2 4 2 112
3 2 4 6 112
2 3 7 2 112
3 2 7 5 112
3 2 7 7 112
9 1 0 0 113
9 1 0 1 113
9 1 0 2 113
1 9 9 0 113
3 2 0 3 113
2 3 0 5 113
2 3 2 5 113
2 3 4 3 113
3 2 0 8 113
2 3 4 6 113
3 2 6 3 113
2 3 6 5 113
3 2 6 8 113
9 1 0 0 114
3 3 0 1 114
3 3 0 4 114
3 3 0 7 114
3 3 3 1 114
2 3 3 4 114
3 2 3 7 114
2 3 5 4 114
3 2 6 1 114
3 2 6 7 114
2 3 7 3 114
1 9 9 0 114
9 1 0 0 115
9 1 0 1 115
9 1 0 2 115
9 1 0 3 115
9 1 0 4 115
9 1 0 5 115
9 1 0 6 115
9 1 0 7 115
9 1 0 8 115
9 1 0 9 115
1 9 9 0 115
3 3 0 0 116
9 1 0 3 116
3 3 0 4 116
3 3 0 7 116
3 2 3 0 116
2 3 3 4 116
3 2 3 7 116
2 3 5 4 116
3 2 6 0 116
3 2 6 7 116
2 3 7 4 116
1 9 9 0 116
9 1 0 0 117
3 3 0 1 117
3 3 0 4 117
3 3 0 7 117
3 2 3 1 117
3 2 3 3 117
2 3 3 5 117
3 2 3 8 117
2 3 5 5 117
2 3 6 1 117
2 3 7 4 117
2 3 7 7 117
2 3 8 1 117
9 1 0 0 118
3 3 0 1 118
9 1 0 4 118
3 3 0 5 118
3 3 3 1 118
9 1 0 8 118
9 1 0 9 118
3 2 3 5 118
2 3 6 1 118
3 3 6 5 118
1 9 9 0 118
9 1 0 0 119
9 1 0 1 119
9 1 0 2 119
9 1 0 3 119
9 1 0 4 119
3 3 0 5 119
9 1 0 8 119
1 9 9 0 119
4 2 3 5 119
9 1 0 9 119
9 1 0 0 120
3 3 0 1 120
9 1 0 4 120
1 9 9 0 120
9 1 0 5 120
3 3 0 6 120
9 1 0 9 120
3 3 3 1 120
3 3 3 6 120
3 3 6 1 120
3 3 6 6 120
9 1 0 0 121
9 1 0 1 121
9 1 0 2 121
9 1 0 3 121
9 1 0 4 121
1 9 9 0 121
4 2 0 5 121
4 2 0 7 121
4 2 4 5 121
4 2 4 7 121
9 1 0 9 121
1 9 0 0 122
9 1 0 9 122
1 9 1 0 122
1 9 2 0 122
2 4 3 0 122
4 2 3 4 122
2 4 5 0 122
4 2 3 6 122
2 4 7 0 122
3 3 7 4 122
1 9 0 0 123
9 1 0 9 123
9 1 1 0 123
9 1 1 1 123
4 2 1 2 123
4 2 1 4 123
4 2 1 6 123
4 2 5 2 123
4 2 5 4 123
9 1 1 8 123
4 2 5 6 123
3 3 0 0 124
9 1 0 3 124
9 1 0 4 124
1 9 9 0 124
9 1 0 5 124
9 1 0 6 124
9 1 0 7 124
9 1 0 8 124
9 1 0 9 124
4 2 3 0 124
9 1 0 0 125
9 1 0 1 125
1 9 9 0 125
2 4 0 2 125
2 4 0 6 125
2 4 2 2 125
2 4 2 6 125
2 4 4 2 125
2 4 4 6 125
2 4 6 2 125
2 4 6 6 125
2 4 0 0 126
2 4 0 4 126
4 2 0 8 126
4 2 2 0 126
4 2 2 2 126
2 4 2 4 126
2 4 4 4 126
2 4 6 0 126
2 4 6 4 126
4 2 4 8 126
2 4 8 0 126
2 4 8 4 126
4 2 0 0 127
2 4 0 2 127
4 2 0 6 127
4 2 0 8 127
4 2 2 2 127
2 4 4 4 127
2 4 6 0 127
2 4 6 4 127
2 4 8 0 127
4 2 4 8 127
2 4 8 4 127
2 4 0 0 128
2 4 0 4 128
4 2 0 8 128
4 2 2 0 128
4 2 2 2 128
2 4 2 4 128
2 4 4 4 128
2 4 6 0 128
2 4 6 4 128
2 4 8 0 128
4 2 4 8 128
2 4 8 4 128
4 2 0 0 129
2 4 0 2 129
2 4 0 6 129
4 2 2 2 129
4 2 2 4 129
2 4 2 6 129
4 2 4 0 129
2 4 4 6 129
4 2 6 2 129
4 2 6 4 129
4 2 6 6 129
4 2 6 8 129
2 4 0 0 130
2 4 0 4 130
2 4 2 0 130
2 4 2 4 130
4 2 0 8 130
4 2 4 0 130
4 2 4 2 130
