% State of a bin packing problem:
%
% Bin number: 618
% Total uncovered points: 7600
% Total covered points: 54200
% Number of boxes: 1786
% Unused boxes: 0
% Runtime: 46.27000117301941
%
% Bin size:
10 10
%
% Boxes (width, height) not in some bins:
%
% Boxes (width, height, x_position, y_position, bin_id) in bins:
10 10 0 0 0
10 10 0 0 1
10 10 0 0 2
10 10 0 0 3
10 10 0 0 4
10 10 0 0 5
10 10 0 0 6
10 10 0 0 7
10 10 0 0 8
10 10 0 0 9
10 10 0 0 10
10 10 0 0 11
10 10 0 0 12
10 10 0 0 13
10 10 0 0 14
10 10 0 0 15
10 10 0 0 16
10 10 0 0 17
10 10 0 0 18
10 10 0 0 19
9 10 0 0 20
1 1 9 0 20
1 1 9 1 20
1 1 9 2 20
1 1 9 3 20
1 1 9 4 20
1 1 9 5 20
1 1 9 6 20
1 1 9 7 20
1 1 9 8 20
1 1 9 9 20
9 10 0 0 21
1 1 9 0 21
1 1 9 1 21
1 1 9 2 21
1 1 9 3 21
1 1 9 4 21
1 2 9 5 21
1 2 9 7 21
9 10 0 0 22
1 2 9 0 22
1 2 9 2 22
1 2 9 4 22
1 2 9 6 22
1 2 9 8 22
9 10 0 0 23
1 2 9 0 23
1 2 9 2 23
1 2 9 4 23
1 2 9 6 23
1 2 9 8 23
10 9 0 0 24
2 1 0 9 24
2 1 2 9 24
2 1 4 9 24
2 1 6 9 24
2 1 8 9 24
10 9 0 0 25
2 1 0 9 25
2 1 2 9 25
2 1 4 9 25
2 1 6 9 25
2 1 8 9 25
9 10 0 0 26
1 3 9 0 26
1 3 9 3 26
1 3 9 6 26
9 10 0 0 27
1 3 9 0 27
1 3 9 3 27
1 3 9 6 27
10 9 0 0 28
2 1 0 9 28
2 1 2 9 28
2 1 4 9 28
2 1 6 9 28
2 1 8 9 28
9 10 0 0 29
1 3 9 0 29
1 3 9 3 29
1 3 9 6 29
9 10 0 0 30
1 3 9 0 30
1 3 9 3 30
1 3 9 6 30
9 10 0 0 31
1 3 9 0 31
1 3 9 3 31
1 3 9 6 31
9 10 0 0 32
1 3 9 0 32
1 3 9 3 32
1 3 9 6 32
10 9 0 0 33
2 1 0 9 33
2 1 2 9 33
3 1 4 9 33
3 1 7 9 33
10 9 0 0 34
3 1 0 9 34
3 1 3 9 34
3 1 6 9 34
9 10 0 0 35
1 3 9 0 35
1 3 9 3 35
1 3 9 6 35
10 9 0 0 36
3 1 0 9 36
3 1 3 9 36
3 1 6 9 36
10 9 0 0 37
3 1 0 9 37
3 1 3 9 37
3 1 6 9 37
10 9 0 0 38
3 1 0 9 38
3 1 3 9 38
3 1 6 9 38
10 9 0 0 39
3 1 0 9 39
3 1 3 9 39
3 1 6 9 39
10 9 0 0 40
3 1 0 9 40
3 1 3 9 40
3 1 6 9 40
10 9 0 0 41
3 1 0 9 41
3 1 3 9 41
3 1 6 9 41
10 9 0 0 42
3 1 0 9 42
3 1 3 9 42
3 1 6 9 42
10 9 0 0 43
3 1 0 9 43
3 1 3 9 43
3 1 6 9 43
9 10 0 0 44
1 3 9 0 44
1 3 9 3 44
1 3 9 6 44
9 10 0 0 45
1 4 9 0 45
1 4 9 4 45
9 10 0 0 46
1 4 9 0 46
1 4 9 4 46
10 9 0 0 47
4 1 0 9 47
4 1 4 9 47
10 9 0 0 48
4 1 0 9 48
4 1 4 9 48
10 9 0 0 49
4 1 0 9 49
4 1 4 9 49
10 9 0 0 50
4 1 0 9 50
4 1 4 9 50
9 10 0 0 51
1 4 9 0 51
1 4 9 4 51
10 9 0 0 52
4 1 0 9 52
4 1 4 9 52
9 10 0 0 53
1 4 9 0 53
1 4 9 4 53
10 9 0 0 54
4 1 0 9 54
4 1 4 9 54
9 10 0 0 55
1 4 9 0 55
1 5 9 4 55
10 9 0 0 56
4 1 0 9 56
4 1 4 9 56
9 10 0 0 57
1 5 9 0 57
1 5 9 5 57
9 10 0 0 58
1 5 9 0 58
1 5 9 5 58
10 9 0 0 59
4 1 0 9 59
4 1 4 9 59
9 9 0 0 60
4 1 0 9 60
4 1 4 9 60
1 5 9 0 60
1 5 9 5 60
9 9 0 0 61
4 1 0 9 61
4 1 4 9 61
1 5 9 0 61
1 5 9 5 61
9 9 0 0 62
4 1 0 9 62
4 1 4 9 62
1 5 9 0 62
1 5 9 5 62
9 9 0 0 63
4 1 0 9 63
5 1 4 9 63
1 5 9 0 63
1 5 9 5 63
9 9 0 0 64
5 1 0 9 64
5 1 5 9 64
1 5 9 0 64
9 9 0 0 65
5 1 0 9 65
5 1 5 9 65
1 5 9 0 65
9 9 0 0 66
5 1 0 9 66
5 1 5 9 66
1 5 9 0 66
9 9 0 0 67
5 1 0 9 67
5 1 5 9 67
1 5 9 0 67
9 9 0 0 68
5 1 0 9 68
5 1 5 9 68
1 5 9 0 68
9 9 0 0 69
5 1 0 9 69
5 1 5 9 69
1 5 9 0 69
9 9 0 0 70
5 1 0 9 70
5 1 5 9 70
1 6 9 0 70
9 9 0 0 71
5 1 0 9 71
5 1 5 9 71
1 6 9 0 71
9 9 0 0 72
5 1 0 9 72
5 1 5 9 72
1 6 9 0 72
9 9 0 0 73
5 1 0 9 73
5 1 5 9 73
1 6 9 0 73
9 9 0 0 74
5 1 0 9 74
5 1 5 9 74
1 6 9 0 74
9 9 0 0 75
6 1 0 9 75
1 6 9 0 75
9 9 0 0 76
6 1 0 9 76
1 6 9 0 76
9 9 0 0 77
6 1 0 9 77
1 6 9 0 77
9 9 0 0 78
6 1 0 9 78
1 6 9 0 78
9 9 0 0 79
6 1 0 9 79
1 6 9 0 79
8 10 0 0 80
2 2 8 0 80
2 2 8 2 80
2 2 8 4 80
2 2 8 6 80
2 2 8 8 80
10 8 0 0 81
2 2 0 8 81
2 2 2 8 81
2 2 4 8 81
2 2 6 8 81
2 2 8 8 81
10 8 0 0 82
2 2 0 8 82
2 2 2 8 82
2 2 4 8 82
2 2 6 8 82
2 2 8 8 82
8 10 0 0 83
2 3 8 0 83
2 3 8 3 83
2 3 8 6 83
8 10 0 0 84
2 3 8 0 84
2 3 8 3 84
2 3 8 6 84
8 10 0 0 85
1 6 8 0 85
2 3 8 6 85
1 6 9 0 85
8 10 0 0 86
1 6 8 0 86
2 3 8 6 86
1 6 9 0 86
8 10 0 0 87
2 3 8 0 87
2 3 8 3 87
2 3 8 6 87
8 10 0 0 88
1 6 8 0 88
1 6 9 0 88
2 3 8 6 88
10 8 0 0 89
3 2 0 8 89
3 2 3 8 89
3 2 6 8 89
10 8 0 0 90
3 2 0 8 90
6 1 3 8 90
6 1 3 9 90
8 10 0 0 91
1 6 8 0 91
1 6 9 0 91
2 3 8 6 91
8 10 0 0 92
1 6 8 0 92
1 6 9 0 92
2 3 8 6 92
10 8 0 0 93
3 2 0 8 93
6 1 3 8 93
6 1 3 9 93
10 8 0 0 94
3 2 0 8 94
6 1 3 8 94
6 1 3 9 94
10 8 0 0 95
3 2 0 8 95
3 2 3 8 95
3 2 6 8 95
8 10 0 0 96
1 6 8 0 96
1 6 9 0 96
2 3 8 6 96
10 8 0 0 97
6 1 0 8 97
6 1 0 9 97
3 2 6 8 97
10 8 0 0 98
6 1 0 8 98
6 1 0 9 98
3 2 6 8 98
10 8 0 0 99
6 1 0 8 99
3 2 6 8 99
6 1 0 9 99
10 8 0 0 100
3 2 0 8 100
3 2 3 8 100
3 2 6 8 100
8 10 0 0 101
1 6 8 0 101
1 6 9 0 101
2 4 8 6 101
8 10 0 0 102
1 6 8 0 102
1 7 9 0 102
10 8 0 0 103
6 1 0 8 103
6 1 0 9 103
3 2 6 8 103
10 8 0 0 104
6 1 0 8 104
6 1 0 9 104
3 2 6 8 104
10 8 0 0 105
6 1 0 8 105
3 2 6 8 105
6 1 0 9 105
8 10 0 0 106
1 7 8 0 106
1 7 9 0 106
8 10 0 0 107
1 7 8 0 107
1 7 9 0 107
10 8 0 0 108
3 2 0 8 108
3 2 3 8 108
3 2 6 8 108
8 10 0 0 109
1 7 8 0 109
1 7 9 0 109
8 10 0 0 110
1 7 8 0 110
1 7 9 0 110
8 10 0 0 111
1 7 8 0 111
1 7 9 0 111
8 10 0 0 112
1 7 8 0 112
1 7 9 0 112
8 10 0 0 113
1 7 8 0 113
1 7 9 0 113
10 8 0 0 114
3 2 0 8 114
3 2 3 8 114
3 2 6 8 114
10 8 0 0 115
6 1 0 8 115
3 2 6 8 115
6 1 0 9 115
8 10 0 0 116
1 7 8 0 116
1 7 9 0 116
8 10 0 0 117
1 7 8 0 117
1 8 9 0 117
10 8 0 0 118
3 2 0 8 118
3 2 3 8 118
3 2 6 8 118
8 10 0 0 119
1 8 8 0 119
1 8 9 0 119
8 9 0 0 120
6 1 0 9 120
2 4 8 0 120
2 4 8 4 120
8 9 0 0 121
6 1 0 9 121
2 4 8 0 121
2 4 8 4 121
9 8 0 0 122
7 1 0 8 122
7 1 0 9 122
1 8 9 0 122
9 8 0 0 123
7 1 0 8 123
7 1 0 9 123
1 8 9 0 123
9 8 0 0 124
7 1 0 8 124
7 1 0 9 124
1 8 9 0 124
8 9 0 0 125
7 1 0 9 125
2 4 8 0 125
2 4 8 4 125
8 9 0 0 126
7 1 0 9 126
1 8 8 0 126
1 8 9 0 126
9 8 0 0 127
7 1 0 8 127
7 1 0 9 127
1 8 9 0 127
8 9 0 0 128
7 1 0 9 128
2 4 8 0 128
2 4 8 4 128
9 8 0 0 129
7 1 0 8 129
7 1 0 9 129
1 8 9 0 129
9 8 0 0 130
7 1 0 8 130
7 1 0 9 130
1 8 9 0 130
8 9 0 0 131
7 1 0 9 131
1 8 8 0 131
1 8 9 0 131
9 8 0 0 132
7 1 0 8 132
7 1 0 9 132
1 8 9 0 132
9 8 0 0 133
7 1 0 8 133
7 1 0 9 133
1 8 9 0 133
9 8 0 0 134
7 1 0 8 134
7 1 0 9 134
1 8 9 0 134
8 9 0 0 135
7 1 0 9 135
2 4 8 0 135
2 4 8 4 135
8 9 0 0 136
7 1 0 9 136
2 4 8 0 136
2 4 8 4 136
8 9 0 0 137
8 1 0 9 137
2 4 8 0 137
2 4 8 4 137
9 8 0 0 138
4 2 0 8 138
4 2 4 8 138
1 8 9 0 138
8 9 0 0 139
8 1 0 9 139
2 4 8 0 139
2 4 8 4 139
8 9 0 0 140
8 1 0 9 140
1 8 8 0 140
1 8 9 0 140
9 8 0 0 141
4 2 0 8 141
4 2 4 8 141
1 8 9 0 141
9 8 0 0 142
8 1 0 8 142
8 1 0 9 142
1 8 9 0 142
8 9 0 0 143
8 1 0 9 143
2 4 8 0 143
2 4 8 4 143
9 8 0 0 144
4 2 0 8 144
4 2 4 8 144
1 8 9 0 144
8 9 0 0 145
8 1 0 9 145
1 9 8 0 145
1 9 9 0 145
9 8 0 0 146
4 2 0 8 146
4 2 4 8 146
1 9 9 0 146
8 9 0 0 147
8 1 0 9 147
1 9 8 0 147
1 9 9 0 147
8 9 0 0 148
8 1 0 9 148
1 9 8 0 148
1 9 9 0 148
9 8 0 0 149
4 2 0 8 149
4 2 4 8 149
1 9 9 0 149
8 9 0 0 150
8 1 0 9 150
1 9 8 0 150
1 9 9 0 150
8 9 0 0 151
8 1 0 9 151
1 9 8 0 151
1 9 9 0 151
8 9 0 0 152
8 1 0 9 152
1 9 8 0 152
1 9 9 0 152
9 8 0 0 153
4 2 0 8 153
4 2 4 8 153
1 9 9 0 153
9 8 0 0 154
4 2 0 8 154
4 2 4 8 154
1 9 9 0 154
8 9 0 0 155
8 1 0 9 155
1 9 8 0 155
1 9 9 0 155
9 8 0 0 156
4 2 0 8 156
4 2 4 8 156
1 9 9 0 156
8 9 0 0 157
8 1 0 9 157
2 5 8 0 157
2 5 8 5 157
8 9 0 0 158
8 1 0 9 158
1 10 8 0 158
1 10 9 0 158
9 8 0 0 159
4 2 0 8 159
4 2 4 8 159
1 10 9 0 159
8 9 0 0 160
9 1 0 9 160
1 10 9 0 160
8 9 0 0 161
9 1 0 9 161
2 5 8 0 161
7 10 0 0 162
3 3 7 0 162
3 3 7 3 162
3 3 7 6 162
10 7 0 0 163
4 2 0 7 163
4 2 4 7 163
9 1 0 9 163
10 7 0 0 164
4 2 0 7 164
4 2 4 7 164
9 1 0 9 164
7 10 0 0 165
3 3 7 0 165
3 3 7 3 165
3 3 7 6 165
7 10 0 0 166
3 3 7 0 166
3 3 7 3 166
3 3 7 6 166
7 10 0 0 167
3 3 7 0 167
3 3 7 3 167
3 3 7 6 167
10 7 0 0 168
4 2 0 7 168
4 2 4 7 168
9 1 0 9 168
10 7 0 0 169
9 1 0 7 169
9 1 0 8 169
9 1 0 9 169
10 7 0 0 170
9 1 0 7 170
9 1 0 8 170
9 1 0 9 170
10 7 0 0 171
9 1 0 7 171
9 1 0 8 171
9 1 0 9 171
10 7 0 0 172
9 1 0 7 172
9 1 0 8 172
9 1 0 9 172
7 10 0 0 173
3 3 7 0 173
3 3 7 3 173
3 3 7 6 173
10 7 0 0 174
9 1 0 7 174
9 1 0 8 174
9 1 0 9 174
10 7 0 0 175
9 1 0 7 175
9 1 0 8 175
10 1 0 9 175
7 10 0 0 176
3 3 7 0 176
3 3 7 3 176
3 4 7 6 176
7 10 0 0 177
1 10 7 0 177
1 10 8 0 177
1 10 9 0 177
7 10 0 0 178
2 5 7 0 178
1 10 9 0 178
2 5 7 5 178
10 7 0 0 179
5 2 0 7 179
5 2 5 7 179
10 1 0 9 179
7 10 0 0 180
1 10 7 0 180
1 10 8 0 180
1 10 9 0 180
10 7 0 0 181
5 2 0 7 181
5 2 5 7 181
10 1 0 9 181
7 10 0 0 182
1 10 7 0 182
1 10 8 0 182
1 10 9 0 182
10 7 0 0 183
10 1 0 7 183
5 2 0 8 183
5 2 5 8 183
7 10 0 0 184
1 10 7 0 184
2 5 8 0 184
2 5 8 5 184
10 7 0 0 185
10 1 0 7 185
10 1 0 8 185
10 1 0 9 185
7 10 0 0 186
2 5 7 0 186
1 10 9 0 186
2 5 7 5 186
7 10 0 0 187
1 10 7 0 187
2 5 8 0 187
2 5 8 5 187
7 10 0 0 188
1 10 7 0 188
1 10 8 0 188
1 10 9 0 188
10 7 0 0 189
5 2 0 7 189
5 2 5 7 189
10 1 0 9 189
10 7 0 0 190
5 2 0 7 190
5 2 5 7 190
10 1 0 9 190
7 10 0 0 191
2 5 7 0 191
2 5 7 5 191
7 10 0 0 192
2 5 7 0 192
2 5 7 5 192
10 7 0 0 193
5 2 0 7 193
5 2 5 7 193
10 1 0 9 193
10 7 0 0 194
5 2 0 7 194
5 2 5 7 194
10 1 0 9 194
10 7 0 0 195
10 1 0 7 195
6 2 0 8 195
10 7 0 0 196
6 2 0 7 196
4 3 6 7 196
7 10 0 0 197
2 5 7 0 197
3 4 7 5 197
10 7 0 0 198
6 2 0 7 198
4 3 6 7 198
7 10 0 0 199
2 6 7 0 199
3 4 7 6 199
10 7 0 0 200
6 2 0 7 200
4 3 6 7 200
7 10 0 0 201
2 6 7 0 201
3 4 7 6 201
7 10 0 0 202
2 6 7 0 202
3 4 7 6 202
10 7 0 0 203
6 2 0 7 203
4 3 6 7 203
10 7 0 0 204
6 2 0 7 204
4 3 6 7 204
7 10 0 0 205
2 6 7 0 205
3 4 7 6 205
7 10 0 0 206
2 6 7 0 206
3 4 7 6 206
10 7 0 0 207
6 2 0 7 207
4 3 6 7 207
7 10 0 0 208
2 6 7 0 208
3 4 7 6 208
7 10 0 0 209
2 6 7 0 209
3 4 7 6 209
8 8 0 0 210
6 2 0 8 210
2 6 8 0 210
8 8 0 0 211
6 2 0 8 211
2 6 8 0 211
8 8 0 0 212
6 2 0 8 212
2 6 8 0 212
8 8 0 0 213
6 2 0 8 213
2 6 8 0 213
8 8 0 0 214
6 2 0 8 214
2 6 8 0 214
8 8 0 0 215
6 2 0 8 215
2 6 8 0 215
8 8 0 0 216
6 2 0 8 216
2 6 8 0 216
8 8 0 0 217
6 2 0 8 217
2 6 8 0 217
8 8 0 0 218
6 2 0 8 218
2 6 8 0 218
8 8 0 0 219
6 2 0 8 219
2 6 8 0 219
8 8 0 0 220
6 2 0 8 220
2 6 8 0 220
8 8 0 0 221
6 2 0 8 221
2 6 8 0 221
9 7 0 0 222
4 3 0 7 222
6 2 4 7 222
7 9 0 0 223
3 4 7 0 223
3 4 7 4 223
7 9 0 0 224
3 4 7 0 224
3 4 7 4 224
9 7 0 0 225
6 2 0 7 225
4 3 6 7 225
9 7 0 0 226
6 2 0 7 226
4 3 6 7 226
7 9 0 0 227
3 4 7 0 227
3 4 7 4 227
9 7 0 0 228
4 3 0 7 228
6 2 4 7 228
7 9 0 0 229
3 4 7 0 229
3 4 7 4 229
9 7 0 0 230
6 2 0 7 230
4 3 6 7 230
9 7 0 0 231
6 2 0 7 231
7 9 0 0 232
3 4 7 0 232
2 6 7 4 232
9 7 0 0 233
6 2 0 7 233
7 9 0 0 234
2 6 7 0 234
9 7 0 0 235
6 2 0 7 235
9 7 0 0 236
6 2 0 7 236
7 9 0 0 237
2 7 7 0 237
9 7 0 0 238
6 2 0 7 238
9 7 0 0 239
6 2 0 7 239
7 9 0 0 240
2 7 7 0 240
9 7 0 0 241
7 2 0 7 241
9 7 0 0 242
7 2 0 7 242
7 9 0 0 243
2 7 7 0 243
7 9 0 0 244
2 7 7 0 244
7 9 0 0 245
2 7 7 0 245
7 9 0 0 246
2 7 7 0 246
9 7 0 0 247
7 2 0 7 247
7 9 0 0 248
2 7 7 0 248
9 7 0 0 249
7 2 0 7 249
9 7 0 0 250
7 2 0 7 250
9 7 0 0 251
7 2 0 7 251
9 7 0 0 252
7 2 0 7 252
9 7 0 0 253
7 2 0 7 253
7 9 0 0 254
2 7 7 0 254
9 7 0 0 255
7 2 0 7 255
7 9 0 0 256
2 7 7 0 256
9 7 0 0 257
7 2 0 7 257
9 7 0 0 258
7 2 0 7 258
7 9 0 0 259
2 7 7 0 259
7 9 0 0 260
2 7 7 0 260
6 10 0 0 261
2 7 6 0 261
2 7 8 0 261
10 6 0 0 262
7 2 0 6 262
7 2 0 8 262
10 6 0 0 263
7 2 0 6 263
7 2 0 8 263
10 6 0 0 264
7 2 0 6 264
7 2 0 8 264
6 10 0 0 265
2 7 6 0 265
2 8 8 0 265
10 6 0 0 266
7 2 0 6 266
7 2 0 8 266
10 6 0 0 267
7 2 0 6 267
7 2 0 8 267
10 6 0 0 268
7 2 0 6 268
7 2 0 8 268
10 6 0 0 269
7 2 0 6 269
7 2 0 8 269
10 6 0 0 270
5 3 0 6 270
5 3 5 6 270
6 10 0 0 271
3 5 6 0 271
3 5 6 5 271
6 10 0 0 272
3 5 6 0 272
3 5 6 5 272
10 6 0 0 273
5 3 0 6 273
5 3 5 6 273
6 10 0 0 274
3 5 6 0 274
3 5 6 5 274
6 10 0 0 275
3 5 6 0 275
3 5 6 5 275
6 10 0 0 276
3 5 6 0 276
3 5 6 5 276
6 10 0 0 277
3 5 6 0 277
3 5 6 5 277
6 10 0 0 278
3 5 6 0 278
3 5 6 5 278
10 6 0 0 279
5 3 0 6 279
5 3 5 6 279
10 6 0 0 280
5 3 0 6 280
5 3 5 6 280
10 6 0 0 281
5 3 0 6 281
5 3 5 6 281
6 10 0 0 282
3 5 6 0 282
3 5 6 5 282
10 6 0 0 283
5 3 0 6 283
5 3 5 6 283
10 6 0 0 284
5 3 0 6 284
5 3 5 6 284
6 10 0 0 285
3 5 6 0 285
3 5 6 5 285
8 7 0 0 286
5 3 0 7 286
5 3 5 7 286
8 7 0 0 287
5 3 0 7 287
5 3 5 7 287
8 7 0 0 288
5 3 0 7 288
5 3 5 7 288
7 8 0 0 289
3 5 7 0 289
3 5 7 5 289
8 7 0 0 290
5 3 0 7 290
5 3 5 7 290
8 7 0 0 291
5 3 0 7 291
5 3 5 7 291
7 8 0 0 292
3 5 7 0 292
3 5 7 5 292
7 8 0 0 293
3 5 7 0 293
3 5 7 5 293
8 7 0 0 294
5 3 0 7 294
5 3 5 7 294
8 7 0 0 295
5 3 0 7 295
5 3 5 7 295
8 7 0 0 296
8 2 0 7 296
2 8 8 0 296
7 8 0 0 297
3 5 7 0 297
3 5 7 5 297
7 8 0 0 298
3 5 7 0 298
3 5 7 5 298
7 8 0 0 299
8 2 0 8 299
2 8 7 0 299
8 7 0 0 300
8 2 0 7 300
2 8 8 0 300
8 7 0 0 301
8 2 0 7 301
2 8 8 0 301
8 7 0 0 302
8 2 0 7 302
2 8 8 0 302
7 8 0 0 303
8 2 0 8 303
2 8 7 0 303
8 7 0 0 304
8 2 0 7 304
2 8 8 0 304
8 7 0 0 305
8 2 0 7 305
2 8 8 0 305
7 8 0 0 306
8 2 0 8 306
2 8 7 0 306
7 8 0 0 307
8 2 0 8 307
2 8 7 0 307
7 8 0 0 308
8 2 0 8 308
2 8 7 0 308
8 7 0 0 309
2 8 8 0 309
8 2 0 7 309
8 7 0 0 310
8 2 0 7 310
2 8 8 0 310
7 8 0 0 311
8 2 0 8 311
2 8 7 0 311
7 8 0 0 312
8 2 0 8 312
2 8 7 0 312
8 7 0 0 313
8 2 0 7 313
2 8 8 0 313
8 7 0 0 314
8 2 0 7 314
2 8 8 0 314
8 7 0 0 315
8 2 0 7 315
2 9 8 0 315
8 7 0 0 316
9 2 0 7 316
8 7 0 0 317
6 3 0 7 317
2 9 8 0 317
7 8 0 0 318
9 2 0 8 318
3 6 7 0 318
7 8 0 0 319
9 2 0 8 319
3 6 7 0 319
8 7 0 0 320
9 2 0 7 320
8 7 0 0 321
6 3 0 7 321
2 9 8 0 321
8 7 0 0 322
6 3 0 7 322
2 9 8 0 322
8 7 0 0 323
6 3 0 7 323
2 9 8 0 323
8 7 0 0 324
6 3 0 7 324
2 9 8 0 324
7 8 0 0 325
9 2 0 8 325
3 6 7 0 325
7 8 0 0 326
9 2 0 8 326
3 6 7 0 326
7 8 0 0 327
9 2 0 8 327
3 6 7 0 327
8 7 0 0 328
6 3 0 7 328
2 9 8 0 328
8 7 0 0 329
6 3 0 7 329
2 9 8 0 329
7 8 0 0 330
9 2 0 8 330
3 6 7 0 330
8 7 0 0 331
6 3 0 7 331
2 9 8 0 331
7 8 0 0 332
9 2 0 8 332
3 6 7 0 332
9 6 0 0 333
4 4 0 6 333
4 4 4 6 333
6 9 0 0 334
4 4 6 0 334
4 4 6 4 334
6 9 0 0 335
4 4 6 0 335
4 4 6 4 335
9 6 0 0 336
4 4 0 6 336
4 4 4 6 336
6 9 0 0 337
4 4 6 0 337
4 4 6 4 337
9 6 0 0 338
4 4 0 6 338
4 4 4 6 338
9 6 0 0 339
4 4 0 6 339
4 4 4 6 339
9 6 0 0 340
4 4 0 6 340
4 4 4 6 340
9 6 0 0 341
4 4 0 6 341
6 3 4 6 341
6 9 0 0 342
2 9 6 0 342
2 9 8 0 342
6 9 0 0 343
3 6 6 0 343
9 6 0 0 344
9 2 0 6 344
9 2 0 8 344
9 6 0 0 345
6 3 0 6 345
9 6 0 0 346
6 3 0 6 346
9 6 0 0 347
6 3 0 6 347
6 9 0 0 348
2 9 6 0 348
2 9 8 0 348
9 6 0 0 349
6 3 0 6 349
9 6 0 0 350
6 3 0 6 350
6 9 0 0 351
3 6 6 0 351
9 6 0 0 352
9 2 0 6 352
9 2 0 8 352
6 9 0 0 353
3 6 6 0 353
6 9 0 0 354
3 6 6 0 354
6 9 0 0 355
2 9 6 0 355
2 9 8 0 355
9 6 0 0 356
6 3 0 6 356
6 9 0 0 357
2 9 6 0 357
2 9 8 0 357
6 9 0 0 358
3 6 6 0 358
9 6 0 0 359
9 2 0 6 359
9 2 0 8 359
9 6 0 0 360
9 2 0 6 360
9 2 0 8 360
9 6 0 0 361
6 3 0 6 361
6 9 0 0 362
3 6 6 0 362
6 9 0 0 363
2 9 6 0 363
2 9 8 0 363
9 6 0 0 364
6 3 0 6 364
9 6 0 0 365
6 3 0 6 365
9 6 0 0 366
9 2 0 6 366
9 2 0 8 366
6 9 0 0 367
3 6 6 0 367
9 6 0 0 368
9 2 0 6 368
9 2 0 8 368
6 9 0 0 369
3 6 6 0 369
6 9 0 0 370
3 6 6 0 370
6 9 0 0 371
3 6 6 0 371
9 6 0 0 372
6 3 0 6 372
6 9 0 0 373
2 9 6 0 373
2 9 8 0 373
9 6 0 0 374
6 3 0 6 374
9 6 0 0 375
9 2 0 6 375
9 2 0 8 375
6 9 0 0 376
3 6 6 0 376
9 6 0 0 377
5 4 0 6 377
5 4 5 6 377
9 6 0 0 378
10 2 0 6 378
10 2 0 8 378
9 6 0 0 379
10 2 0 6 379
10 2 0 8 379
9 6 0 0 380
10 2 0 6 380
10 2 0 8 380
6 9 0 0 381
3 6 6 0 381
6 9 0 0 382
3 6 6 0 382
9 6 0 0 383
5 4 0 6 383
5 4 5 6 383
9 6 0 0 384
10 2 0 6 384
10 2 0 8 384
9 6 0 0 385
5 4 0 6 385
5 4 5 6 385
6 9 0 0 386
4 5 6 0 386
4 5 6 5 386
5 10 0 0 387
5 10 5 0 387
10 5 0 0 388
10 5 0 5 388
10 5 0 0 389
10 5 0 5 389
5 10 0 0 390
5 10 5 0 390
10 5 0 0 391
10 5 0 5 391
10 5 0 0 392
10 5 0 5 392
5 10 0 0 393
5 10 5 0 393
10 5 0 0 394
10 5 0 5 394
5 10 0 0 395
5 10 5 0 395
10 5 0 0 396
10 5 0 5 396
10 5 0 0 397
10 5 0 5 397
5 10 0 0 398
5 10 5 0 398
5 10 0 0 399
5 10 5 0 399
10 5 0 0 400
10 5 0 5 400
5 10 0 0 401
5 10 5 0 401
10 5 0 0 402
10 5 0 5 402
5 10 0 0 403
5 9 5 0 403
7 7 0 0 404
2 10 7 0 404
7 3 0 7 404
7 7 0 0 405
10 2 0 7 405
3 7 7 0 405
7 7 0 0 406
2 10 7 0 406
7 3 0 7 406
7 7 0 0 407
2 10 7 0 407
7 3 0 7 407
7 7 0 0 408
10 2 0 7 408
3 7 7 0 408
7 7 0 0 409
10 2 0 7 409
3 7 7 0 409
7 7 0 0 410
2 10 7 0 410
7 3 0 7 410
7 7 0 0 411
10 2 0 7 411
3 7 7 0 411
7 7 0 0 412
10 2 0 7 412
3 7 7 0 412
7 7 0 0 413
10 2 0 7 413
3 7 7 0 413
7 7 0 0 414
10 2 0 7 414
3 7 7 0 414
7 7 0 0 415
2 10 7 0 415
7 3 0 7 415
7 7 0 0 416
10 2 0 7 416
3 7 7 0 416
7 7 0 0 417
2 10 7 0 417
7 3 0 7 417
8 6 0 0 418
5 4 0 6 418
5 4 5 6 418
8 6 0 0 419
5 4 0 6 419
5 4 5 6 419
8 6 0 0 420
10 2 0 6 420
10 2 0 8 420
8 6 0 0 421
10 2 0 6 421
10 2 0 8 421
8 6 0 0 422
5 4 0 6 422
2 10 8 0 422
6 8 0 0 423
4 5 6 0 423
4 5 6 5 423
8 6 0 0 424
10 2 0 6 424
10 2 0 8 424
8 6 0 0 425
2 10 8 0 425
5 4 0 6 425
6 8 0 0 426
4 5 6 0 426
4 5 6 5 426
6 8 0 0 427
10 2 0 8 427
4 5 6 0 427
6 8 0 0 428
4 5 6 0 428
4 5 6 5 428
6 8 0 0 429
2 10 6 0 429
2 10 8 0 429
8 6 0 0 430
10 2 0 6 430
10 2 0 8 430
6 8 0 0 431
10 2 0 8 431
3 7 6 0 431
8 6 0 0 432
10 2 0 6 432
6 8 0 0 433
3 7 6 0 433
8 6 0 0 434
7 3 0 6 434
8 6 0 0 435
7 3 0 6 435
6 8 0 0 436
3 7 6 0 436
6 8 0 0 437
3 7 6 0 437
6 8 0 0 438
3 7 6 0 438
6 8 0 0 439
3 7 6 0 439
8 6 0 0 440
7 3 0 6 440
8 6 0 0 441
7 3 0 6 441
6 8 0 0 442
3 7 6 0 442
8 6 0 0 443
7 3 0 6 443
8 6 0 0 444
7 3 0 6 444
6 8 0 0 445
3 7 6 0 445
8 6 0 0 446
7 3 0 6 446
6 8 0 0 447
3 7 6 0 447
8 6 0 0 448
7 3 0 6 448
6 8 0 0 449
3 7 6 0 449
6 8 0 0 450
3 7 6 0 450
6 8 0 0 451
3 8 6 0 451
6 8 0 0 452
3 8 6 0 452
8 6 0 0 453
7 3 0 6 453
6 8 0 0 454
3 8 6 0 454
8 6 0 0 455
7 3 0 6 455
6 8 0 0 456
4 10 6 0 456
6 8 0 0 457
3 8 6 0 457
8 6 0 0 458
7 3 0 6 458
6 8 0 0 459
3 8 6 0 459
5 9 0 0 460
5 9 5 0 460
9 5 0 0 461
9 5 0 5 461
9 5 0 0 462
9 5 0 5 462
5 9 0 0 463
5 9 5 0 463
9 5 0 0 464
7 3 0 5 464
9 5 0 0 465
9 5 0 5 465
5 9 0 0 466
5 9 5 0 466
9 5 0 0 467
7 3 0 5 467
5 9 0 0 468
5 9 5 0 468
9 5 0 0 469
9 5 0 5 469
5 9 0 0 470
5 9 5 0 470
9 5 0 0 471
8 3 0 5 471
5 9 0 0 472
5 9 5 0 472
9 5 0 0 473
9 5 0 5 473
5 9 0 0 474
5 8 5 0 474
9 5 0 0 475
9 5 0 5 475
6 7 0 0 476
8 3 0 7 476
4 6 6 0 476
6 7 0 0 477
8 3 0 7 477
4 6 6 0 477
6 7 0 0 478
8 3 0 7 478
4 6 6 0 478
6 7 0 0 479
3 8 6 0 479
7 6 0 0 480
6 4 0 6 480
3 8 7 0 480
6 7 0 0 481
8 3 0 7 481
4 6 6 0 481
6 7 0 0 482
4 6 6 0 482
8 3 0 7 482
7 6 0 0 483
6 4 0 6 483
3 8 7 0 483
6 7 0 0 484
4 6 6 0 484
8 3 0 7 484
7 6 0 0 485
6 4 0 6 485
3 8 7 0 485
7 6 0 0 486
6 4 0 6 486
3 8 7 0 486
7 6 0 0 487
6 4 0 6 487
3 8 7 0 487
6 7 0 0 488
4 6 6 0 488
8 3 0 7 488
7 6 0 0 489
3 8 7 0 489
6 4 0 6 489
6 7 0 0 490
4 6 6 0 490
8 3 0 7 490
6 7 0 0 491
4 6 6 0 491
8 3 0 7 491
7 6 0 0 492
3 8 7 0 492
6 4 0 6 492
6 7 0 0 493
3 8 6 0 493
7 6 0 0 494
8 3 0 6 494
6 7 0 0 495
4 6 6 0 495
8 3 0 7 495
7 6 0 0 496
3 8 7 0 496
6 4 0 6 496
6 7 0 0 497
4 6 6 0 497
8 3 0 7 497
6 7 0 0 498
3 8 6 0 498
6 7 0 0 499
3 8 6 0 499
7 6 0 0 500
10 4 0 6 500
7 6 0 0 501
10 4 0 6 501
7 6 0 0 502
10 4 0 6 502
7 6 0 0 503
10 4 0 6 503
7 6 0 0 504
10 4 0 6 504
7 6 0 0 505
3 8 7 0 505
6 4 0 6 505
7 6 0 0 506
8 3 0 6 506
7 6 0 0 507
8 3 0 6 507
7 6 0 0 508
3 8 7 0 508
6 4 0 6 508
7 6 0 0 509
10 4 0 6 509
7 6 0 0 510
8 3 0 6 510
6 7 0 0 511
4 6 6 0 511
8 3 0 7 511
6 7 0 0 512
4 6 6 0 512
8 3 0 7 512
5 8 0 0 513
5 8 5 0 513
5 8 0 0 514
4 10 5 0 514
8 5 0 0 515
8 5 0 5 515
5 8 0 0 516
4 10 5 0 516
8 5 0 0 517
8 5 0 5 517
4 10 0 0 518
4 10 4 0 518
8 5 0 0 519
8 5 0 5 519
4 10 0 0 520
6 4 4 0 520
6 4 4 4 520
5 8 0 0 521
5 8 5 0 521
10 4 0 0 522
4 6 0 4 522
4 6 4 4 522
4 10 0 0 523
4 10 4 0 523
4 10 0 0 524
5 8 4 0 524
8 5 0 0 525
10 4 0 5 525
4 10 0 0 526
4 10 4 0 526
5 8 0 0 527
3 8 5 0 527
8 5 0 0 528
10 4 0 5 528
8 5 0 0 529
10 4 0 5 529
4 10 0 0 530
5 8 4 0 530
10 4 0 0 531
8 5 0 4 531
10 4 0 0 532
8 5 0 4 532
4 10 0 0 533
5 8 4 0 533
8 5 0 0 534
10 4 0 5 534
5 8 0 0 535
5 8 5 0 535
8 5 0 0 536
10 4 0 5 536
4 10 0 0 537
4 10 4 0 537
4 10 0 0 538
5 8 4 0 538
8 5 0 0 539
8 5 0 5 539
10 4 0 0 540
6 4 0 4 540
4 10 0 0 541
5 8 4 0 541
10 4 0 0 542
8 5 0 4 542
4 10 0 0 543
4 10 4 0 543
6 6 0 0 544
4 9 6 0 544
4 9 0 0 545
4 9 4 0 545
9 4 0 0 546
9 4 0 4 546
9 4 0 0 547
9 4 0 4 547
4 9 0 0 548
5 5 4 0 548
5 5 4 5 548
6 6 0 0 549
4 9 6 0 549
6 6 0 0 550
9 4 0 6 550
6 6 0 0 551
9 4 0 6 551
9 4 0 0 552
9 4 0 4 552
4 9 0 0 553
6 6 4 0 553
4 9 0 0 554
6 6 4 0 554
9 4 0 0 555
9 4 0 4 555
4 9 0 0 556
4 9 4 0 556
4 9 0 0 557
4 9 4 0 557
9 4 0 0 558
6 6 0 4 558
9 4 0 0 559
6 6 0 4 559
4 9 0 0 560
5 5 4 0 560
6 5 4 5 560
4 9 0 0 561
5 7 4 0 561
9 4 0 0 562
7 5 0 4 562
5 7 0 0 563
3 9 5 0 563
7 5 0 0 564
7 5 0 5 564
3 9 7 0 564
5 7 0 0 565
5 7 5 0 565
9 3 0 7 565
7 5 0 0 566
7 5 0 5 566
3 9 7 0 566
5 7 0 0 567
5 7 5 0 567
9 3 0 7 567
5 7 0 0 568
5 7 5 0 568
9 3 0 7 568
5 7 0 0 569
5 7 5 0 569
9 3 0 7 569
7 5 0 0 570
7 5 0 5 570
3 9 7 0 570
5 7 0 0 571
5 7 5 0 571
9 3 0 7 571
5 7 0 0 572
5 7 5 0 572
9 3 0 7 572
5 7 0 0 573
5 7 5 0 573
9 3 0 7 573
7 5 0 0 574
7 5 0 5 574
3 9 7 0 574
7 5 0 0 575
7 5 0 5 575
3 9 7 0 575
7 5 0 0 576
7 5 0 5 576
3 9 7 0 576
4 8 0 0 577
4 8 4 0 577
8 4 0 0 578
8 4 0 4 578
8 4 0 0 579
8 4 0 4 579
4 8 0 0 580
4 8 4 0 580
8 4 0 0 581
8 4 0 4 581
8 4 0 0 582
8 4 0 4 582
4 8 0 0 583
4 8 4 0 583
4 8 0 0 584
4 8 4 0 584
4 8 0 0 585
4 8 4 0 585
8 4 0 0 586
8 4 0 4 586
8 4 0 0 587
8 4 0 4 587
8 4 0 0 588
8 4 0 4 588
4 8 0 0 589
3 9 4 0 589
3 9 7 0 589
8 4 0 0 590
8 4 0 4 590
4 8 0 0 591
4 8 4 0 591
4 8 0 0 592
3 10 4 0 592
3 10 7 0 592
10 3 0 0 593
6 5 0 3 593
4 7 6 3 593
5 6 0 0 594
5 6 5 0 594
10 3 0 6 594
6 5 0 0 595
3 10 6 0 595
6 5 0 5 595
5 6 0 0 596
5 6 5 0 596
7 4 0 6 596
6 5 0 0 597
3 10 6 0 597
6 5 0 5 597
5 6 0 0 598
3 10 5 0 598
6 5 0 0 599
3 10 6 0 599
6 5 0 5 599
3 10 0 0 600
3 10 3 0 600
4 7 6 0 600
5 6 0 0 601
10 3 0 6 601
5 6 5 0 601
5 6 0 0 602
10 3 0 6 602
5 6 5 0 602
10 3 0 0 603
5 6 0 3 603
5 6 5 3 603
10 3 0 0 604
10 3 0 3 604
10 3 0 6 604
5 6 0 0 605
3 10 5 0 605
6 5 0 0 606
10 3 0 5 606
10 3 0 0 607
10 3 0 3 607
7 4 0 6 607
3 10 0 0 608
3 10 3 0 608
3 10 6 0 608
5 6 0 0 609
5 6 5 0 609
10 3 0 6 609
10 3 0 0 610
10 3 0 3 610
10 3 0 6 610
10 3 0 0 611
5 6 0 3 611
5 6 5 3 611
10 3 0 0 612
10 3 0 3 612
7 4 0 6 612
7 4 0 0 613
7 4 0 4 613
4 7 0 0 614
4 7 4 0 614
4 7 0 0 615
4 7 4 0 615
7 4 0 0 616
4 7 0 0 617
4 7 4 0 617
