% State of a bin packing problem:
%
% Bin number: 1389
% Total uncovered points: 10941
% Total covered points: 127959
% Number of boxes: 4734
% Unused boxes: 0
% Runtime: 345.3190612792969
%
% Bin size:
10 10
%
% Boxes (width, height) not in some bins:
%
% Boxes (width, height, x_position, y_position, bin_id) in bins:
9 9 0 0 0
1 7 9 0 0
7 1 0 9 0
9 9 0 0 1
1 7 9 0 1
7 1 0 9 1
9 9 0 0 2
7 1 0 9 2
1 7 9 0 2
9 9 0 0 3
1 7 9 0 3
7 1 0 9 3
9 9 0 0 4
1 7 9 0 4
7 1 0 9 4
9 9 0 0 5
1 7 9 0 5
7 1 0 9 5
9 9 0 0 6
1 7 9 0 6
7 1 0 9 6
9 9 0 0 7
1 7 9 0 7
7 1 0 9 7
9 9 0 0 8
1 7 9 0 8
7 1 0 9 8
9 9 0 0 9
1 7 9 0 9
7 1 0 9 9
9 9 0 0 10
1 7 9 0 10
7 1 0 9 10
9 9 0 0 11
1 7 9 0 11
7 1 0 9 11
9 9 0 0 12
1 7 9 0 12
7 1 0 9 12
9 9 0 0 13
1 7 9 0 13
7 1 0 9 13
9 9 0 0 14
1 7 9 0 14
7 1 0 9 14
9 9 0 0 15
1 7 9 0 15
7 1 0 9 15
9 9 0 0 16
1 7 9 0 16
7 1 0 9 16
9 9 0 0 17
1 7 9 0 17
7 1 0 9 17
9 9 0 0 18
1 7 9 0 18
7 1 0 9 18
9 9 0 0 19
1 7 9 0 19
7 1 0 9 19
9 9 0 0 20
1 7 9 0 20
7 1 0 9 20
9 9 0 0 21
1 7 9 0 21
7 1 0 9 21
9 9 0 0 22
1 7 9 0 22
7 1 0 9 22
9 9 0 0 23
1 7 9 0 23
7 1 0 9 23
9 9 0 0 24
1 7 9 0 24
7 1 0 9 24
9 9 0 0 25
1 7 9 0 25
7 1 0 9 25
9 9 0 0 26
1 7 9 0 26
7 1 0 9 26
9 9 0 0 27
1 7 9 0 27
7 1 0 9 27
9 9 0 0 28
1 7 9 0 28
7 1 0 9 28
9 9 0 0 29
1 7 9 0 29
7 1 0 9 29
9 9 0 0 30
1 7 9 0 30
7 1 0 9 30
9 9 0 0 31
1 7 9 0 31
7 1 0 9 31
9 9 0 0 32
1 7 9 0 32
7 1 0 9 32
9 9 0 0 33
1 7 9 0 33
7 1 0 9 33
9 9 0 0 34
1 7 9 0 34
7 1 0 9 34
9 9 0 0 35
1 7 9 0 35
7 1 0 9 35
9 9 0 0 36
1 7 9 0 36
7 1 0 9 36
9 9 0 0 37
1 7 9 0 37
7 1 0 9 37
9 9 0 0 38
1 7 9 0 38
7 1 0 9 38
9 9 0 0 39
1 7 9 0 39
7 1 0 9 39
9 9 0 0 40
1 7 9 0 40
7 1 0 9 40
9 9 0 0 41
1 7 9 0 41
7 1 0 9 41
9 9 0 0 42
1 7 9 0 42
7 1 0 9 42
9 9 0 0 43
1 7 9 0 43
7 1 0 9 43
9 9 0 0 44
1 7 9 0 44
7 1 0 9 44
9 9 0 0 45
1 7 9 0 45
7 1 0 9 45
9 9 0 0 46
1 7 9 0 46
7 1 0 9 46
9 9 0 0 47
1 7 9 0 47
7 1 0 9 47
9 9 0 0 48
1 7 9 0 48
7 1 0 9 48
9 9 0 0 49
1 7 9 0 49
7 1 0 9 49
9 9 0 0 50
1 7 9 0 50
7 1 0 9 50
9 9 0 0 51
1 7 9 0 51
7 1 0 9 51
9 9 0 0 52
1 7 9 0 52
7 1 0 9 52
9 9 0 0 53
1 7 9 0 53
7 1 0 9 53
9 9 0 0 54
1 7 9 0 54
7 1 0 9 54
9 9 0 0 55
1 7 9 0 55
7 1 0 9 55
9 9 0 0 56
1 7 9 0 56
7 1 0 9 56
9 9 0 0 57
1 7 9 0 57
7 1 0 9 57
9 9 0 0 58
1 7 9 0 58
7 1 0 9 58
9 9 0 0 59
1 7 9 0 59
7 1 0 9 59
9 9 0 0 60
1 7 9 0 60
7 1 0 9 60
9 9 0 0 61
1 7 9 0 61
7 1 0 9 61
9 9 0 0 62
1 7 9 0 62
7 1 0 9 62
9 9 0 0 63
1 7 9 0 63
7 1 0 9 63
9 9 0 0 64
1 7 9 0 64
7 1 0 9 64
9 9 0 0 65
1 7 9 0 65
7 1 0 9 65
9 9 0 0 66
1 7 9 0 66
7 1 0 9 66
9 9 0 0 67
1 7 9 0 67
7 1 0 9 67
9 9 0 0 68
1 7 9 0 68
7 1 0 9 68
9 9 0 0 69
1 7 9 0 69
7 1 0 9 69
9 9 0 0 70
1 7 9 0 70
7 1 0 9 70
9 9 0 0 71
1 7 9 0 71
7 1 0 9 71
9 9 0 0 72
1 7 9 0 72
7 1 0 9 72
9 9 0 0 73
1 7 9 0 73
7 1 0 9 73
9 9 0 0 74
1 7 9 0 74
7 1 0 9 74
9 9 0 0 75
1 7 9 0 75
7 1 0 9 75
9 9 0 0 76
1 7 9 0 76
7 1 0 9 76
9 9 0 0 77
1 7 9 0 77
7 1 0 9 77
9 9 0 0 78
1 7 9 0 78
7 1 0 9 78
9 9 0 0 79
1 7 9 0 79
7 1 0 9 79
9 9 0 0 80
1 7 9 0 80
7 1 0 9 80
9 9 0 0 81
1 7 9 0 81
7 1 0 9 81
9 9 0 0 82
1 7 9 0 82
7 1 0 9 82
9 9 0 0 83
1 7 9 0 83
7 1 0 9 83
9 9 0 0 84
1 7 9 0 84
7 1 0 9 84
9 9 0 0 85
1 7 9 0 85
7 1 0 9 85
9 9 0 0 86
1 7 9 0 86
7 1 0 9 86
9 9 0 0 87
1 7 9 0 87
7 1 0 9 87
9 9 0 0 88
1 7 9 0 88
7 1 0 9 88
9 9 0 0 89
1 7 9 0 89
7 1 0 9 89
9 9 0 0 90
1 7 9 0 90
7 1 0 9 90
9 9 0 0 91
1 7 9 0 91
7 1 0 9 91
9 9 0 0 92
1 7 9 0 92
7 1 0 9 92
9 9 0 0 93
1 7 9 0 93
7 1 0 9 93
9 9 0 0 94
1 7 9 0 94
7 1 0 9 94
9 9 0 0 95
1 7 9 0 95
7 1 0 9 95
9 9 0 0 96
1 7 9 0 96
7 1 0 9 96
9 9 0 0 97
1 7 9 0 97
7 1 0 9 97
9 9 0 0 98
1 7 9 0 98
7 1 0 9 98
9 9 0 0 99
1 7 9 0 99
7 1 0 9 99
9 9 0 0 100
1 7 9 0 100
7 1 0 9 100
9 9 0 0 101
1 7 9 0 101
7 1 0 9 101
9 9 0 0 102
1 7 9 0 102
7 1 0 9 102
9 9 0 0 103
1 7 9 0 103
7 1 0 9 103
9 9 0 0 104
1 7 9 0 104
7 1 0 9 104
9 9 0 0 105
7 1 0 9 105
1 7 9 0 105
9 9 0 0 106
7 1 0 9 106
1 7 9 0 106
9 9 0 0 107
7 1 0 9 107
1 7 9 0 107
9 9 0 0 108
7 1 0 9 108
1 7 9 0 108
9 9 0 0 109
7 1 0 9 109
1 7 9 0 109
9 9 0 0 110
7 1 0 9 110
1 7 9 0 110
9 9 0 0 111
7 1 0 9 111
1 7 9 0 111
9 9 0 0 112
7 1 0 9 112
1 7 9 0 112
9 9 0 0 113
7 1 0 9 113
1 7 9 0 113
9 9 0 0 114
7 1 0 9 114
1 7 9 0 114
9 9 0 0 115
7 1 0 9 115
1 7 9 0 115
9 9 0 0 116
7 1 0 9 116
1 7 9 0 116
9 9 0 0 117
7 1 0 9 117
1 8 9 0 117
9 9 0 0 118
7 1 0 9 118
1 8 9 0 118
9 9 0 0 119
7 1 0 9 119
1 8 9 0 119
9 9 0 0 120
7 1 0 9 120
1 8 9 0 120
9 9 0 0 121
7 1 0 9 121
1 8 9 0 121
9 9 0 0 122
7 1 0 9 122
1 8 9 0 122
9 9 0 0 123
8 1 0 9 123
1 8 9 0 123
9 9 0 0 124
8 1 0 9 124
1 8 9 0 124
9 9 0 0 125
8 1 0 9 125
1 8 9 0 125
9 9 0 0 126
8 1 0 9 126
1 8 9 0 126
9 9 0 0 127
8 1 0 9 127
1 8 9 0 127
9 9 0 0 128
8 1 0 9 128
1 8 9 0 128
9 9 0 0 129
8 1 0 9 129
1 8 9 0 129
9 9 0 0 130
8 1 0 9 130
1 8 9 0 130
9 9 0 0 131
8 1 0 9 131
1 8 9 0 131
9 9 0 0 132
8 1 0 9 132
1 8 9 0 132
9 9 0 0 133
8 1 0 9 133
1 8 9 0 133
9 9 0 0 134
8 1 0 9 134
1 8 9 0 134
9 9 0 0 135
8 1 0 9 135
1 8 9 0 135
9 9 0 0 136
8 1 0 9 136
1 8 9 0 136
9 9 0 0 137
8 1 0 9 137
1 8 9 0 137
9 9 0 0 138
8 1 0 9 138
1 8 9 0 138
9 9 0 0 139
8 1 0 9 139
1 8 9 0 139
9 9 0 0 140
8 1 0 9 140
1 8 9 0 140
9 9 0 0 141
8 1 0 9 141
1 8 9 0 141
9 9 0 0 142
8 1 0 9 142
1 8 9 0 142
9 9 0 0 143
8 1 0 9 143
1 8 9 0 143
9 9 0 0 144
8 1 0 9 144
1 8 9 0 144
9 9 0 0 145
1 8 9 0 145
8 1 0 9 145
9 9 0 0 146
1 8 9 0 146
8 1 0 9 146
9 9 0 0 147
8 1 0 9 147
1 8 9 0 147
9 9 0 0 148
8 1 0 9 148
1 8 9 0 148
9 9 0 0 149
1 8 9 0 149
8 1 0 9 149
9 9 0 0 150
1 8 9 0 150
8 1 0 9 150
9 9 0 0 151
1 8 9 0 151
8 1 0 9 151
9 9 0 0 152
1 8 9 0 152
8 1 0 9 152
9 9 0 0 153
1 8 9 0 153
8 1 0 9 153
9 9 0 0 154
1 8 9 0 154
8 1 0 9 154
9 9 0 0 155
1 8 9 0 155
8 1 0 9 155
9 9 0 0 156
1 8 9 0 156
8 1 0 9 156
9 9 0 0 157
1 8 9 0 157
8 1 0 9 157
9 9 0 0 158
1 8 9 0 158
8 1 0 9 158
9 9 0 0 159
1 8 9 0 159
8 1 0 9 159
9 9 0 0 160
1 8 9 0 160
8 1 0 9 160
9 9 0 0 161
1 8 9 0 161
8 1 0 9 161
9 9 0 0 162
1 8 9 0 162
8 1 0 9 162
9 9 0 0 163
1 8 9 0 163
8 1 0 9 163
9 9 0 0 164
1 8 9 0 164
8 1 0 9 164
9 9 0 0 165
1 8 9 0 165
8 1 0 9 165
9 9 0 0 166
8 1 0 9 166
1 8 9 0 166
9 9 0 0 167
8 1 0 9 167
1 8 9 0 167
9 9 0 0 168
1 8 9 0 168
8 1 0 9 168
9 9 0 0 169
1 8 9 0 169
8 1 0 9 169
9 9 0 0 170
1 8 9 0 170
8 1 0 9 170
9 9 0 0 171
1 8 9 0 171
8 1 0 9 171
9 9 0 0 172
1 8 9 0 172
8 1 0 9 172
9 9 0 0 173
1 8 9 0 173
8 1 0 9 173
9 9 0 0 174
1 8 9 0 174
8 1 0 9 174
9 9 0 0 175
1 8 9 0 175
8 1 0 9 175
9 9 0 0 176
8 1 0 9 176
1 8 9 0 176
9 9 0 0 177
8 1 0 9 177
1 8 9 0 177
9 9 0 0 178
8 1 0 9 178
1 8 9 0 178
9 9 0 0 179
8 1 0 9 179
1 8 9 0 179
9 9 0 0 180
8 1 0 9 180
1 8 9 0 180
9 9 0 0 181
8 1 0 9 181
1 8 9 0 181
9 9 0 0 182
8 1 0 9 182
1 8 9 0 182
9 9 0 0 183
8 1 0 9 183
1 8 9 0 183
9 9 0 0 184
8 1 0 9 184
1 8 9 0 184
9 9 0 0 185
1 8 9 0 185
8 1 0 9 185
9 9 0 0 186
1 8 9 0 186
8 1 0 9 186
9 9 0 0 187
1 8 9 0 187
8 1 0 9 187
9 9 0 0 188
1 8 9 0 188
8 1 0 9 188
9 9 0 0 189
1 8 9 0 189
8 1 0 9 189
9 9 0 0 190
1 8 9 0 190
8 1 0 9 190
9 9 0 0 191
1 8 9 0 191
8 1 0 9 191
9 9 0 0 192
1 8 9 0 192
8 1 0 9 192
9 9 0 0 193
1 8 9 0 193
8 1 0 9 193
9 9 0 0 194
1 8 9 0 194
8 1 0 9 194
9 9 0 0 195
1 8 9 0 195
8 1 0 9 195
9 9 0 0 196
1 8 9 0 196
8 1 0 9 196
9 9 0 0 197
1 8 9 0 197
8 1 0 9 197
9 9 0 0 198
1 8 9 0 198
8 1 0 9 198
9 9 0 0 199
1 8 9 0 199
8 1 0 9 199
9 9 0 0 200
1 8 9 0 200
8 1 0 9 200
9 9 0 0 201
1 8 9 0 201
8 1 0 9 201
9 9 0 0 202
1 8 9 0 202
8 1 0 9 202
9 9 0 0 203
1 8 9 0 203
8 1 0 9 203
9 9 0 0 204
1 8 9 0 204
8 1 0 9 204
9 9 0 0 205
1 8 9 0 205
8 1 0 9 205
9 9 0 0 206
1 8 9 0 206
8 1 0 9 206
9 9 0 0 207
1 8 9 0 207
8 1 0 9 207
9 9 0 0 208
1 8 9 0 208
8 1 0 9 208
9 9 0 0 209
1 8 9 0 209
8 1 0 9 209
9 9 0 0 210
1 8 9 0 210
8 1 0 9 210
9 9 0 0 211
1 8 9 0 211
8 1 0 9 211
9 9 0 0 212
1 8 9 0 212
8 1 0 9 212
9 9 0 0 213
1 8 9 0 213
8 1 0 9 213
9 9 0 0 214
1 8 9 0 214
8 1 0 9 214
9 9 0 0 215
1 8 9 0 215
8 1 0 9 215
9 9 0 0 216
1 8 9 0 216
8 1 0 9 216
9 9 0 0 217
1 8 9 0 217
8 1 0 9 217
9 9 0 0 218
1 8 9 0 218
8 1 0 9 218
9 9 0 0 219
1 8 9 0 219
8 1 0 9 219
9 9 0 0 220
1 8 9 0 220
8 1 0 9 220
9 9 0 0 221
1 8 9 0 221
8 1 0 9 221
9 9 0 0 222
1 8 9 0 222
8 1 0 9 222
9 9 0 0 223
1 8 9 0 223
8 1 0 9 223
9 9 0 0 224
1 8 9 0 224
8 1 0 9 224
9 9 0 0 225
1 8 9 0 225
8 1 0 9 225
9 9 0 0 226
1 8 9 0 226
8 1 0 9 226
9 9 0 0 227
1 8 9 0 227
8 1 0 9 227
9 9 0 0 228
1 8 9 0 228
8 1 0 9 228
9 9 0 0 229
1 8 9 0 229
8 1 0 9 229
9 9 0 0 230
1 8 9 0 230
8 1 0 9 230
9 9 0 0 231
1 8 9 0 231
8 1 0 9 231
9 9 0 0 232
1 8 9 0 232
8 1 0 9 232
9 9 0 0 233
1 8 9 0 233
8 1 0 9 233
9 9 0 0 234
1 8 9 0 234
8 1 0 9 234
9 9 0 0 235
1 8 9 0 235
8 1 0 9 235
9 9 0 0 236
1 8 9 0 236
8 1 0 9 236
9 9 0 0 237
1 8 9 0 237
8 1 0 9 237
9 9 0 0 238
1 8 9 0 238
8 1 0 9 238
9 9 0 0 239
1 8 9 0 239
8 1 0 9 239
9 9 0 0 240
1 8 9 0 240
8 1 0 9 240
9 9 0 0 241
1 8 9 0 241
9 1 0 9 241
9 9 0 0 242
1 8 9 0 242
9 1 0 9 242
9 9 0 0 243
1 8 9 0 243
9 1 0 9 243
9 9 0 0 244
1 8 9 0 244
9 1 0 9 244
9 9 0 0 245
1 8 9 0 245
9 1 0 9 245
9 9 0 0 246
1 8 9 0 246
9 1 0 9 246
9 9 0 0 247
1 8 9 0 247
9 1 0 9 247
9 9 0 0 248
1 8 9 0 248
9 1 0 9 248
9 9 0 0 249
1 8 9 0 249
9 1 0 9 249
9 9 0 0 250
1 8 9 0 250
9 1 0 9 250
9 9 0 0 251
1 8 9 0 251
9 1 0 9 251
9 9 0 0 252
1 9 9 0 252
9 1 0 9 252
9 9 0 0 253
1 9 9 0 253
9 1 0 9 253
9 9 0 0 254
1 9 9 0 254
9 1 0 9 254
9 9 0 0 255
1 9 9 0 255
9 1 0 9 255
9 9 0 0 256
1 9 9 0 256
9 1 0 9 256
9 9 0 0 257
1 9 9 0 257
9 1 0 9 257
9 9 0 0 258
1 9 9 0 258
9 1 0 9 258
9 9 0 0 259
1 9 9 0 259
9 1 0 9 259
9 9 0 0 260
1 9 9 0 260
9 1 0 9 260
9 9 0 0 261
9 1 0 9 261
1 9 9 0 261
9 9 0 0 262
9 1 0 9 262
1 9 9 0 262
9 9 0 0 263
9 1 0 9 263
1 9 9 0 263
9 9 0 0 264
9 1 0 9 264
1 9 9 0 264
9 9 0 0 265
9 1 0 9 265
1 9 9 0 265
9 9 0 0 266
9 1 0 9 266
1 9 9 0 266
9 9 0 0 267
9 1 0 9 267
1 9 9 0 267
9 9 0 0 268
9 1 0 9 268
1 9 9 0 268
9 9 0 0 269
9 1 0 9 269
1 9 9 0 269
9 9 0 0 270
9 1 0 9 270
1 9 9 0 270
9 9 0 0 271
1 9 9 0 271
9 1 0 9 271
9 9 0 0 272
1 9 9 0 272
9 1 0 9 272
9 9 0 0 273
1 9 9 0 273
9 1 0 9 273
9 9 0 0 274
1 9 9 0 274
9 1 0 9 274
9 9 0 0 275
1 9 9 0 275
9 1 0 9 275
9 9 0 0 276
1 9 9 0 276
9 1 0 9 276
9 9 0 0 277
1 9 9 0 277
9 1 0 9 277
9 9 0 0 278
1 9 9 0 278
9 1 0 9 278
9 9 0 0 279
1 9 9 0 279
9 1 0 9 279
9 9 0 0 280
1 9 9 0 280
9 1 0 9 280
9 8 0 0 281
1 9 9 0 281
9 1 0 8 281
9 1 0 9 281
9 8 0 0 282
1 9 9 0 282
9 1 0 8 282
9 1 0 9 282
8 9 0 0 283
1 9 8 0 283
9 1 0 9 283
1 9 9 0 283
9 8 0 0 284
1 9 9 0 284
9 1 0 8 284
9 1 0 9 284
8 9 0 0 285
1 9 8 0 285
1 9 9 0 285
9 1 0 9 285
8 9 0 0 286
1 9 8 0 286
1 9 9 0 286
9 1 0 9 286
9 8 0 0 287
1 9 9 0 287
9 1 0 8 287
9 1 0 9 287
8 9 0 0 288
1 9 8 0 288
1 9 9 0 288
9 1 0 9 288
9 8 0 0 289
1 9 9 0 289
9 1 0 8 289
9 1 0 9 289
8 9 0 0 290
1 9 8 0 290
1 9 9 0 290
9 1 0 9 290
9 8 0 0 291
1 9 9 0 291
9 1 0 8 291
9 1 0 9 291
9 8 0 0 292
1 9 9 0 292
9 1 0 8 292
9 1 0 9 292
8 9 0 0 293
1 9 8 0 293
9 1 0 9 293
1 9 9 0 293
9 8 0 0 294
9 1 0 8 294
9 1 0 9 294
1 9 9 0 294
8 9 0 0 295
9 1 0 9 295
1 9 8 0 295
1 9 9 0 295
8 9 0 0 296
9 1 0 9 296
1 9 8 0 296
1 9 9 0 296
8 9 0 0 297
9 1 0 9 297
1 9 8 0 297
1 9 9 0 297
8 9 0 0 298
9 1 0 9 298
1 9 8 0 298
1 9 9 0 298
9 8 0 0 299
9 1 0 8 299
9 1 0 9 299
1 9 9 0 299
9 8 0 0 300
9 1 0 8 300
9 1 0 9 300
1 9 9 0 300
9 8 0 0 301
9 1 0 8 301
9 1 0 9 301
1 9 9 0 301
8 9 0 0 302
1 9 8 0 302
9 1 0 9 302
1 9 9 0 302
9 8 0 0 303
9 1 0 8 303
9 1 0 9 303
1 9 9 0 303
9 8 0 0 304
9 1 0 8 304
9 1 0 9 304
1 9 9 0 304
8 9 0 0 305
9 1 0 9 305
1 9 8 0 305
1 9 9 0 305
9 8 0 0 306
9 1 0 8 306
1 9 9 0 306
9 1 0 9 306
8 9 0 0 307
1 9 8 0 307
1 9 9 0 307
9 1 0 9 307
9 8 0 0 308
1 9 9 0 308
9 1 0 8 308
9 1 0 9 308
8 9 0 0 309
1 9 8 0 309
9 1 0 9 309
1 9 9 0 309
9 8 0 0 310
1 9 9 0 310
9 1 0 8 310
9 1 0 9 310
9 8 0 0 311
1 9 9 0 311
9 1 0 8 311
9 1 0 9 311
9 8 0 0 312
1 9 9 0 312
9 1 0 8 312
9 1 0 9 312
9 8 0 0 313
1 9 9 0 313
9 1 0 8 313
9 1 0 9 313
9 8 0 0 314
1 9 9 0 314
9 1 0 8 314
9 1 0 9 314
8 9 0 0 315
1 9 8 0 315
1 9 9 0 315
9 1 0 9 315
8 9 0 0 316
1 9 8 0 316
1 9 9 0 316
9 1 0 9 316
9 8 0 0 317
1 9 9 0 317
9 1 0 8 317
9 1 0 9 317
9 8 0 0 318
1 9 9 0 318
9 1 0 8 318
9 1 0 9 318
9 8 0 0 319
1 9 9 0 319
9 1 0 8 319
9 1 0 9 319
9 8 0 0 320
1 9 9 0 320
9 1 0 8 320
9 1 0 9 320
9 8 0 0 321
1 9 9 0 321
9 1 0 8 321
9 1 0 9 321
9 8 0 0 322
1 9 9 0 322
9 1 0 8 322
9 1 0 9 322
8 9 0 0 323
1 9 8 0 323
1 9 9 0 323
9 1 0 9 323
9 8 0 0 324
1 9 9 0 324
9 1 0 8 324
9 1 0 9 324
8 9 0 0 325
1 9 8 0 325
1 9 9 0 325
9 1 0 9 325
9 8 0 0 326
1 9 9 0 326
9 1 0 8 326
9 1 0 9 326
8 9 0 0 327
1 9 8 0 327
1 9 9 0 327
9 1 0 9 327
8 9 0 0 328
1 9 8 0 328
1 9 9 0 328
9 1 0 9 328
8 9 0 0 329
1 9 8 0 329
1 9 9 0 329
9 1 0 9 329
9 8 0 0 330
1 9 9 0 330
9 1 0 8 330
9 1 0 9 330
9 8 0 0 331
1 9 9 0 331
9 1 0 8 331
9 1 0 9 331
8 9 0 0 332
1 9 8 0 332
1 9 9 0 332
9 1 0 9 332
9 8 0 0 333
1 9 9 0 333
9 1 0 8 333
9 1 0 9 333
8 9 0 0 334
1 9 8 0 334
1 9 9 0 334
9 1 0 9 334
8 9 0 0 335
1 9 8 0 335
1 9 9 0 335
9 1 0 9 335
8 9 0 0 336
1 9 8 0 336
1 9 9 0 336
9 1 0 9 336
9 8 0 0 337
1 9 9 0 337
9 1 0 8 337
9 1 0 9 337
8 9 0 0 338
1 9 8 0 338
1 9 9 0 338
9 1 0 9 338
8 9 0 0 339
1 9 8 0 339
1 9 9 0 339
10 1 0 9 339
9 8 0 0 340
1 10 9 0 340
7 2 0 8 340
8 9 0 0 341
1 10 8 0 341
1 10 9 0 341
9 8 0 0 342
1 10 9 0 342
7 2 0 8 342
9 8 0 0 343
1 10 9 0 343
7 2 0 8 343
8 9 0 0 344
10 1 0 9 344
2 7 8 0 344
9 8 0 0 345
1 10 9 0 345
7 2 0 8 345
8 9 0 0 346
10 1 0 9 346
2 7 8 0 346
9 8 0 0 347
1 10 9 0 347
7 2 0 8 347
9 8 0 0 348
10 1 0 8 348
10 1 0 9 348
9 8 0 0 349
1 10 9 0 349
7 2 0 8 349
8 9 0 0 350
1 10 8 0 350
1 10 9 0 350
9 8 0 0 351
1 10 9 0 351
7 2 0 8 351
9 8 0 0 352
1 10 9 0 352
7 2 0 8 352
9 8 0 0 353
10 1 0 8 353
10 1 0 9 353
9 8 0 0 354
10 1 0 8 354
10 1 0 9 354
8 9 0 0 355
1 10 8 0 355
1 10 9 0 355
9 8 0 0 356
10 1 0 8 356
10 1 0 9 356
9 8 0 0 357
10 1 0 8 357
10 1 0 9 357
9 8 0 0 358
1 10 9 0 358
7 2 0 8 358
8 9 0 0 359
10 1 0 9 359
2 7 8 0 359
9 8 0 0 360
10 1 0 8 360
10 1 0 9 360
8 9 0 0 361
10 1 0 9 361
2 7 8 0 361
8 8 0 0 362
10 1 0 8 362
10 1 0 9 362
2 7 8 0 362
8 8 0 0 363
10 1 0 8 363
10 1 0 9 363
2 7 8 0 363
8 8 0 0 364
10 1 0 8 364
10 1 0 9 364
2 7 8 0 364
8 8 0 0 365
1 10 8 0 365
1 10 9 0 365
7 2 0 8 365
8 8 0 0 366
1 10 8 0 366
1 10 9 0 366
7 2 0 8 366
8 8 0 0 367
10 1 0 8 367
10 1 0 9 367
2 7 8 0 367
8 8 0 0 368
1 10 8 0 368
1 10 9 0 368
7 2 0 8 368
8 8 0 0 369
1 10 8 0 369
1 10 9 0 369
7 2 0 8 369
8 8 0 0 370
1 10 8 0 370
1 10 9 0 370
7 2 0 8 370
8 8 0 0 371
10 1 0 8 371
10 1 0 9 371
2 7 8 0 371
8 8 0 0 372
10 1 0 8 372
10 1 0 9 372
2 7 8 0 372
8 8 0 0 373
1 10 8 0 373
1 10 9 0 373
7 2 0 8 373
8 8 0 0 374
1 10 8 0 374
1 10 9 0 374
7 2 0 8 374
8 8 0 0 375
1 10 8 0 375
1 10 9 0 375
7 2 0 8 375
8 8 0 0 376
1 10 8 0 376
1 10 9 0 376
7 2 0 8 376
8 8 0 0 377
10 1 0 8 377
10 1 0 9 377
2 7 8 0 377
8 8 0 0 378
1 10 8 0 378
1 10 9 0 378
7 2 0 8 378
8 8 0 0 379
1 10 8 0 379
1 10 9 0 379
7 2 0 8 379
8 8 0 0 380
1 10 8 0 380
1 10 9 0 380
7 2 0 8 380
8 8 0 0 381
1 10 8 0 381
1 10 9 0 381
7 2 0 8 381
8 8 0 0 382
10 1 0 8 382
10 1 0 9 382
2 7 8 0 382
8 8 0 0 383
10 1 0 8 383
10 1 0 9 383
2 7 8 0 383
8 8 0 0 384
10 1 0 8 384
10 1 0 9 384
2 7 8 0 384
8 8 0 0 385
1 10 8 0 385
1 10 9 0 385
7 2 0 8 385
8 8 0 0 386
10 1 0 8 386
10 1 0 9 386
2 7 8 0 386
8 8 0 0 387
10 1 0 8 387
10 1 0 9 387
2 7 8 0 387
8 8 0 0 388
1 10 8 0 388
1 10 9 0 388
7 2 0 8 388
8 8 0 0 389
1 10 8 0 389
1 10 9 0 389
7 2 0 8 389
8 8 0 0 390
10 1 0 8 390
10 1 0 9 390
2 7 8 0 390
8 8 0 0 391
1 10 8 0 391
1 10 9 0 391
7 2 0 8 391
8 8 0 0 392
10 1 0 8 392
10 1 0 9 392
2 7 8 0 392
8 8 0 0 393
10 1 0 8 393
10 1 0 9 393
2 7 8 0 393
8 8 0 0 394
1 10 8 0 394
1 10 9 0 394
7 2 0 8 394
8 8 0 0 395
10 1 0 8 395
10 1 0 9 395
2 7 8 0 395
8 8 0 0 396
1 10 8 0 396
1 10 9 0 396
7 2 0 8 396
8 8 0 0 397
10 1 0 8 397
10 1 0 9 397
2 7 8 0 397
8 8 0 0 398
10 1 0 8 398
10 1 0 9 398
2 7 8 0 398
8 8 0 0 399
1 10 8 0 399
1 10 9 0 399
7 2 0 8 399
8 8 0 0 400
10 1 0 8 400
10 1 0 9 400
2 7 8 0 400
8 8 0 0 401
10 1 0 8 401
10 1 0 9 401
2 7 8 0 401
8 8 0 0 402
10 1 0 8 402
10 1 0 9 402
2 7 8 0 402
8 8 0 0 403
10 1 0 8 403
10 1 0 9 403
2 7 8 0 403
8 8 0 0 404
10 1 0 8 404
10 1 0 9 404
2 7 8 0 404
8 8 0 0 405
1 10 8 0 405
1 10 9 0 405
7 2 0 8 405
8 8 0 0 406
1 10 8 0 406
1 10 9 0 406
7 2 0 8 406
8 8 0 0 407
10 1 0 8 407
10 1 0 9 407
2 7 8 0 407
8 8 0 0 408
1 10 8 0 408
1 10 9 0 408
7 2 0 8 408
8 8 0 0 409
1 10 8 0 409
1 10 9 0 409
7 2 0 8 409
8 8 0 0 410
10 1 0 8 410
10 1 0 9 410
2 7 8 0 410
8 8 0 0 411
10 1 0 8 411
10 1 0 9 411
2 7 8 0 411
8 8 0 0 412
1 10 8 0 412
1 10 9 0 412
7 2 0 8 412
8 8 0 0 413
10 1 0 8 413
10 1 0 9 413
2 7 8 0 413
8 8 0 0 414
10 1 0 8 414
10 1 0 9 414
2 7 8 0 414
8 8 0 0 415
1 10 8 0 415
1 10 9 0 415
7 2 0 8 415
8 8 0 0 416
10 1 0 8 416
10 1 0 9 416
2 7 8 0 416
8 8 0 0 417
1 10 8 0 417
1 10 9 0 417
7 2 0 8 417
8 8 0 0 418
1 10 8 0 418
1 10 9 0 418
7 2 0 8 418
8 8 0 0 419
10 1 0 8 419
10 1 0 9 419
2 7 8 0 419
8 8 0 0 420
1 10 8 0 420
1 10 9 0 420
7 2 0 8 420
8 8 0 0 421
1 10 8 0 421
1 10 9 0 421
7 2 0 8 421
8 8 0 0 422
10 1 0 8 422
10 1 0 9 422
2 7 8 0 422
8 8 0 0 423
10 1 0 8 423
10 1 0 9 423
2 7 8 0 423
8 8 0 0 424
10 1 0 8 424
10 1 0 9 424
2 7 8 0 424
8 8 0 0 425
1 10 8 0 425
1 10 9 0 425
7 2 0 8 425
8 8 0 0 426
10 1 0 8 426
10 1 0 9 426
2 7 8 0 426
8 8 0 0 427
1 10 8 0 427
1 10 9 0 427
7 2 0 8 427
8 8 0 0 428
10 1 0 8 428
10 1 0 9 428
2 7 8 0 428
8 8 0 0 429
1 10 8 0 429
1 10 9 0 429
7 2 0 8 429
8 8 0 0 430
10 1 0 8 430
10 1 0 9 430
2 7 8 0 430
8 8 0 0 431
10 1 0 8 431
10 1 0 9 431
2 7 8 0 431
8 8 0 0 432
1 10 8 0 432
1 10 9 0 432
7 2 0 8 432
8 8 0 0 433
1 10 8 0 433
1 10 9 0 433
7 2 0 8 433
8 8 0 0 434
10 1 0 8 434
10 1 0 9 434
2 7 8 0 434
8 8 0 0 435
10 1 0 8 435
10 1 0 9 435
2 7 8 0 435
8 8 0 0 436
1 10 8 0 436
1 10 9 0 436
7 2 0 8 436
8 8 0 0 437
1 10 8 0 437
1 10 9 0 437
7 2 0 8 437
8 8 0 0 438
10 1 0 8 438
10 1 0 9 438
2 7 8 0 438
8 8 0 0 439
1 10 8 0 439
1 10 9 0 439
7 2 0 8 439
8 8 0 0 440
1 10 8 0 440
1 10 9 0 440
7 2 0 8 440
8 8 0 0 441
1 10 8 0 441
1 10 9 0 441
7 2 0 8 441
8 8 0 0 442
1 10 8 0 442
1 10 9 0 442
7 2 0 8 442
8 8 0 0 443
10 1 0 8 443
10 1 0 9 443
2 7 8 0 443
8 8 0 0 444
1 10 8 0 444
1 10 9 0 444
7 2 0 8 444
8 8 0 0 445
10 1 0 8 445
10 1 0 9 445
2 7 8 0 445
8 8 0 0 446
1 10 8 0 446
1 10 9 0 446
7 2 0 8 446
8 8 0 0 447
1 10 8 0 447
1 10 9 0 447
7 2 0 8 447
8 8 0 0 448
1 10 8 0 448
1 10 9 0 448
7 2 0 8 448
8 8 0 0 449
10 1 0 8 449
10 1 0 9 449
2 7 8 0 449
8 8 0 0 450
1 10 8 0 450
1 10 9 0 450
7 2 0 8 450
8 8 0 0 451
1 10 8 0 451
1 10 9 0 451
7 2 0 8 451
8 8 0 0 452
10 1 0 8 452
10 1 0 9 452
2 7 8 0 452
8 8 0 0 453
10 1 0 8 453
10 1 0 9 453
2 7 8 0 453
8 8 0 0 454
1 10 8 0 454
1 10 9 0 454
7 2 0 8 454
8 8 0 0 455
10 1 0 8 455
10 1 0 9 455
2 7 8 0 455
8 8 0 0 456
10 1 0 8 456
10 1 0 9 456
2 7 8 0 456
8 8 0 0 457
1 10 8 0 457
1 10 9 0 457
7 2 0 8 457
8 8 0 0 458
10 1 0 8 458
10 1 0 9 458
2 7 8 0 458
8 8 0 0 459
1 10 8 0 459
1 10 9 0 459
7 2 0 8 459
8 8 0 0 460
1 10 8 0 460
1 10 9 0 460
7 2 0 8 460
8 8 0 0 461
10 1 0 8 461
10 1 0 9 461
2 7 8 0 461
8 8 0 0 462
10 1 0 8 462
10 1 0 9 462
2 7 8 0 462
8 8 0 0 463
10 1 0 8 463
10 1 0 9 463
2 7 8 0 463
8 8 0 0 464
1 10 8 0 464
1 10 9 0 464
7 2 0 8 464
8 8 0 0 465
1 10 8 0 465
1 10 9 0 465
7 2 0 8 465
8 8 0 0 466
10 1 0 8 466
10 1 0 9 466
2 7 8 0 466
8 8 0 0 467
1 10 8 0 467
1 10 9 0 467
7 2 0 8 467
8 8 0 0 468
1 10 8 0 468
1 10 9 0 468
7 2 0 8 468
8 8 0 0 469
10 1 0 8 469
10 1 0 9 469
2 7 8 0 469
8 8 0 0 470
10 1 0 8 470
10 1 0 9 470
2 7 8 0 470
8 8 0 0 471
10 1 0 8 471
10 1 0 9 471
2 7 8 0 471
8 8 0 0 472
1 10 8 0 472
1 10 9 0 472
7 2 0 8 472
8 8 0 0 473
10 1 0 8 473
10 1 0 9 473
2 7 8 0 473
8 8 0 0 474
1 10 8 0 474
1 10 9 0 474
7 2 0 8 474
8 8 0 0 475
10 1 0 8 475
10 1 0 9 475
2 7 8 0 475
8 8 0 0 476
2 7 8 0 476
7 2 0 8 476
8 8 0 0 477
2 7 8 0 477
7 2 0 8 477
8 8 0 0 478
2 7 8 0 478
7 2 0 8 478
8 8 0 0 479
2 7 8 0 479
7 2 0 8 479
8 8 0 0 480
2 7 8 0 480
7 2 0 8 480
8 8 0 0 481
2 7 8 0 481
7 2 0 8 481
8 8 0 0 482
2 7 8 0 482
7 2 0 8 482
8 8 0 0 483
2 7 8 0 483
7 2 0 8 483
8 8 0 0 484
2 7 8 0 484
7 2 0 8 484
8 8 0 0 485
2 7 8 0 485
7 2 0 8 485
8 8 0 0 486
2 7 8 0 486
7 2 0 8 486
8 8 0 0 487
2 7 8 0 487
7 2 0 8 487
8 8 0 0 488
2 7 8 0 488
7 2 0 8 488
8 8 0 0 489
2 7 8 0 489
7 2 0 8 489
8 8 0 0 490
2 7 8 0 490
7 2 0 8 490
8 8 0 0 491
2 7 8 0 491
7 2 0 8 491
8 8 0 0 492
2 7 8 0 492
7 2 0 8 492
8 8 0 0 493
2 7 8 0 493
7 2 0 8 493
8 8 0 0 494
2 7 8 0 494
7 2 0 8 494
8 8 0 0 495
2 7 8 0 495
7 2 0 8 495
8 8 0 0 496
2 7 8 0 496
7 2 0 8 496
8 8 0 0 497
2 7 8 0 497
7 2 0 8 497
8 8 0 0 498
2 7 8 0 498
7 2 0 8 498
8 8 0 0 499
2 7 8 0 499
7 2 0 8 499
8 8 0 0 500
2 7 8 0 500
7 2 0 8 500
8 8 0 0 501
2 7 8 0 501
7 2 0 8 501
8 8 0 0 502
2 7 8 0 502
7 2 0 8 502
8 8 0 0 503
2 7 8 0 503
7 2 0 8 503
8 8 0 0 504
2 7 8 0 504
7 2 0 8 504
8 8 0 0 505
2 7 8 0 505
7 2 0 8 505
8 8 0 0 506
2 7 8 0 506
7 2 0 8 506
8 8 0 0 507
2 7 8 0 507
7 2 0 8 507
8 8 0 0 508
2 7 8 0 508
7 2 0 8 508
8 8 0 0 509
2 7 8 0 509
7 2 0 8 509
8 8 0 0 510
2 7 8 0 510
7 2 0 8 510
8 8 0 0 511
2 7 8 0 511
7 2 0 8 511
8 8 0 0 512
2 7 8 0 512
7 2 0 8 512
8 8 0 0 513
2 7 8 0 513
7 2 0 8 513
8 8 0 0 514
2 7 8 0 514
7 2 0 8 514
8 8 0 0 515
2 7 8 0 515
7 2 0 8 515
8 8 0 0 516
2 7 8 0 516
7 2 0 8 516
8 8 0 0 517
2 7 8 0 517
7 2 0 8 517
8 8 0 0 518
2 7 8 0 518
7 2 0 8 518
8 8 0 0 519
2 7 8 0 519
7 2 0 8 519
8 8 0 0 520
2 7 8 0 520
7 2 0 8 520
8 8 0 0 521
2 7 8 0 521
7 2 0 8 521
8 8 0 0 522
2 7 8 0 522
7 2 0 8 522
8 8 0 0 523
2 7 8 0 523
7 2 0 8 523
8 8 0 0 524
2 7 8 0 524
7 2 0 8 524
8 8 0 0 525
2 7 8 0 525
7 2 0 8 525
8 8 0 0 526
2 7 8 0 526
7 2 0 8 526
8 8 0 0 527
2 7 8 0 527
7 2 0 8 527
8 8 0 0 528
2 7 8 0 528
7 2 0 8 528
8 8 0 0 529
2 7 8 0 529
7 2 0 8 529
8 8 0 0 530
2 7 8 0 530
7 2 0 8 530
8 8 0 0 531
2 7 8 0 531
7 2 0 8 531
8 8 0 0 532
2 7 8 0 532
7 2 0 8 532
8 8 0 0 533
2 7 8 0 533
7 2 0 8 533
8 8 0 0 534
2 7 8 0 534
7 2 0 8 534
8 8 0 0 535
2 7 8 0 535
7 2 0 8 535
8 8 0 0 536
2 7 8 0 536
8 2 0 8 536
8 8 0 0 537
2 7 8 0 537
8 2 0 8 537
8 8 0 0 538
2 7 8 0 538
8 2 0 8 538
8 8 0 0 539
2 7 8 0 539
8 2 0 8 539
8 8 0 0 540
2 7 8 0 540
8 2 0 8 540
8 8 0 0 541
2 8 8 0 541
8 2 0 8 541
8 8 0 0 542
2 8 8 0 542
8 2 0 8 542
8 8 0 0 543
2 8 8 0 543
8 2 0 8 543
8 8 0 0 544
2 8 8 0 544
8 2 0 8 544
8 8 0 0 545
2 8 8 0 545
8 2 0 8 545
8 8 0 0 546
2 8 8 0 546
8 2 0 8 546
8 8 0 0 547
2 8 8 0 547
8 2 0 8 547
8 8 0 0 548
2 8 8 0 548
8 2 0 8 548
8 8 0 0 549
2 8 8 0 549
8 2 0 8 549
8 8 0 0 550
2 8 8 0 550
8 2 0 8 550
8 8 0 0 551
2 8 8 0 551
8 2 0 8 551
8 8 0 0 552
2 8 8 0 552
8 2 0 8 552
8 8 0 0 553
2 8 8 0 553
8 2 0 8 553
8 8 0 0 554
2 8 8 0 554
8 2 0 8 554
8 8 0 0 555
2 8 8 0 555
8 2 0 8 555
8 8 0 0 556
2 8 8 0 556
8 2 0 8 556
8 8 0 0 557
2 8 8 0 557
8 2 0 8 557
8 8 0 0 558
2 8 8 0 558
8 2 0 8 558
8 8 0 0 559
2 8 8 0 559
8 2 0 8 559
8 8 0 0 560
2 8 8 0 560
8 2 0 8 560
8 8 0 0 561
2 8 8 0 561
8 2 0 8 561
8 8 0 0 562
2 8 8 0 562
8 2 0 8 562
8 8 0 0 563
2 8 8 0 563
8 2 0 8 563
8 8 0 0 564
2 8 8 0 564
8 2 0 8 564
8 8 0 0 565
2 8 8 0 565
8 2 0 8 565
8 8 0 0 566
2 8 8 0 566
8 2 0 8 566
8 8 0 0 567
2 8 8 0 567
8 2 0 8 567
8 8 0 0 568
2 8 8 0 568
8 2 0 8 568
8 8 0 0 569
2 8 8 0 569
8 2 0 8 569
8 8 0 0 570
2 8 8 0 570
8 2 0 8 570
8 8 0 0 571
2 8 8 0 571
8 2 0 8 571
8 8 0 0 572
2 8 8 0 572
8 2 0 8 572
8 8 0 0 573
2 8 8 0 573
8 2 0 8 573
8 8 0 0 574
2 8 8 0 574
8 2 0 8 574
8 8 0 0 575
2 8 8 0 575
8 2 0 8 575
8 8 0 0 576
2 8 8 0 576
8 2 0 8 576
8 8 0 0 577
2 8 8 0 577
8 2 0 8 577
8 8 0 0 578
2 8 8 0 578
8 2 0 8 578
8 8 0 0 579
2 8 8 0 579
8 2 0 8 579
8 8 0 0 580
2 8 8 0 580
8 2 0 8 580
8 8 0 0 581
2 8 8 0 581
8 2 0 8 581
8 8 0 0 582
2 8 8 0 582
8 2 0 8 582
8 8 0 0 583
2 8 8 0 583
8 2 0 8 583
8 8 0 0 584
2 8 8 0 584
8 2 0 8 584
8 8 0 0 585
2 8 8 0 585
8 2 0 8 585
8 8 0 0 586
2 8 8 0 586
8 2 0 8 586
8 8 0 0 587
2 8 8 0 587
8 2 0 8 587
8 8 0 0 588
2 8 8 0 588
8 2 0 8 588
8 8 0 0 589
2 8 8 0 589
8 2 0 8 589
8 8 0 0 590
2 8 8 0 590
8 2 0 8 590
8 8 0 0 591
2 8 8 0 591
8 2 0 8 591
8 8 0 0 592
2 8 8 0 592
8 2 0 8 592
8 8 0 0 593
2 8 8 0 593
8 2 0 8 593
8 8 0 0 594
2 8 8 0 594
8 2 0 8 594
8 8 0 0 595
2 8 8 0 595
8 2 0 8 595
8 8 0 0 596
2 8 8 0 596
8 2 0 8 596
8 8 0 0 597
2 8 8 0 597
8 2 0 8 597
8 8 0 0 598
2 8 8 0 598
8 2 0 8 598
8 8 0 0 599
2 8 8 0 599
8 2 0 8 599
8 8 0 0 600
2 8 8 0 600
8 2 0 8 600
8 8 0 0 601
2 8 8 0 601
8 2 0 8 601
8 8 0 0 602
2 8 8 0 602
8 2 0 8 602
8 8 0 0 603
2 8 8 0 603
8 2 0 8 603
8 8 0 0 604
2 8 8 0 604
8 2 0 8 604
8 8 0 0 605
2 8 8 0 605
8 2 0 8 605
8 8 0 0 606
2 8 8 0 606
8 2 0 8 606
8 8 0 0 607
2 8 8 0 607
8 2 0 8 607
8 8 0 0 608
2 8 8 0 608
8 2 0 8 608
8 8 0 0 609
2 8 8 0 609
8 2 0 8 609
8 8 0 0 610
2 8 8 0 610
8 2 0 8 610
8 8 0 0 611
2 8 8 0 611
8 2 0 8 611
8 8 0 0 612
2 8 8 0 612
8 2 0 8 612
8 8 0 0 613
2 8 8 0 613
8 2 0 8 613
8 8 0 0 614
2 8 8 0 614
8 2 0 8 614
8 8 0 0 615
2 8 8 0 615
8 2 0 8 615
8 8 0 0 616
2 8 8 0 616
8 2 0 8 616
8 8 0 0 617
2 8 8 0 617
8 2 0 8 617
8 8 0 0 618
2 8 8 0 618
8 2 0 8 618
8 8 0 0 619
2 8 8 0 619
8 2 0 8 619
8 8 0 0 620
2 8 8 0 620
8 2 0 8 620
8 8 0 0 621
2 8 8 0 621
8 2 0 8 621
8 8 0 0 622
2 8 8 0 622
8 2 0 8 622
8 8 0 0 623
2 8 8 0 623
8 2 0 8 623
8 8 0 0 624
2 8 8 0 624
8 2 0 8 624
8 8 0 0 625
2 8 8 0 625
8 2 0 8 625
8 8 0 0 626
2 8 8 0 626
8 2 0 8 626
8 8 0 0 627
2 8 8 0 627
8 2 0 8 627
8 8 0 0 628
2 8 8 0 628
8 2 0 8 628
8 8 0 0 629
2 8 8 0 629
8 2 0 8 629
8 8 0 0 630
2 8 8 0 630
8 2 0 8 630
8 8 0 0 631
2 8 8 0 631
8 2 0 8 631
8 8 0 0 632
2 8 8 0 632
8 2 0 8 632
8 8 0 0 633
2 8 8 0 633
8 2 0 8 633
8 8 0 0 634
2 8 8 0 634
8 2 0 8 634
8 8 0 0 635
2 8 8 0 635
8 2 0 8 635
8 8 0 0 636
2 8 8 0 636
8 2 0 8 636
8 8 0 0 637
2 8 8 0 637
8 2 0 8 637
8 8 0 0 638
2 8 8 0 638
8 2 0 8 638
8 8 0 0 639
2 8 8 0 639
8 2 0 8 639
8 8 0 0 640
2 8 8 0 640
8 2 0 8 640
8 8 0 0 641
2 8 8 0 641
8 2 0 8 641
8 8 0 0 642
2 8 8 0 642
8 2 0 8 642
8 8 0 0 643
2 8 8 0 643
8 2 0 8 643
8 8 0 0 644
2 8 8 0 644
8 2 0 8 644
9 7 0 0 645
3 3 0 7 645
3 3 3 7 645
3 3 6 7 645
9 7 0 0 646
3 3 0 7 646
3 3 3 7 646
3 3 6 7 646
7 9 0 0 647
3 3 7 0 647
3 3 7 3 647
3 3 7 6 647
7 9 0 0 648
3 3 7 0 648
3 3 7 3 648
3 3 7 6 648
7 9 0 0 649
3 3 7 0 649
3 3 7 3 649
3 3 7 6 649
9 7 0 0 650
3 3 0 7 650
3 3 3 7 650
3 3 6 7 650
7 9 0 0 651
3 3 7 0 651
3 3 7 3 651
3 3 7 6 651
9 7 0 0 652
3 3 0 7 652
3 3 3 7 652
3 3 6 7 652
7 9 0 0 653
3 3 7 0 653
3 3 7 3 653
3 3 7 6 653
9 7 0 0 654
3 3 0 7 654
3 3 3 7 654
3 3 6 7 654
9 7 0 0 655
3 3 0 7 655
3 3 3 7 655
3 3 6 7 655
9 7 0 0 656
3 3 0 7 656
3 3 3 7 656
3 3 6 7 656
9 7 0 0 657
3 3 0 7 657
3 3 3 7 657
3 3 6 7 657
9 7 0 0 658
3 3 0 7 658
3 3 3 7 658
3 3 6 7 658
7 9 0 0 659
3 3 7 0 659
3 3 7 3 659
3 3 7 6 659
7 9 0 0 660
3 3 7 0 660
3 3 7 3 660
3 3 7 6 660
7 9 0 0 661
3 3 7 0 661
3 3 7 3 661
3 3 7 6 661
9 7 0 0 662
3 3 0 7 662
3 3 3 7 662
3 3 6 7 662
9 7 0 0 663
3 3 0 7 663
3 3 3 7 663
3 3 6 7 663
7 9 0 0 664
3 3 7 0 664
3 3 7 3 664
3 3 7 6 664
7 9 0 0 665
3 3 7 0 665
3 3 7 3 665
3 3 7 6 665
7 9 0 0 666
3 3 7 0 666
3 3 7 3 666
3 3 7 6 666
7 9 0 0 667
3 3 7 0 667
3 3 7 3 667
3 3 7 6 667
9 7 0 0 668
3 3 0 7 668
3 3 3 7 668
3 3 6 7 668
9 7 0 0 669
3 3 0 7 669
3 3 3 7 669
3 3 6 7 669
9 7 0 0 670
3 3 0 7 670
3 3 3 7 670
3 3 6 7 670
9 7 0 0 671
3 3 0 7 671
3 3 3 7 671
3 3 6 7 671
7 9 0 0 672
3 3 7 0 672
3 3 7 3 672
3 3 7 6 672
7 9 0 0 673
3 3 7 0 673
3 3 7 3 673
3 3 7 6 673
7 9 0 0 674
3 3 7 0 674
3 3 7 3 674
3 3 7 6 674
7 9 0 0 675
3 3 7 0 675
3 3 7 3 675
3 3 7 6 675
9 7 0 0 676
3 3 0 7 676
3 3 3 7 676
3 3 6 7 676
9 7 0 0 677
3 3 0 7 677
3 3 3 7 677
3 3 6 7 677
7 9 0 0 678
3 3 7 0 678
3 3 7 3 678
3 3 7 6 678
9 7 0 0 679
3 3 0 7 679
3 3 3 7 679
3 3 6 7 679
9 7 0 0 680
3 3 0 7 680
3 3 3 7 680
3 3 6 7 680
9 7 0 0 681
3 3 0 7 681
3 3 3 7 681
3 3 6 7 681
7 9 0 0 682
3 3 7 0 682
3 3 7 3 682
3 3 7 6 682
9 7 0 0 683
3 3 0 7 683
3 3 3 7 683
3 3 6 7 683
9 7 0 0 684
3 3 0 7 684
3 3 3 7 684
3 3 6 7 684
9 7 0 0 685
3 3 0 7 685
3 3 3 7 685
3 3 6 7 685
9 7 0 0 686
3 3 0 7 686
3 3 3 7 686
3 3 6 7 686
9 7 0 0 687
3 3 0 7 687
3 3 3 7 687
3 3 6 7 687
7 9 0 0 688
3 3 7 0 688
3 3 7 3 688
3 3 7 6 688
9 7 0 0 689
3 3 0 7 689
3 3 3 7 689
3 3 6 7 689
9 7 0 0 690
3 3 0 7 690
3 3 3 7 690
3 3 6 7 690
7 9 0 0 691
3 3 7 0 691
3 3 7 3 691
3 3 7 6 691
9 7 0 0 692
3 3 0 7 692
3 3 3 7 692
3 3 6 7 692
7 9 0 0 693
3 3 7 0 693
3 3 7 3 693
3 3 7 6 693
7 9 0 0 694
3 3 7 0 694
3 3 7 3 694
3 3 7 6 694
7 9 0 0 695
3 3 7 0 695
3 3 7 3 695
3 3 7 6 695
7 9 0 0 696
3 3 7 0 696
3 3 7 3 696
3 3 7 6 696
7 9 0 0 697
3 3 7 0 697
3 3 7 3 697
3 3 7 6 697
9 7 0 0 698
3 3 0 7 698
3 3 3 7 698
3 3 6 7 698
7 9 0 0 699
3 3 7 0 699
3 3 7 3 699
3 3 7 6 699
9 7 0 0 700
3 3 0 7 700
3 3 3 7 700
3 3 6 7 700
7 9 0 0 701
3 3 7 0 701
3 3 7 3 701
3 3 7 6 701
7 9 0 0 702
3 3 7 0 702
3 3 7 3 702
3 3 7 6 702
7 9 0 0 703
3 3 7 0 703
3 3 7 3 703
3 3 7 6 703
7 9 0 0 704
3 3 7 0 704
3 3 7 3 704
3 3 7 6 704
7 9 0 0 705
3 3 7 0 705
3 3 7 3 705
3 3 7 6 705
7 9 0 0 706
3 3 7 0 706
3 3 7 3 706
3 3 7 6 706
7 9 0 0 707
3 3 7 0 707
3 3 7 3 707
3 3 7 6 707
9 7 0 0 708
3 3 0 7 708
3 3 3 7 708
3 3 6 7 708
9 7 0 0 709
3 3 0 7 709
3 3 3 7 709
3 3 6 7 709
9 7 0 0 710
3 3 0 7 710
3 3 3 7 710
3 3 6 7 710
7 9 0 0 711
3 3 7 0 711
3 3 7 3 711
3 3 7 6 711
9 7 0 0 712
3 3 0 7 712
3 3 3 7 712
3 3 6 7 712
7 9 0 0 713
3 3 7 0 713
3 3 7 3 713
3 3 7 6 713
7 9 0 0 714
3 3 7 0 714
3 3 7 3 714
3 3 7 6 714
7 9 0 0 715
3 3 7 0 715
3 3 7 3 715
3 3 7 6 715
7 9 0 0 716
3 3 7 0 716
3 3 7 3 716
3 3 7 6 716
7 9 0 0 717
3 3 7 0 717
3 3 7 3 717
3 3 7 6 717
9 7 0 0 718
3 3 0 7 718
3 3 3 7 718
3 3 6 7 718
9 7 0 0 719
3 3 0 7 719
3 3 3 7 719
3 3 6 7 719
7 9 0 0 720
3 3 7 0 720
3 3 7 3 720
3 3 7 6 720
9 7 0 0 721
3 3 0 7 721
3 3 3 7 721
3 3 6 7 721
7 9 0 0 722
3 3 7 0 722
3 3 7 3 722
3 3 7 6 722
7 9 0 0 723
3 3 7 0 723
3 3 7 3 723
3 3 7 6 723
7 9 0 0 724
3 3 7 0 724
3 3 7 3 724
3 3 7 6 724
9 7 0 0 725
3 3 0 7 725
3 3 3 7 725
3 3 6 7 725
9 7 0 0 726
3 3 0 7 726
3 3 3 7 726
3 3 6 7 726
9 7 0 0 727
3 3 0 7 727
3 3 3 7 727
3 3 6 7 727
7 9 0 0 728
3 3 7 0 728
3 3 7 3 728
3 3 7 6 728
9 7 0 0 729
3 3 0 7 729
3 3 3 7 729
3 3 6 7 729
7 9 0 0 730
3 3 7 0 730
3 3 7 3 730
3 3 7 6 730
9 7 0 0 731
3 3 0 7 731
3 3 3 7 731
3 3 6 7 731
7 9 0 0 732
3 3 7 0 732
3 3 7 3 732
3 3 7 6 732
7 9 0 0 733
3 3 7 0 733
3 3 7 3 733
3 3 7 6 733
9 7 0 0 734
3 3 0 7 734
3 3 3 7 734
3 3 6 7 734
7 9 0 0 735
3 3 7 0 735
3 3 7 3 735
3 3 7 6 735
7 9 0 0 736
3 3 7 0 736
3 3 7 3 736
3 3 7 6 736
8 7 0 0 737
3 3 0 7 737
3 3 3 7 737
3 3 6 7 737
7 8 0 0 738
3 3 7 0 738
3 3 7 3 738
3 3 7 6 738
8 7 0 0 739
3 3 0 7 739
3 3 3 7 739
3 3 6 7 739
7 8 0 0 740
3 3 7 0 740
3 3 7 3 740
3 3 7 6 740
7 8 0 0 741
3 3 7 0 741
3 3 7 3 741
3 3 7 6 741
8 7 0 0 742
3 3 0 7 742
3 3 3 7 742
3 3 6 7 742
7 8 0 0 743
3 3 7 0 743
3 3 7 3 743
3 3 7 6 743
7 8 0 0 744
3 3 7 0 744
3 3 7 3 744
3 3 7 6 744
7 8 0 0 745
3 3 7 0 745
3 3 7 3 745
3 3 7 6 745
7 8 0 0 746
3 3 7 0 746
3 3 7 3 746
3 3 7 6 746
7 8 0 0 747
3 3 7 0 747
3 3 7 3 747
3 3 7 6 747
8 7 0 0 748
3 3 0 7 748
3 3 3 7 748
3 3 6 7 748
7 8 0 0 749
3 3 7 0 749
3 3 7 3 749
3 3 7 6 749
8 7 0 0 750
3 3 0 7 750
3 3 3 7 750
3 3 6 7 750
7 8 0 0 751
3 3 7 0 751
3 3 7 3 751
3 3 7 6 751
8 7 0 0 752
3 3 0 7 752
3 3 3 7 752
3 3 6 7 752
7 8 0 0 753
3 3 7 0 753
3 3 7 3 753
3 3 7 6 753
8 7 0 0 754
3 3 0 7 754
3 3 3 7 754
3 3 6 7 754
8 7 0 0 755
3 3 0 7 755
3 3 3 7 755
3 3 6 7 755
8 7 0 0 756
3 3 0 7 756
3 3 3 7 756
3 3 6 7 756
7 8 0 0 757
3 3 7 0 757
3 3 7 3 757
3 3 7 6 757
8 7 0 0 758
3 3 0 7 758
3 3 3 7 758
3 3 6 7 758
7 8 0 0 759
3 3 7 0 759
3 3 7 3 759
3 3 7 6 759
8 7 0 0 760
3 3 0 7 760
3 3 3 7 760
3 3 6 7 760
7 8 0 0 761
3 3 7 0 761
3 3 7 3 761
3 3 7 6 761
8 7 0 0 762
3 3 0 7 762
3 3 3 7 762
3 3 6 7 762
7 8 0 0 763
3 3 7 0 763
3 3 7 3 763
3 3 7 6 763
8 7 0 0 764
3 3 0 7 764
3 3 3 7 764
3 3 6 7 764
7 8 0 0 765
3 3 7 0 765
3 3 7 3 765
3 3 7 6 765
7 8 0 0 766
3 3 7 0 766
3 3 7 3 766
3 3 7 6 766
8 7 0 0 767
3 3 0 7 767
3 3 3 7 767
3 3 6 7 767
8 7 0 0 768
3 3 0 7 768
3 3 3 7 768
3 3 6 7 768
8 7 0 0 769
3 3 0 7 769
3 3 3 7 769
3 3 6 7 769
8 7 0 0 770
3 3 0 7 770
3 3 3 7 770
3 3 6 7 770
7 8 0 0 771
3 3 7 0 771
3 3 7 3 771
3 3 7 6 771
8 7 0 0 772
3 3 0 7 772
3 3 3 7 772
3 3 6 7 772
8 7 0 0 773
3 3 0 7 773
3 3 3 7 773
3 3 6 7 773
7 8 0 0 774
3 3 7 0 774
3 3 7 3 774
3 3 7 6 774
8 7 0 0 775
3 3 0 7 775
3 3 3 7 775
3 3 6 7 775
7 8 0 0 776
3 3 7 0 776
3 3 7 3 776
3 3 7 6 776
7 8 0 0 777
3 3 7 0 777
3 3 7 3 777
3 3 7 6 777
7 8 0 0 778
3 3 7 0 778
3 3 7 3 778
3 3 7 6 778
7 8 0 0 779
3 3 7 0 779
3 3 7 3 779
3 3 7 6 779
7 8 0 0 780
3 3 7 0 780
3 3 7 3 780
3 3 7 6 780
8 7 0 0 781
3 3 0 7 781
3 3 3 7 781
3 3 6 7 781
8 7 0 0 782
3 3 0 7 782
3 3 3 7 782
3 3 6 7 782
7 8 0 0 783
3 3 7 0 783
3 3 7 3 783
3 3 7 6 783
7 8 0 0 784
3 3 7 0 784
3 3 7 3 784
3 3 7 6 784
7 8 0 0 785
3 3 7 0 785
3 3 7 3 785
3 3 7 6 785
8 7 0 0 786
3 3 0 7 786
3 3 3 7 786
3 3 6 7 786
7 8 0 0 787
3 3 7 0 787
3 3 7 3 787
3 3 7 6 787
7 8 0 0 788
3 3 7 0 788
3 3 7 3 788
3 3 7 6 788
7 8 0 0 789
3 3 7 0 789
3 3 7 3 789
3 3 7 6 789
8 7 0 0 790
3 3 0 7 790
3 3 3 7 790
3 3 6 7 790
8 7 0 0 791
3 3 0 7 791
3 3 3 7 791
3 3 6 7 791
7 8 0 0 792
3 3 7 0 792
3 3 7 3 792
3 3 7 6 792
8 7 0 0 793
3 3 0 7 793
3 3 3 7 793
3 3 6 7 793
7 8 0 0 794
3 3 7 0 794
3 3 7 3 794
3 3 7 6 794
7 8 0 0 795
3 3 7 0 795
3 3 7 3 795
3 3 7 6 795
7 8 0 0 796
3 3 7 0 796
3 3 7 3 796
3 3 7 6 796
8 7 0 0 797
3 3 0 7 797
3 3 3 7 797
3 3 6 7 797
8 7 0 0 798
3 3 0 7 798
3 3 3 7 798
3 3 6 7 798
7 8 0 0 799
3 3 7 0 799
3 3 7 3 799
3 3 7 6 799
8 7 0 0 800
3 3 0 7 800
3 3 3 7 800
3 3 6 7 800
7 8 0 0 801
3 3 7 0 801
3 3 7 3 801
3 3 7 6 801
8 7 0 0 802
3 3 0 7 802
3 3 3 7 802
3 3 6 7 802
8 7 0 0 803
3 3 0 7 803
3 3 3 7 803
3 3 6 7 803
7 8 0 0 804
3 3 7 0 804
3 3 7 3 804
3 3 7 6 804
7 8 0 0 805
3 3 7 0 805
3 3 7 3 805
3 3 7 6 805
8 7 0 0 806
3 3 0 7 806
3 3 3 7 806
3 3 6 7 806
8 7 0 0 807
3 3 0 7 807
3 3 3 7 807
3 3 6 7 807
8 7 0 0 808
3 3 0 7 808
3 3 3 7 808
3 3 6 7 808
8 7 0 0 809
3 3 0 7 809
3 3 3 7 809
3 3 6 7 809
7 8 0 0 810
3 3 7 0 810
3 3 7 3 810
3 3 7 6 810
7 8 0 0 811
3 3 7 0 811
3 3 7 3 811
3 3 7 6 811
8 7 0 0 812
3 3 0 7 812
3 3 3 7 812
3 3 6 7 812
7 8 0 0 813
3 3 7 0 813
3 3 7 3 813
3 3 7 6 813
8 7 0 0 814
3 3 0 7 814
3 3 3 7 814
3 3 6 7 814
8 7 0 0 815
3 3 0 7 815
3 3 3 7 815
3 3 6 7 815
8 7 0 0 816
3 3 0 7 816
3 3 3 7 816
3 3 6 7 816
8 7 0 0 817
3 3 0 7 817
3 3 3 7 817
3 3 6 7 817
7 8 0 0 818
3 3 7 0 818
3 3 7 3 818
3 3 7 6 818
8 7 0 0 819
3 3 0 7 819
3 3 3 7 819
3 3 6 7 819
8 7 0 0 820
3 3 0 7 820
3 3 3 7 820
3 3 6 7 820
7 8 0 0 821
3 3 7 0 821
3 3 7 3 821
3 3 7 6 821
7 8 0 0 822
3 3 7 0 822
3 3 7 3 822
3 3 7 6 822
7 8 0 0 823
3 3 7 0 823
3 3 7 3 823
3 3 7 6 823
8 7 0 0 824
3 3 0 7 824
3 3 3 7 824
3 3 6 7 824
7 8 0 0 825
3 3 7 0 825
3 3 7 3 825
3 3 7 6 825
8 7 0 0 826
3 3 0 7 826
3 3 3 7 826
3 3 6 7 826
8 7 0 0 827
3 3 0 7 827
3 3 3 7 827
3 3 6 7 827
6 9 0 0 828
3 3 6 0 828
3 3 6 3 828
3 3 6 6 828
6 9 0 0 829
3 3 6 0 829
3 3 6 3 829
3 3 6 6 829
9 6 0 0 830
3 3 0 6 830
3 3 3 6 830
3 3 6 6 830
6 9 0 0 831
3 3 6 0 831
3 3 6 3 831
4 3 6 6 831
6 9 0 0 832
4 3 6 0 832
3 4 6 3 832
4 3 6 7 832
6 9 0 0 833
3 4 6 0 833
4 3 6 4 833
4 3 6 7 833
6 9 0 0 834
3 4 6 0 834
3 4 6 4 834
6 9 0 0 835
3 4 6 0 835
3 4 6 4 835
9 6 0 0 836
3 4 0 6 836
3 4 3 6 836
3 4 6 6 836
6 9 0 0 837
4 3 6 0 837
4 3 6 3 837
4 3 6 6 837
9 6 0 0 838
3 4 0 6 838
4 3 3 6 838
3 4 7 6 838
9 6 0 0 839
4 3 0 6 839
3 4 4 6 839
3 4 7 6 839
6 9 0 0 840
4 3 6 0 840
3 4 6 3 840
4 3 6 7 840
9 6 0 0 841
3 4 0 6 841
4 3 3 6 841
3 4 7 6 841
9 6 0 0 842
3 4 0 6 842
3 4 3 6 842
3 4 6 6 842
9 6 0 0 843
4 3 0 6 843
3 4 4 6 843
3 4 7 6 843
9 6 0 0 844
4 3 0 6 844
3 4 4 6 844
3 4 7 6 844
6 9 0 0 845
3 4 6 0 845
4 3 6 4 845
4 3 6 7 845
6 9 0 0 846
3 4 6 0 846
3 4 6 4 846
9 6 0 0 847
3 4 0 6 847
4 3 3 6 847
3 4 7 6 847
6 9 0 0 848
4 3 6 0 848
4 3 6 3 848
4 3 6 6 848
9 6 0 0 849
4 3 0 6 849
4 3 4 6 849
6 9 0 0 850
4 3 6 0 850
3 4 6 3 850
4 3 6 7 850
9 6 0 0 851
3 4 0 6 851
3 4 3 6 851
3 4 6 6 851
9 6 0 0 852
3 4 0 6 852
3 4 3 6 852
3 4 6 6 852
6 9 0 0 853
4 3 6 0 853
4 3 6 3 853
4 3 6 6 853
6 9 0 0 854
3 4 6 0 854
3 4 6 4 854
6 9 0 0 855
3 4 6 0 855
3 4 6 4 855
6 9 0 0 856
4 3 6 0 856
3 4 6 3 856
4 3 6 7 856
9 6 0 0 857
3 4 0 6 857
3 4 3 6 857
4 3 6 6 857
6 9 0 0 858
3 4 6 0 858
3 4 6 4 858
9 6 0 0 859
4 3 0 6 859
4 3 4 6 859
6 9 0 0 860
3 4 6 0 860
4 3 6 4 860
4 3 6 7 860
6 9 0 0 861
4 3 6 0 861
3 4 6 3 861
4 3 6 7 861
6 9 0 0 862
3 4 6 0 862
4 3 6 4 862
4 3 6 7 862
6 9 0 0 863
3 4 6 0 863
3 4 6 4 863
9 6 0 0 864
3 4 0 6 864
3 4 3 6 864
3 4 6 6 864
9 6 0 0 865
3 4 0 6 865
3 4 3 6 865
3 4 6 6 865
6 9 0 0 866
3 4 6 0 866
3 4 6 4 866
6 9 0 0 867
4 3 6 0 867
4 3 6 3 867
4 3 6 6 867
9 6 0 0 868
3 4 0 6 868
3 4 3 6 868
4 3 6 6 868
9 6 0 0 869
4 3 0 6 869
3 4 4 6 869
3 4 7 6 869
9 6 0 0 870
4 3 0 6 870
3 4 4 6 870
3 4 7 6 870
6 9 0 0 871
3 5 6 0 871
3 5 6 5 871
6 9 0 0 872
3 5 6 0 872
3 5 6 5 872
9 6 0 0 873
5 3 0 6 873
5 3 5 6 873
9 6 0 0 874
5 3 0 6 874
5 3 5 6 874
6 9 0 0 875
3 5 6 0 875
3 5 6 5 875
6 9 0 0 876
3 5 6 0 876
3 5 6 5 876
9 6 0 0 877
5 3 0 6 877
5 3 5 6 877
6 9 0 0 878
3 5 6 0 878
3 5 6 5 878
9 6 0 0 879
5 3 0 6 879
5 3 5 6 879
9 6 0 0 880
5 3 0 6 880
5 3 5 6 880
6 9 0 0 881
3 5 6 0 881
3 5 6 5 881
6 9 0 0 882
3 5 6 0 882
3 5 6 5 882
9 6 0 0 883
5 3 0 6 883
5 3 5 6 883
9 6 0 0 884
5 3 0 6 884
5 3 5 6 884
9 6 0 0 885
5 3 0 6 885
5 3 5 6 885
9 6 0 0 886
5 3 0 6 886
5 3 5 6 886
9 6 0 0 887
5 3 0 6 887
5 3 5 6 887
9 6 0 0 888
5 3 0 6 888
5 3 5 6 888
6 9 0 0 889
3 5 6 0 889
3 5 6 5 889
9 6 0 0 890
5 3 0 6 890
5 3 5 6 890
9 6 0 0 891
5 3 0 6 891
5 3 5 6 891
9 6 0 0 892
5 3 0 6 892
5 3 5 6 892
6 9 0 0 893
3 5 6 0 893
3 5 6 5 893
9 6 0 0 894
5 3 0 6 894
5 3 5 6 894
9 6 0 0 895
5 3 0 6 895
5 3 5 6 895
9 6 0 0 896
5 3 0 6 896
5 3 5 6 896
6 9 0 0 897
3 5 6 0 897
3 5 6 5 897
9 6 0 0 898
5 3 0 6 898
5 3 5 6 898
6 9 0 0 899
3 5 6 0 899
3 5 6 5 899
6 9 0 0 900
3 5 6 0 900
3 5 6 5 900
7 7 0 0 901
3 5 7 0 901
3 5 7 5 901
5 3 0 7 901
7 7 0 0 902
3 5 7 0 902
3 5 7 5 902
5 3 0 7 902
7 7 0 0 903
3 5 7 0 903
3 5 7 5 903
5 3 0 7 903
7 7 0 0 904
3 5 7 0 904
3 5 7 5 904
5 3 0 7 904
7 7 0 0 905
3 5 7 0 905
3 5 7 5 905
5 3 0 7 905
7 7 0 0 906
3 5 7 0 906
3 5 7 5 906
5 3 0 7 906
7 7 0 0 907
3 5 7 0 907
3 5 7 5 907
5 3 0 7 907
7 7 0 0 908
3 5 7 0 908
3 5 7 5 908
5 3 0 7 908
7 7 0 0 909
3 5 7 0 909
3 5 7 5 909
5 3 0 7 909
7 7 0 0 910
3 5 7 0 910
3 5 7 5 910
5 3 0 7 910
7 7 0 0 911
5 3 0 7 911
3 5 7 0 911
3 5 7 5 911
7 7 0 0 912
5 3 0 7 912
3 5 7 0 912
5 3 5 7 912
7 7 0 0 913
5 3 0 7 913
5 3 5 7 913
3 5 7 0 913
7 7 0 0 914
5 3 0 7 914
5 3 5 7 914
3 5 7 0 914
7 7 0 0 915
5 3 0 7 915
5 3 5 7 915
3 5 7 0 915
7 7 0 0 916
5 3 0 7 916
5 3 5 7 916
3 5 7 0 916
7 7 0 0 917
5 3 0 7 917
5 3 5 7 917
3 5 7 0 917
7 7 0 0 918
5 3 0 7 918
5 3 5 7 918
3 5 7 0 918
7 7 0 0 919
5 3 0 7 919
5 3 5 7 919
3 5 7 0 919
7 7 0 0 920
5 3 0 7 920
5 3 5 7 920
3 5 7 0 920
7 7 0 0 921
5 3 0 7 921
5 3 5 7 921
3 5 7 0 921
7 7 0 0 922
5 3 0 7 922
5 3 5 7 922
3 5 7 0 922
7 7 0 0 923
5 3 0 7 923
5 3 5 7 923
3 6 7 0 923
7 7 0 0 924
5 3 0 7 924
5 3 5 7 924
3 6 7 0 924
7 7 0 0 925
5 3 0 7 925
5 3 5 7 925
3 6 7 0 925
7 7 0 0 926
5 3 0 7 926
5 3 5 7 926
3 6 7 0 926
7 7 0 0 927
5 3 0 7 927
5 3 5 7 927
3 6 7 0 927
7 7 0 0 928
5 3 0 7 928
5 3 5 7 928
3 6 7 0 928
7 7 0 0 929
5 3 0 7 929
5 3 5 7 929
3 6 7 0 929
7 7 0 0 930
5 3 0 7 930
5 3 5 7 930
3 6 7 0 930
7 7 0 0 931
5 3 0 7 931
2 8 7 0 931
7 7 0 0 932
2 8 7 0 932
8 2 0 8 932
7 7 0 0 933
2 8 7 0 933
8 2 0 8 933
7 7 0 0 934
2 8 7 0 934
8 2 0 8 934
7 7 0 0 935
2 8 7 0 935
8 2 0 8 935
7 7 0 0 936
2 8 7 0 936
8 2 0 8 936
7 7 0 0 937
2 8 7 0 937
8 2 0 8 937
7 7 0 0 938
2 8 7 0 938
6 3 0 7 938
7 7 0 0 939
2 8 7 0 939
6 3 0 7 939
7 7 0 0 940
2 8 7 0 940
9 2 0 8 940
7 7 0 0 941
2 8 7 0 941
6 3 0 7 941
8 6 0 0 942
4 4 0 6 942
4 4 4 6 942
2 8 8 0 942
8 6 0 0 943
4 4 0 6 943
4 4 4 6 943
2 8 8 0 943
6 8 0 0 944
4 4 6 0 944
4 4 6 4 944
9 2 0 8 944
8 6 0 0 945
4 4 0 6 945
4 4 4 6 945
2 8 8 0 945
6 8 0 0 946
4 4 6 0 946
4 4 6 4 946
9 2 0 8 946
6 8 0 0 947
4 4 6 0 947
4 4 6 4 947
9 2 0 8 947
6 8 0 0 948
4 4 6 0 948
4 4 6 4 948
9 2 0 8 948
8 6 0 0 949
4 4 0 6 949
4 4 4 6 949
2 8 8 0 949
6 8 0 0 950
4 4 6 0 950
4 4 6 4 950
9 2 0 8 950
6 8 0 0 951
4 4 6 0 951
4 4 6 4 951
9 2 0 8 951
6 8 0 0 952
4 4 6 0 952
4 4 6 4 952
9 2 0 8 952
6 8 0 0 953
4 4 6 0 953
4 4 6 4 953
9 2 0 8 953
8 6 0 0 954
4 4 0 6 954
4 4 4 6 954
2 8 8 0 954
8 6 0 0 955
4 4 0 6 955
4 4 4 6 955
2 8 8 0 955
6 8 0 0 956
4 4 6 0 956
4 4 6 4 956
9 2 0 8 956
8 6 0 0 957
4 4 0 6 957
4 4 4 6 957
2 8 8 0 957
8 6 0 0 958
4 4 0 6 958
4 4 4 6 958
2 8 8 0 958
8 6 0 0 959
4 4 0 6 959
4 4 4 6 959
2 8 8 0 959
6 8 0 0 960
4 4 6 0 960
4 4 6 4 960
9 2 0 8 960
6 8 0 0 961
4 4 6 0 961
4 4 6 4 961
9 2 0 8 961
8 6 0 0 962
4 4 0 6 962
4 4 4 6 962
2 8 8 0 962
8 6 0 0 963
4 4 0 6 963
4 4 4 6 963
2 9 8 0 963
6 8 0 0 964
4 4 6 0 964
4 4 6 4 964
9 2 0 8 964
6 8 0 0 965
4 4 6 0 965
4 4 6 4 965
9 2 0 8 965
8 6 0 0 966
4 4 0 6 966
4 4 4 6 966
2 9 8 0 966
6 8 0 0 967
4 4 6 0 967
4 4 6 4 967
9 2 0 8 967
8 6 0 0 968
4 4 0 6 968
4 4 4 6 968
2 9 8 0 968
8 6 0 0 969
4 4 0 6 969
4 4 4 6 969
2 9 8 0 969
6 8 0 0 970
4 4 6 0 970
4 4 6 4 970
9 2 0 8 970
8 6 0 0 971
4 4 0 6 971
4 4 4 6 971
2 9 8 0 971
8 6 0 0 972
4 4 0 6 972
4 4 4 6 972
2 9 8 0 972
6 8 0 0 973
4 4 6 0 973
4 4 6 4 973
9 2 0 8 973
6 8 0 0 974
4 4 6 0 974
4 4 6 4 974
9 2 0 8 974
8 6 0 0 975
6 3 0 6 975
2 9 8 0 975
8 6 0 0 976
6 3 0 6 976
2 9 8 0 976
6 8 0 0 977
2 9 6 0 977
2 9 8 0 977
6 8 0 0 978
2 9 6 0 978
2 9 8 0 978
8 6 0 0 979
6 3 0 6 979
2 9 8 0 979
6 8 0 0 980
2 9 6 0 980
2 9 8 0 980
6 8 0 0 981
2 9 6 0 981
2 9 8 0 981
6 8 0 0 982
2 9 6 0 982
2 9 8 0 982
8 6 0 0 983
6 3 0 6 983
2 9 8 0 983
6 8 0 0 984
3 6 6 0 984
9 2 0 8 984
8 6 0 0 985
6 3 0 6 985
2 9 8 0 985
8 6 0 0 986
6 3 0 6 986
2 9 8 0 986
6 8 0 0 987
2 9 6 0 987
2 9 8 0 987
6 8 0 0 988
3 6 6 0 988
9 2 0 8 988
8 6 0 0 989
6 3 0 6 989
2 9 8 0 989
8 6 0 0 990
6 3 0 6 990
2 9 8 0 990
8 6 0 0 991
6 3 0 6 991
2 9 8 0 991
6 8 0 0 992
9 2 0 8 992
3 6 6 0 992
8 6 0 0 993
6 3 0 6 993
2 9 8 0 993
6 8 0 0 994
9 2 0 8 994
3 6 6 0 994
8 6 0 0 995
6 3 0 6 995
2 9 8 0 995
8 6 0 0 996
6 3 0 6 996
2 9 8 0 996
6 8 0 0 997
9 2 0 8 997
3 6 6 0 997
8 6 0 0 998
6 3 0 6 998
2 9 8 0 998
6 8 0 0 999
9 2 0 8 999
3 6 6 0 999
6 8 0 0 1000
9 2 0 8 1000
3 6 6 0 1000
6 8 0 0 1001
9 2 0 8 1001
3 6 6 0 1001
6 8 0 0 1002
9 2 0 8 1002
3 6 6 0 1002
6 8 0 0 1003
9 2 0 8 1003
3 6 6 0 1003
6 8 0 0 1004
9 2 0 8 1004
3 6 6 0 1004
8 6 0 0 1005
6 3 0 6 1005
2 9 8 0 1005
6 8 0 0 1006
9 2 0 8 1006
3 6 6 0 1006
6 8 0 0 1007
9 2 0 8 1007
3 6 6 0 1007
6 8 0 0 1008
2 9 6 0 1008
2 9 8 0 1008
8 6 0 0 1009
6 3 0 6 1009
2 9 8 0 1009
8 6 0 0 1010
6 3 0 6 1010
2 9 8 0 1010
6 8 0 0 1011
9 2 0 8 1011
3 6 6 0 1011
8 6 0 0 1012
6 3 0 6 1012
2 9 8 0 1012
8 6 0 0 1013
9 2 0 6 1013
9 2 0 8 1013
8 6 0 0 1014
6 3 0 6 1014
2 9 8 0 1014
8 6 0 0 1015
6 3 0 6 1015
2 9 8 0 1015
8 6 0 0 1016
6 3 0 6 1016
2 9 8 0 1016
6 8 0 0 1017
9 2 0 8 1017
3 6 6 0 1017
8 6 0 0 1018
6 3 0 6 1018
2 9 8 0 1018
8 6 0 0 1019
9 2 0 6 1019
9 2 0 8 1019
8 6 0 0 1020
9 2 0 6 1020
9 2 0 8 1020
6 8 0 0 1021
2 9 6 0 1021
2 9 8 0 1021
6 8 0 0 1022
9 2 0 8 1022
3 6 6 0 1022
8 6 0 0 1023
6 3 0 6 1023
2 9 8 0 1023
6 8 0 0 1024
9 2 0 8 1024
3 6 6 0 1024
9 5 0 0 1025
9 5 0 5 1025
5 9 0 0 1026
5 9 5 0 1026
9 5 0 0 1027
9 5 0 5 1027
5 9 0 0 1028
5 9 5 0 1028
9 5 0 0 1029
9 5 0 5 1029
5 9 0 0 1030
5 9 5 0 1030
9 5 0 0 1031
9 5 0 5 1031
5 9 0 0 1032
5 9 5 0 1032
5 9 0 0 1033
5 9 5 0 1033
9 5 0 0 1034
9 5 0 5 1034
9 5 0 0 1035
9 5 0 5 1035
5 9 0 0 1036
5 9 5 0 1036
5 9 0 0 1037
5 9 5 0 1037
9 5 0 0 1038
9 2 0 5 1038
6 3 0 7 1038
5 9 0 0 1039
5 9 5 0 1039
5 9 0 0 1040
5 9 5 0 1040
9 5 0 0 1041
9 5 0 5 1041
9 5 0 0 1042
9 5 0 5 1042
5 9 0 0 1043
5 9 5 0 1043
5 9 0 0 1044
5 9 5 0 1044
5 9 0 0 1045
5 9 5 0 1045
9 5 0 0 1046
9 5 0 5 1046
9 5 0 0 1047
9 5 0 5 1047
5 9 0 0 1048
5 8 5 0 1048
6 7 0 0 1049
2 9 6 0 1049
2 9 8 0 1049
6 3 0 7 1049
6 7 0 0 1050
2 9 6 0 1050
2 9 8 0 1050
6 3 0 7 1050
6 7 0 0 1051
9 2 0 7 1051
3 6 6 0 1051
7 6 0 0 1052
9 2 0 6 1052
9 2 0 8 1052
3 6 7 0 1052
6 7 0 0 1053
2 9 6 0 1053
2 9 8 0 1053
6 3 0 7 1053
6 7 0 0 1054
9 2 0 7 1054
3 6 6 0 1054
6 7 0 0 1055
2 9 6 0 1055
2 9 8 0 1055
6 3 0 7 1055
6 7 0 0 1056
9 2 0 7 1056
3 6 6 0 1056
7 6 0 0 1057
9 2 0 6 1057
9 2 0 8 1057
3 6 7 0 1057
7 6 0 0 1058
9 2 0 6 1058
9 2 0 8 1058
3 6 7 0 1058
6 7 0 0 1059
9 2 0 7 1059
3 6 6 0 1059
6 7 0 0 1060
9 2 0 7 1060
3 6 6 0 1060
6 7 0 0 1061
9 2 0 7 1061
3 6 6 0 1061
6 7 0 0 1062
9 2 0 7 1062
3 6 6 0 1062
6 7 0 0 1063
9 2 0 7 1063
3 6 6 0 1063
7 6 0 0 1064
9 2 0 6 1064
9 2 0 8 1064
3 6 7 0 1064
7 6 0 0 1065
9 2 0 6 1065
9 2 0 8 1065
3 6 7 0 1065
6 7 0 0 1066
6 3 0 7 1066
2 9 6 0 1066
2 9 8 0 1066
6 7 0 0 1067
9 2 0 7 1067
3 6 6 0 1067
6 7 0 0 1068
2 9 6 0 1068
2 9 8 0 1068
6 3 0 7 1068
7 6 0 0 1069
2 9 7 0 1069
6 3 0 6 1069
7 6 0 0 1070
2 9 7 0 1070
6 3 0 6 1070
7 6 0 0 1071
9 2 0 6 1071
9 2 0 8 1071
3 6 7 0 1071
6 7 0 0 1072
2 9 6 0 1072
2 9 8 0 1072
6 3 0 7 1072
7 6 0 0 1073
2 9 7 0 1073
6 3 0 6 1073
6 7 0 0 1074
2 9 6 0 1074
2 9 8 0 1074
6 3 0 7 1074
7 6 0 0 1075
9 2 0 6 1075
9 2 0 8 1075
3 6 7 0 1075
6 7 0 0 1076
9 2 0 7 1076
3 6 6 0 1076
7 6 0 0 1077
2 9 7 0 1077
6 3 0 6 1077
6 7 0 0 1078
2 9 6 0 1078
2 9 8 0 1078
6 3 0 7 1078
6 7 0 0 1079
9 2 0 7 1079
3 6 6 0 1079
7 6 0 0 1080
2 9 7 0 1080
6 3 0 6 1080
6 7 0 0 1081
2 9 6 0 1081
2 9 8 0 1081
6 3 0 7 1081
6 7 0 0 1082
9 2 0 7 1082
3 6 6 0 1082
7 6 0 0 1083
9 2 0 6 1083
9 2 0 8 1083
3 6 7 0 1083
7 6 0 0 1084
2 9 7 0 1084
6 3 0 6 1084
6 7 0 0 1085
2 9 6 0 1085
2 9 8 0 1085
6 3 0 7 1085
6 7 0 0 1086
2 9 6 0 1086
2 9 8 0 1086
6 3 0 7 1086
7 6 0 0 1087
9 2 0 6 1087
9 2 0 8 1087
3 6 7 0 1087
6 7 0 0 1088
9 2 0 7 1088
3 6 6 0 1088
7 6 0 0 1089
9 2 0 6 1089
9 2 0 8 1089
3 6 7 0 1089
7 6 0 0 1090
9 2 0 6 1090
9 2 0 8 1090
3 6 7 0 1090
7 6 0 0 1091
2 9 7 0 1091
6 3 0 6 1091
6 7 0 0 1092
2 9 6 0 1092
2 9 8 0 1092
6 3 0 7 1092
6 7 0 0 1093
2 9 6 0 1093
2 9 8 0 1093
6 3 0 7 1093
7 6 0 0 1094
9 2 0 6 1094
9 2 0 8 1094
3 6 7 0 1094
7 6 0 0 1095
2 9 7 0 1095
6 3 0 6 1095
7 6 0 0 1096
9 2 0 6 1096
9 2 0 8 1096
3 6 7 0 1096
6 7 0 0 1097
2 9 6 0 1097
2 9 8 0 1097
6 3 0 7 1097
6 7 0 0 1098
2 9 6 0 1098
2 9 8 0 1098
6 3 0 7 1098
7 6 0 0 1099
9 2 0 6 1099
9 2 0 8 1099
3 6 7 0 1099
6 7 0 0 1100
2 9 6 0 1100
2 9 8 0 1100
6 3 0 7 1100
7 6 0 0 1101
2 9 7 0 1101
6 3 0 6 1101
7 6 0 0 1102
2 9 7 0 1102
6 3 0 6 1102
6 7 0 0 1103
2 9 6 0 1103
2 9 8 0 1103
6 3 0 7 1103
6 7 0 0 1104
9 2 0 7 1104
3 6 6 0 1104
7 6 0 0 1105
2 9 7 0 1105
6 3 0 6 1105
6 7 0 0 1106
9 2 0 7 1106
3 6 6 0 1106
7 6 0 0 1107
2 9 7 0 1107
6 3 0 6 1107
7 6 0 0 1108
2 9 7 0 1108
6 3 0 6 1108
7 6 0 0 1109
2 9 7 0 1109
6 3 0 6 1109
7 6 0 0 1110
9 2 0 6 1110
9 2 0 8 1110
3 6 7 0 1110
6 7 0 0 1111
2 9 6 0 1111
2 9 8 0 1111
6 7 0 0 1112
9 2 0 7 1112
3 6 6 0 1112
7 6 0 0 1113
9 2 0 6 1113
9 2 0 8 1113
3 6 7 0 1113
7 6 0 0 1114
2 9 7 0 1114
5 4 0 6 1114
6 7 0 0 1115
2 9 6 0 1115
2 9 8 0 1115
6 7 0 0 1116
2 9 6 0 1116
2 9 8 0 1116
7 6 0 0 1117
9 2 0 6 1117
9 2 0 8 1117
3 6 7 0 1117
7 6 0 0 1118
2 9 7 0 1118
5 4 0 6 1118
7 6 0 0 1119
2 9 7 0 1119
5 4 0 6 1119
7 6 0 0 1120
9 2 0 6 1120
9 2 0 8 1120
3 6 7 0 1120
6 7 0 0 1121
2 9 6 0 1121
2 9 8 0 1121
7 6 0 0 1122
2 9 7 0 1122
5 4 0 6 1122
8 5 0 0 1123
2 9 8 0 1123
8 5 0 5 1123
5 8 0 0 1124
2 9 5 0 1124
2 9 7 0 1124
8 5 0 0 1125
8 5 0 5 1125
2 9 8 0 1125
8 5 0 0 1126
8 5 0 5 1126
2 9 8 0 1126
5 8 0 0 1127
5 8 5 0 1127
9 2 0 8 1127
5 8 0 0 1128
5 8 5 0 1128
9 2 0 8 1128
8 5 0 0 1129
8 5 0 5 1129
2 9 8 0 1129
5 8 0 0 1130
5 8 5 0 1130
9 2 0 8 1130
8 5 0 0 1131
2 9 8 0 1131
8 5 0 5 1131
5 8 0 0 1132
5 8 5 0 1132
9 2 0 8 1132
5 8 0 0 1133
5 8 5 0 1133
9 2 0 8 1133
8 5 0 0 1134
8 5 0 5 1134
2 9 8 0 1134
5 8 0 0 1135
5 8 5 0 1135
9 2 0 8 1135
5 8 0 0 1136
9 2 0 8 1136
5 8 5 0 1136
8 5 0 0 1137
8 5 0 5 1137
2 9 8 0 1137
5 8 0 0 1138
5 8 5 0 1138
9 2 0 8 1138
8 5 0 0 1139
8 5 0 5 1139
2 9 8 0 1139
8 5 0 0 1140
8 5 0 5 1140
2 9 8 0 1140
5 8 0 0 1141
2 9 5 0 1141
2 9 7 0 1141
8 5 0 0 1142
8 5 0 5 1142
2 9 8 0 1142
8 5 0 0 1143
8 5 0 5 1143
2 9 8 0 1143
8 5 0 0 1144
8 5 0 5 1144
2 9 8 0 1144
5 8 0 0 1145
5 8 5 0 1145
9 2 0 8 1145
8 5 0 0 1146
8 5 0 5 1146
2 10 8 0 1146
8 5 0 0 1147
8 5 0 5 1147
2 10 8 0 1147
5 8 0 0 1148
5 8 5 0 1148
9 2 0 8 1148
8 5 0 0 1149
8 5 0 5 1149
2 10 8 0 1149
5 8 0 0 1150
5 8 5 0 1150
10 2 0 8 1150
8 5 0 0 1151
4 5 0 5 1151
4 5 4 5 1151
2 10 8 0 1151
8 5 0 0 1152
8 5 0 5 1152
2 10 8 0 1152
5 8 0 0 1153
5 8 5 0 1153
10 2 0 8 1153
5 8 0 0 1154
5 8 5 0 1154
10 2 0 8 1154
8 5 0 0 1155
8 5 0 5 1155
2 10 8 0 1155
5 8 0 0 1156
5 8 5 0 1156
10 2 0 8 1156
8 5 0 0 1157
8 5 0 5 1157
2 10 8 0 1157
6 6 0 0 1158
2 10 6 0 1158
5 4 0 6 1158
2 10 8 0 1158
6 6 0 0 1159
2 10 6 0 1159
2 10 8 0 1159
5 4 0 6 1159
6 6 0 0 1160
10 2 0 6 1160
10 2 0 8 1160
4 5 6 0 1160
6 6 0 0 1161
4 5 6 0 1161
4 5 6 5 1161
5 4 0 6 1161
6 6 0 0 1162
10 2 0 6 1162
4 5 6 0 1162
10 2 0 8 1162
6 6 0 0 1163
10 2 0 6 1163
4 5 6 0 1163
10 2 0 8 1163
6 6 0 0 1164
2 10 6 0 1164
2 10 8 0 1164
5 4 0 6 1164
6 6 0 0 1165
4 5 6 0 1165
4 5 6 5 1165
5 4 0 6 1165
6 6 0 0 1166
2 10 6 0 1166
2 10 8 0 1166
5 4 0 6 1166
6 6 0 0 1167
10 2 0 6 1167
4 5 6 0 1167
10 2 0 8 1167
6 6 0 0 1168
4 5 6 0 1168
4 5 6 5 1168
5 4 0 6 1168
6 6 0 0 1169
10 2 0 6 1169
4 5 6 0 1169
10 2 0 8 1169
6 6 0 0 1170
10 2 0 6 1170
10 2 0 8 1170
4 5 6 0 1170
6 6 0 0 1171
10 2 0 6 1171
10 2 0 8 1171
4 5 6 0 1171
6 6 0 0 1172
2 10 6 0 1172
2 10 8 0 1172
5 4 0 6 1172
6 6 0 0 1173
10 2 0 6 1173
10 2 0 8 1173
4 5 6 0 1173
6 6 0 0 1174
10 2 0 6 1174
10 2 0 8 1174
4 5 6 0 1174
6 6 0 0 1175
2 10 6 0 1175
2 10 8 0 1175
5 4 0 6 1175
6 6 0 0 1176
10 2 0 6 1176
10 2 0 8 1176
4 5 6 0 1176
6 6 0 0 1177
2 10 6 0 1177
2 10 8 0 1177
5 4 0 6 1177
6 6 0 0 1178
10 2 0 6 1178
10 2 0 8 1178
4 5 6 0 1178
6 6 0 0 1179
10 2 0 6 1179
10 2 0 8 1179
4 5 6 0 1179
6 6 0 0 1180
5 4 0 6 1180
5 4 5 6 1180
4 5 6 0 1180
6 6 0 0 1181
10 2 0 6 1181
10 2 0 8 1181
4 5 6 0 1181
6 6 0 0 1182
2 10 6 0 1182
2 10 8 0 1182
5 4 0 6 1182
6 6 0 0 1183
5 4 0 6 1183
5 4 5 6 1183
4 5 6 0 1183
6 6 0 0 1184
2 10 6 0 1184
2 10 8 0 1184
5 4 0 6 1184
6 6 0 0 1185
10 2 0 6 1185
10 2 0 8 1185
4 5 6 0 1185
6 6 0 0 1186
2 10 6 0 1186
2 10 8 0 1186
5 4 0 6 1186
6 6 0 0 1187
2 10 6 0 1187
5 4 0 6 1187
2 10 8 0 1187
6 6 0 0 1188
10 2 0 6 1188
10 2 0 8 1188
4 5 6 0 1188
6 6 0 0 1189
2 10 6 0 1189
2 10 8 0 1189
5 4 0 6 1189
6 6 0 0 1190
2 10 6 0 1190
2 10 8 0 1190
5 4 0 6 1190
6 6 0 0 1191
10 2 0 6 1191
10 2 0 8 1191
4 5 6 0 1191
6 6 0 0 1192
2 10 6 0 1192
5 4 0 6 1192
2 10 8 0 1192
6 6 0 0 1193
10 2 0 6 1193
10 2 0 8 1193
4 5 6 0 1193
6 6 0 0 1194
2 10 6 0 1194
2 10 8 0 1194
5 4 0 6 1194
6 6 0 0 1195
2 10 6 0 1195
2 10 8 0 1195
5 4 0 6 1195
6 6 0 0 1196
10 2 0 6 1196
10 2 0 8 1196
4 5 6 0 1196
6 6 0 0 1197
2 10 6 0 1197
2 10 8 0 1197
5 4 0 6 1197
6 6 0 0 1198
10 2 0 6 1198
10 2 0 8 1198
4 5 6 0 1198
6 6 0 0 1199
2 10 6 0 1199
2 10 8 0 1199
5 4 0 6 1199
6 6 0 0 1200
10 2 0 6 1200
10 2 0 8 1200
4 5 6 0 1200
6 6 0 0 1201
10 2 0 6 1201
10 2 0 8 1201
4 5 6 0 1201
6 6 0 0 1202
2 10 6 0 1202
2 10 8 0 1202
5 4 0 6 1202
6 6 0 0 1203
10 2 0 6 1203
10 2 0 8 1203
4 5 6 0 1203
6 6 0 0 1204
2 10 6 0 1204
2 10 8 0 1204
5 4 0 6 1204
6 6 0 0 1205
2 10 6 0 1205
2 10 8 0 1205
5 4 0 6 1205
6 6 0 0 1206
10 2 0 6 1206
10 2 0 8 1206
4 5 6 0 1206
6 6 0 0 1207
2 10 6 0 1207
2 10 8 0 1207
5 4 0 6 1207
6 6 0 0 1208
10 2 0 6 1208
10 2 0 8 1208
4 5 6 0 1208
6 6 0 0 1209
10 2 0 6 1209
10 2 0 8 1209
4 5 6 0 1209
6 6 0 0 1210
10 2 0 6 1210
10 2 0 8 1210
4 5 6 0 1210
6 6 0 0 1211
10 2 0 6 1211
10 2 0 8 1211
4 5 6 0 1211
6 6 0 0 1212
2 10 6 0 1212
2 10 8 0 1212
5 4 0 6 1212
6 6 0 0 1213
10 2 0 6 1213
10 2 0 8 1213
4 5 6 0 1213
6 6 0 0 1214
2 10 6 0 1214
2 10 8 0 1214
5 4 0 6 1214
6 6 0 0 1215
2 10 6 0 1215
2 10 8 0 1215
5 4 0 6 1215
6 6 0 0 1216
10 2 0 6 1216
10 2 0 8 1216
4 5 6 0 1216
6 6 0 0 1217
10 2 0 6 1217
10 2 0 8 1217
4 5 6 0 1217
6 6 0 0 1218
2 10 6 0 1218
2 10 8 0 1218
5 4 0 6 1218
6 6 0 0 1219
10 2 0 6 1219
10 2 0 8 1219
4 5 6 0 1219
6 6 0 0 1220
10 2 0 6 1220
10 2 0 8 1220
4 5 6 0 1220
6 6 0 0 1221
10 2 0 6 1221
10 2 0 8 1221
4 5 6 0 1221
6 6 0 0 1222
10 2 0 6 1222
10 2 0 8 1222
4 5 6 0 1222
6 6 0 0 1223
2 10 6 0 1223
5 4 0 6 1223
2 10 8 0 1223
6 6 0 0 1224
2 10 6 0 1224
2 10 8 0 1224
5 4 0 6 1224
6 6 0 0 1225
2 10 6 0 1225
2 10 8 0 1225
5 4 0 6 1225
6 6 0 0 1226
2 10 6 0 1226
2 10 8 0 1226
5 4 0 6 1226
6 6 0 0 1227
2 10 6 0 1227
2 10 8 0 1227
5 4 0 6 1227
6 6 0 0 1228
2 10 6 0 1228
2 10 8 0 1228
5 4 0 6 1228
6 6 0 0 1229
2 10 6 0 1229
2 10 8 0 1229
5 4 0 6 1229
6 6 0 0 1230
10 2 0 6 1230
10 2 0 8 1230
4 5 6 0 1230
6 6 0 0 1231
2 10 6 0 1231
2 10 8 0 1231
5 4 0 6 1231
6 6 0 0 1232
2 10 6 0 1232
2 10 8 0 1232
5 4 0 6 1232
6 6 0 0 1233
10 2 0 6 1233
10 2 0 8 1233
4 5 6 0 1233
6 6 0 0 1234
2 10 6 0 1234
2 10 8 0 1234
5 4 0 6 1234
6 6 0 0 1235
2 10 6 0 1235
2 10 8 0 1235
5 4 0 6 1235
6 6 0 0 1236
2 10 6 0 1236
2 10 8 0 1236
5 4 0 6 1236
6 6 0 0 1237
10 2 0 6 1237
10 2 0 8 1237
4 5 6 0 1237
6 6 0 0 1238
2 10 6 0 1238
2 10 8 0 1238
5 4 0 6 1238
6 6 0 0 1239
10 2 0 6 1239
10 2 0 8 1239
4 5 6 0 1239
6 6 0 0 1240
10 2 0 6 1240
10 2 0 8 1240
4 5 6 0 1240
6 6 0 0 1241
10 2 0 6 1241
10 2 0 8 1241
4 5 6 0 1241
6 6 0 0 1242
2 10 6 0 1242
2 10 8 0 1242
5 4 0 6 1242
6 6 0 0 1243
10 2 0 6 1243
10 2 0 8 1243
4 5 6 0 1243
6 6 0 0 1244
2 10 6 0 1244
2 10 8 0 1244
5 4 0 6 1244
6 6 0 0 1245
10 2 0 6 1245
10 2 0 8 1245
4 5 6 0 1245
6 6 0 0 1246
10 2 0 6 1246
10 2 0 8 1246
4 5 6 0 1246
6 6 0 0 1247
2 10 6 0 1247
2 10 8 0 1247
5 4 0 6 1247
6 6 0 0 1248
10 2 0 6 1248
10 2 0 8 1248
4 5 6 0 1248
6 6 0 0 1249
2 10 6 0 1249
2 10 8 0 1249
5 4 0 6 1249
6 6 0 0 1250
10 2 0 6 1250
10 2 0 8 1250
4 5 6 0 1250
6 6 0 0 1251
2 10 6 0 1251
2 10 8 0 1251
5 4 0 6 1251
6 6 0 0 1252
10 2 0 6 1252
10 2 0 8 1252
4 5 6 0 1252
6 6 0 0 1253
10 2 0 6 1253
10 2 0 8 1253
4 5 6 0 1253
6 6 0 0 1254
10 2 0 6 1254
10 2 0 8 1254
4 5 6 0 1254
6 6 0 0 1255
10 2 0 6 1255
10 2 0 8 1255
4 6 6 0 1255
6 6 0 0 1256
2 10 6 0 1256
2 10 8 0 1256
5 4 0 6 1256
6 6 0 0 1257
10 2 0 6 1257
10 2 0 8 1257
4 6 6 0 1257
6 6 0 0 1258
2 10 6 0 1258
2 10 8 0 1258
5 4 0 6 1258
6 6 0 0 1259
10 2 0 6 1259
10 2 0 8 1259
4 6 6 0 1259
6 6 0 0 1260
2 10 6 0 1260
2 10 8 0 1260
5 4 0 6 1260
6 6 0 0 1261
10 2 0 6 1261
10 2 0 8 1261
4 6 6 0 1261
6 6 0 0 1262
2 10 6 0 1262
2 10 8 0 1262
5 4 0 6 1262
6 6 0 0 1263
10 2 0 6 1263
10 2 0 8 1263
4 6 6 0 1263
6 6 0 0 1264
10 2 0 6 1264
10 2 0 8 1264
4 6 6 0 1264
6 6 0 0 1265
10 2 0 6 1265
10 2 0 8 1265
4 6 6 0 1265
6 6 0 0 1266
2 10 6 0 1266
2 10 8 0 1266
5 4 0 6 1266
6 6 0 0 1267
10 2 0 6 1267
10 2 0 8 1267
4 6 6 0 1267
7 5 0 0 1268
7 5 0 5 1268
2 10 7 0 1268
5 7 0 0 1269
10 2 0 7 1269
5 7 5 0 1269
7 5 0 0 1270
7 5 0 5 1270
2 10 7 0 1270
7 5 0 0 1271
7 5 0 5 1271
2 10 7 0 1271
5 7 0 0 1272
5 7 5 0 1272
10 2 0 7 1272
7 5 0 0 1273
7 5 0 5 1273
2 10 7 0 1273
5 7 0 0 1274
5 7 5 0 1274
10 2 0 7 1274
7 5 0 0 1275
7 5 0 5 1275
2 10 7 0 1275
7 5 0 0 1276
7 5 0 5 1276
2 10 7 0 1276
5 7 0 0 1277
5 7 5 0 1277
10 2 0 7 1277
7 5 0 0 1278
7 5 0 5 1278
2 10 7 0 1278
7 5 0 0 1279
7 5 0 5 1279
2 10 7 0 1279
5 7 0 0 1280
5 7 5 0 1280
10 2 0 7 1280
7 5 0 0 1281
7 5 0 5 1281
2 10 7 0 1281
5 7 0 0 1282
5 7 5 0 1282
10 2 0 7 1282
7 5 0 0 1283
7 5 0 5 1283
2 10 7 0 1283
7 5 0 0 1284
7 5 0 5 1284
5 7 0 0 1285
5 7 5 0 1285
7 5 0 0 1286
6 4 0 5 1286
7 5 0 0 1287
7 5 0 5 1287
5 7 0 0 1288
5 7 5 0 1288
7 5 0 0 1289
7 5 0 5 1289
5 7 0 0 1290
5 7 5 0 1290
5 7 0 0 1291
5 7 5 0 1291
7 5 0 0 1292
6 4 0 5 1292
5 7 0 0 1293
5 7 5 0 1293
7 5 0 0 1294
7 5 0 5 1294
7 5 0 0 1295
7 5 0 5 1295
5 7 0 0 1296
5 7 5 0 1296
7 5 0 0 1297
7 5 0 5 1297
5 7 0 0 1298
5 7 5 0 1298
7 5 0 0 1299
6 5 0 5 1299
5 6 0 0 1300
5 6 5 0 1300
6 4 0 6 1300
5 6 0 0 1301
5 6 5 0 1301
6 4 0 6 1301
6 5 0 0 1302
6 5 0 5 1302
4 6 6 0 1302
5 6 0 0 1303
4 6 5 0 1303
6 4 0 6 1303
6 5 0 0 1304
6 5 0 5 1304
4 6 6 0 1304
6 5 0 0 1305
6 5 0 5 1305
4 6 6 0 1305
5 6 0 0 1306
6 4 0 6 1306
5 6 5 0 1306
5 6 0 0 1307
5 6 5 0 1307
6 4 0 6 1307
6 5 0 0 1308
6 5 0 5 1308
4 6 6 0 1308
5 6 0 0 1309
5 6 5 0 1309
6 4 0 6 1309
5 6 0 0 1310
4 6 5 0 1310
6 4 0 6 1310
6 5 0 0 1311
6 5 0 5 1311
4 6 6 0 1311
5 6 0 0 1312
5 6 5 0 1312
6 4 0 6 1312
6 5 0 0 1313
6 5 0 5 1313
4 6 6 0 1313
5 6 0 0 1314
5 6 5 0 1314
6 4 0 6 1314
6 5 0 0 1315
6 5 0 5 1315
4 6 6 0 1315
6 5 0 0 1316
4 6 6 0 1316
6 5 0 5 1316
5 6 0 0 1317
5 6 5 0 1317
6 4 0 6 1317
5 6 0 0 1318
5 6 5 0 1318
6 4 0 6 1318
5 6 0 0 1319
5 6 5 0 1319
6 4 0 6 1319
6 5 0 0 1320
6 5 0 5 1320
4 6 6 0 1320
5 6 0 0 1321
5 6 5 0 1321
6 4 0 6 1321
6 5 0 0 1322
4 6 6 0 1322
6 5 0 5 1322
5 6 0 0 1323
5 6 5 0 1323
6 4 0 6 1323
5 6 0 0 1324
5 6 5 0 1324
6 4 0 6 1324
5 6 0 0 1325
5 6 5 0 1325
6 4 0 6 1325
5 6 0 0 1326
5 6 5 0 1326
6 4 0 6 1326
6 5 0 0 1327
6 5 0 5 1327
4 6 6 0 1327
6 5 0 0 1328
6 5 0 5 1328
4 6 6 0 1328
6 5 0 0 1329
6 5 0 5 1329
4 6 6 0 1329
6 5 0 0 1330
6 5 0 5 1330
4 6 6 0 1330
5 6 0 0 1331
5 6 5 0 1331
6 4 0 6 1331
5 6 0 0 1332
6 4 0 6 1332
4 6 5 0 1332
6 5 0 0 1333
6 5 0 5 1333
4 6 6 0 1333
6 5 0 0 1334
6 5 0 5 1334
4 6 6 0 1334
5 6 0 0 1335
5 6 5 0 1335
6 4 0 6 1335
6 5 0 0 1336
6 5 0 5 1336
4 6 6 0 1336
6 5 0 0 1337
6 5 0 5 1337
4 6 6 0 1337
5 6 0 0 1338
5 6 5 0 1338
6 4 0 6 1338
6 5 0 0 1339
6 5 0 5 1339
4 6 6 0 1339
6 5 0 0 1340
6 5 0 5 1340
4 6 6 0 1340
6 5 0 0 1341
6 5 0 5 1341
4 6 6 0 1341
5 6 0 0 1342
5 6 5 0 1342
6 4 0 6 1342
6 5 0 0 1343
6 5 0 5 1343
4 6 6 0 1343
6 5 0 0 1344
6 5 0 5 1344
4 6 6 0 1344
5 6 0 0 1345
5 6 5 0 1345
6 4 0 6 1345
5 6 0 0 1346
5 6 5 0 1346
6 4 0 6 1346
6 5 0 0 1347
4 6 6 0 1347
6 5 0 5 1347
5 6 0 0 1348
5 6 5 0 1348
6 4 0 6 1348
6 5 0 0 1349
6 5 0 5 1349
4 6 6 0 1349
6 5 0 0 1350
6 5 0 5 1350
4 6 6 0 1350
6 5 0 0 1351
6 5 0 5 1351
4 6 6 0 1351
5 6 0 0 1352
5 6 5 0 1352
6 4 0 6 1352
5 6 0 0 1353
5 6 5 0 1353
6 4 0 6 1353
6 5 0 0 1354
6 5 0 5 1354
4 6 6 0 1354
5 6 0 0 1355
5 6 5 0 1355
6 4 0 6 1355
6 5 0 0 1356
6 5 0 5 1356
4 6 6 0 1356
5 6 0 0 1357
6 4 0 6 1357
4 6 5 0 1357
6 5 0 0 1358
6 5 0 5 1358
4 6 6 0 1358
6 5 0 0 1359
6 4 0 5 1359
4 6 6 0 1359
5 6 0 0 1360
5 6 5 0 1360
6 4 0 6 1360
6 5 0 0 1361
6 5 0 5 1361
4 6 6 0 1361
6 5 0 0 1362
6 4 0 5 1362
4 6 6 0 1362
5 6 0 0 1363
5 6 5 0 1363
5 6 0 0 1364
5 6 5 0 1364
6 5 0 0 1365
5 5 0 5 1365
5 5 5 5 1365
5 6 0 0 1366
5 6 5 0 1366
6 5 0 0 1367
5 5 0 5 1367
5 5 5 5 1367
5 6 0 0 1368
5 6 5 0 1368
6 5 0 0 1369
6 5 0 5 1369
6 5 0 0 1370
5 5 0 5 1370
5 5 5 5 1370
5 6 0 0 1371
5 6 5 0 1371
6 5 0 0 1372
6 5 0 5 1372
5 6 0 0 1373
5 6 5 0 1373
5 5 0 0 1374
5 5 0 5 1374
5 5 5 0 1374
5 5 5 5 1374
5 5 0 0 1375
5 5 0 5 1375
5 5 5 0 1375
5 5 5 5 1375
5 5 0 0 1376
5 5 0 5 1376
5 5 5 0 1376
5 5 5 5 1376
5 5 0 0 1377
5 5 0 5 1377
5 5 5 0 1377
5 5 5 5 1377
5 5 0 0 1378
5 5 0 5 1378
5 5 5 0 1378
5 5 5 5 1378
5 5 0 0 1379
5 5 0 5 1379
5 5 5 0 1379
5 5 5 5 1379
5 5 0 0 1380
5 5 0 5 1380
5 5 5 0 1380
5 5 5 5 1380
5 5 0 0 1381
5 5 0 5 1381
5 5 5 0 1381
5 5 5 5 1381
5 5 0 0 1382
5 5 0 5 1382
5 5 5 0 1382
5 5 5 5 1382
5 5 0 0 1383
5 5 0 5 1383
5 5 5 0 1383
5 5 5 5 1383
5 5 0 0 1384
5 5 0 5 1384
5 5 5 0 1384
5 5 5 5 1384
5 5 0 0 1385
5 5 0 5 1385
5 5 5 0 1385
5 5 5 5 1385
5 5 0 0 1386
5 5 0 5 1386
5 5 5 0 1386
5 5 5 5 1386
5 5 0 0 1387
5 5 0 5 1387
5 5 5 0 1387
5 5 5 5 1387
5 5 0 0 1388
5 5 0 5 1388
5 5 5 0 1388
5 5 5 5 1388
