% State of a bin packing problem:
%
% Bin number: 1509
% Total uncovered points: 16739
% Total covered points: 134161
% Number of boxes: 4500
% Unused boxes: 0
% Runtime: 238.30771899223328
%
% Bin size:
10 10
%
% Boxes (width, height) not in some bins:
%
% Boxes (width, height, x_position, y_position, bin_id) in bins:
10 10 0 0 0
10 10 0 0 1
10 10 0 0 2
10 10 0 0 3
10 10 0 0 4
10 10 0 0 5
10 10 0 0 6
10 10 0 0 7
10 10 0 0 8
10 10 0 0 9
10 10 0 0 10
10 10 0 0 11
10 10 0 0 12
10 10 0 0 13
10 10 0 0 14
10 10 0 0 15
10 10 0 0 16
10 10 0 0 17
10 10 0 0 18
10 10 0 0 19
10 10 0 0 20
10 10 0 0 21
10 10 0 0 22
10 10 0 0 23
10 10 0 0 24
10 10 0 0 25
10 10 0 0 26
10 10 0 0 27
10 10 0 0 28
10 10 0 0 29
10 10 0 0 30
10 10 0 0 31
10 10 0 0 32
10 10 0 0 33
10 10 0 0 34
10 10 0 0 35
10 10 0 0 36
10 10 0 0 37
10 10 0 0 38
10 10 0 0 39
10 10 0 0 40
10 10 0 0 41
10 10 0 0 42
10 10 0 0 43
10 10 0 0 44
10 10 0 0 45
10 10 0 0 46
10 9 0 0 47
1 1 0 9 47
1 1 1 9 47
1 1 2 9 47
1 1 3 9 47
1 1 4 9 47
1 1 5 9 47
1 1 6 9 47
1 1 7 9 47
1 1 8 9 47
1 1 9 9 47
10 9 0 0 48
1 1 0 9 48
1 1 1 9 48
1 1 2 9 48
1 1 3 9 48
1 1 4 9 48
1 1 5 9 48
1 1 6 9 48
1 1 7 9 48
1 1 8 9 48
1 1 9 9 48
10 9 0 0 49
1 1 0 9 49
1 1 1 9 49
1 1 2 9 49
1 1 3 9 49
1 1 4 9 49
1 1 5 9 49
1 1 6 9 49
1 1 7 9 49
1 1 8 9 49
1 1 9 9 49
9 10 0 0 50
1 1 9 0 50
1 1 9 1 50
1 1 9 2 50
1 1 9 3 50
1 1 9 4 50
1 1 9 5 50
1 1 9 6 50
1 1 9 7 50
1 1 9 8 50
1 1 9 9 50
10 9 0 0 51
1 1 0 9 51
1 1 1 9 51
1 1 2 9 51
2 1 3 9 51
2 1 5 9 51
2 1 7 9 51
9 10 0 0 52
1 2 9 0 52
1 2 9 2 52
1 2 9 4 52
1 2 9 6 52
1 2 9 8 52
9 10 0 0 53
1 2 9 0 53
1 2 9 2 53
1 2 9 4 53
1 2 9 6 53
1 2 9 8 53
10 9 0 0 54
2 1 0 9 54
2 1 2 9 54
2 1 4 9 54
2 1 6 9 54
2 1 8 9 54
9 10 0 0 55
1 2 9 0 55
1 2 9 2 55
1 2 9 4 55
1 2 9 6 55
1 2 9 8 55
9 10 0 0 56
1 2 9 0 56
1 2 9 2 56
1 2 9 4 56
1 2 9 6 56
1 2 9 8 56
9 10 0 0 57
1 2 9 0 57
1 2 9 2 57
1 2 9 4 57
1 2 9 6 57
1 2 9 8 57
10 9 0 0 58
2 1 0 9 58
2 1 2 9 58
2 1 4 9 58
2 1 6 9 58
2 1 8 9 58
10 9 0 0 59
2 1 0 9 59
2 1 2 9 59
2 1 4 9 59
2 1 6 9 59
2 1 8 9 59
9 10 0 0 60
1 2 9 0 60
1 2 9 2 60
1 2 9 4 60
1 2 9 6 60
1 2 9 8 60
9 10 0 0 61
1 2 9 0 61
1 2 9 2 61
1 2 9 4 61
1 2 9 6 61
9 10 0 0 62
1 3 9 0 62
1 3 9 3 62
1 3 9 6 62
9 10 0 0 63
1 3 9 0 63
1 3 9 3 63
1 3 9 6 63
9 10 0 0 64
1 3 9 0 64
1 3 9 3 64
1 3 9 6 64
9 10 0 0 65
1 3 9 0 65
1 3 9 3 65
1 3 9 6 65
10 9 0 0 66
2 1 0 9 66
2 1 2 9 66
2 1 4 9 66
2 1 6 9 66
2 1 8 9 66
9 10 0 0 67
1 3 9 0 67
1 3 9 3 67
1 3 9 6 67
9 10 0 0 68
1 3 9 0 68
1 3 9 3 68
1 3 9 6 68
9 10 0 0 69
1 3 9 0 69
1 3 9 3 69
1 3 9 6 69
10 9 0 0 70
2 1 0 9 70
2 1 2 9 70
2 1 4 9 70
2 1 6 9 70
2 1 8 9 70
10 9 0 0 71
2 1 0 9 71
2 1 2 9 71
2 1 4 9 71
2 1 6 9 71
2 1 8 9 71
10 9 0 0 72
2 1 0 9 72
2 1 2 9 72
2 1 4 9 72
2 1 6 9 72
2 1 8 9 72
10 9 0 0 73
2 1 0 9 73
2 1 2 9 73
2 1 4 9 73
2 1 6 9 73
2 1 8 9 73
9 10 0 0 74
1 3 9 0 74
1 3 9 3 74
1 3 9 6 74
10 9 0 0 75
2 1 0 9 75
2 1 2 9 75
2 1 4 9 75
2 1 6 9 75
2 1 8 9 75
9 10 0 0 76
1 3 9 0 76
1 3 9 3 76
1 3 9 6 76
9 10 0 0 77
1 3 9 0 77
1 3 9 3 77
1 3 9 6 77
10 9 0 0 78
2 1 0 9 78
3 1 2 9 78
3 1 5 9 78
10 9 0 0 79
3 1 0 9 79
3 1 3 9 79
3 1 6 9 79
10 9 0 0 80
3 1 0 9 80
3 1 3 9 80
3 1 6 9 80
10 9 0 0 81
3 1 0 9 81
3 1 3 9 81
3 1 6 9 81
9 10 0 0 82
1 3 9 0 82
1 3 9 3 82
1 3 9 6 82
9 10 0 0 83
1 3 9 0 83
1 3 9 3 83
1 3 9 6 83
9 10 0 0 84
1 3 9 0 84
1 3 9 3 84
1 3 9 6 84
9 10 0 0 85
1 3 9 0 85
1 3 9 3 85
1 3 9 6 85
10 9 0 0 86
3 1 0 9 86
3 1 3 9 86
3 1 6 9 86
10 9 0 0 87
3 1 0 9 87
3 1 3 9 87
3 1 6 9 87
9 10 0 0 88
1 3 9 0 88
1 3 9 3 88
1 3 9 6 88
10 9 0 0 89
3 1 0 9 89
3 1 3 9 89
3 1 6 9 89
9 10 0 0 90
1 3 9 0 90
1 3 9 3 90
1 3 9 6 90
10 9 0 0 91
3 1 0 9 91
3 1 3 9 91
3 1 6 9 91
9 10 0 0 92
1 3 9 0 92
1 3 9 3 92
1 3 9 6 92
9 10 0 0 93
1 3 9 0 93
1 4 9 3 93
9 10 0 0 94
1 4 9 0 94
1 4 9 4 94
10 9 0 0 95
3 1 0 9 95
3 1 3 9 95
3 1 6 9 95
9 10 0 0 96
1 4 9 0 96
1 4 9 4 96
9 10 0 0 97
1 4 9 0 97
1 4 9 4 97
10 9 0 0 98
3 1 0 9 98
3 1 3 9 98
3 1 6 9 98
9 10 0 0 99
1 4 9 0 99
1 4 9 4 99
9 10 0 0 100
1 4 9 0 100
1 4 9 4 100
10 9 0 0 101
3 1 0 9 101
3 1 3 9 101
3 1 6 9 101
9 10 0 0 102
1 4 9 0 102
1 4 9 4 102
9 10 0 0 103
1 4 9 0 103
1 4 9 4 103
9 10 0 0 104
1 4 9 0 104
1 4 9 4 104
9 10 0 0 105
1 4 9 0 105
1 4 9 4 105
9 10 0 0 106
1 4 9 0 106
1 4 9 4 106
10 9 0 0 107
3 1 0 9 107
3 1 3 9 107
3 1 6 9 107
10 9 0 0 108
3 1 0 9 108
3 1 3 9 108
3 1 6 9 108
10 9 0 0 109
3 1 0 9 109
3 1 3 9 109
3 1 6 9 109
10 9 0 0 110
3 1 0 9 110
3 1 3 9 110
3 1 6 9 110
10 9 0 0 111
3 1 0 9 111
3 1 3 9 111
3 1 6 9 111
10 9 0 0 112
3 1 0 9 112
3 1 3 9 112
3 1 6 9 112
10 9 0 0 113
3 1 0 9 113
3 1 3 9 113
3 1 6 9 113
10 9 0 0 114
3 1 0 9 114
3 1 3 9 114
3 1 6 9 114
9 10 0 0 115
1 4 9 0 115
1 4 9 4 115
10 9 0 0 116
3 1 0 9 116
3 1 3 9 116
3 1 6 9 116
9 10 0 0 117
1 4 9 0 117
1 4 9 4 117
9 10 0 0 118
1 4 9 0 118
1 4 9 4 118
9 10 0 0 119
1 4 9 0 119
1 4 9 4 119
9 10 0 0 120
1 4 9 0 120
1 4 9 4 120
10 9 0 0 121
3 1 0 9 121
3 1 3 9 121
3 1 6 9 121
10 9 0 0 122
3 1 0 9 122
3 1 3 9 122
3 1 6 9 122
10 9 0 0 123
3 1 0 9 123
3 1 3 9 123
4 1 6 9 123
9 10 0 0 124
1 4 9 0 124
1 4 9 4 124
10 9 0 0 125
4 1 0 9 125
4 1 4 9 125
9 10 0 0 126
1 4 9 0 126
1 4 9 4 126
9 10 0 0 127
1 4 9 0 127
1 4 9 4 127
10 9 0 0 128
4 1 0 9 128
4 1 4 9 128
9 10 0 0 129
1 4 9 0 129
1 4 9 4 129
9 10 0 0 130
1 4 9 0 130
1 4 9 4 130
10 9 0 0 131
4 1 0 9 131
4 1 4 9 131
10 9 0 0 132
4 1 0 9 132
4 1 4 9 132
9 10 0 0 133
1 4 9 0 133
1 4 9 4 133
10 9 0 0 134
4 1 0 9 134
4 1 4 9 134
10 9 0 0 135
4 1 0 9 135
4 1 4 9 135
9 10 0 0 136
1 4 9 0 136
1 4 9 4 136
10 9 0 0 137
4 1 0 9 137
4 1 4 9 137
9 10 0 0 138
1 4 9 0 138
1 4 9 4 138
10 9 0 0 139
4 1 0 9 139
4 1 4 9 139
9 10 0 0 140
1 4 9 0 140
1 4 9 4 140
10 9 0 0 141
4 1 0 9 141
4 1 4 9 141
9 10 0 0 142
1 5 9 0 142
1 5 9 5 142
9 10 0 0 143
1 5 9 0 143
1 5 9 5 143
9 10 0 0 144
1 5 9 0 144
1 5 9 5 144
10 9 0 0 145
4 1 0 9 145
4 1 4 9 145
9 9 0 0 146
4 1 0 9 146
4 1 4 9 146
1 5 9 0 146
1 5 9 5 146
9 9 0 0 147
4 1 0 9 147
4 1 4 9 147
1 5 9 0 147
1 5 9 5 147
9 9 0 0 148
4 1 0 9 148
4 1 4 9 148
1 5 9 0 148
1 5 9 5 148
9 9 0 0 149
4 1 0 9 149
4 1 4 9 149
1 5 9 0 149
1 5 9 5 149
9 9 0 0 150
4 1 0 9 150
4 1 4 9 150
1 5 9 0 150
1 5 9 5 150
9 9 0 0 151
4 1 0 9 151
4 1 4 9 151
1 5 9 0 151
1 5 9 5 151
9 9 0 0 152
4 1 0 9 152
4 1 4 9 152
1 5 9 0 152
1 5 9 5 152
9 9 0 0 153
4 1 0 9 153
4 1 4 9 153
1 5 9 0 153
1 5 9 5 153
9 9 0 0 154
4 1 0 9 154
4 1 4 9 154
1 5 9 0 154
1 5 9 5 154
9 9 0 0 155
4 1 0 9 155
4 1 4 9 155
1 5 9 0 155
1 5 9 5 155
9 9 0 0 156
4 1 0 9 156
4 1 4 9 156
1 5 9 0 156
1 5 9 5 156
9 9 0 0 157
4 1 0 9 157
4 1 4 9 157
1 5 9 0 157
1 5 9 5 157
9 9 0 0 158
4 1 0 9 158
4 1 4 9 158
1 5 9 0 158
1 5 9 5 158
9 9 0 0 159
4 1 0 9 159
4 1 4 9 159
1 5 9 0 159
1 5 9 5 159
9 9 0 0 160
4 1 0 9 160
4 1 4 9 160
1 5 9 0 160
1 5 9 5 160
9 9 0 0 161
4 1 0 9 161
4 1 4 9 161
1 5 9 0 161
1 5 9 5 161
9 9 0 0 162
5 1 0 9 162
5 1 5 9 162
1 5 9 0 162
9 9 0 0 163
5 1 0 9 163
5 1 5 9 163
1 5 9 0 163
9 9 0 0 164
5 1 0 9 164
5 1 5 9 164
1 5 9 0 164
9 9 0 0 165
5 1 0 9 165
5 1 5 9 165
1 5 9 0 165
9 9 0 0 166
5 1 0 9 166
5 1 5 9 166
1 5 9 0 166
9 9 0 0 167
5 1 0 9 167
5 1 5 9 167
1 5 9 0 167
9 9 0 0 168
5 1 0 9 168
5 1 5 9 168
1 5 9 0 168
9 9 0 0 169
5 1 0 9 169
5 1 5 9 169
1 5 9 0 169
9 9 0 0 170
5 1 0 9 170
5 1 5 9 170
1 5 9 0 170
9 9 0 0 171
5 1 0 9 171
5 1 5 9 171
1 5 9 0 171
9 9 0 0 172
5 1 0 9 172
5 1 5 9 172
1 5 9 0 172
9 9 0 0 173
5 1 0 9 173
5 1 5 9 173
1 6 9 0 173
9 9 0 0 174
5 1 0 9 174
5 1 5 9 174
1 6 9 0 174
9 9 0 0 175
5 1 0 9 175
5 1 5 9 175
1 6 9 0 175
9 9 0 0 176
5 1 0 9 176
5 1 5 9 176
1 6 9 0 176
9 9 0 0 177
5 1 0 9 177
5 1 5 9 177
1 6 9 0 177
9 9 0 0 178
5 1 0 9 178
5 1 5 9 178
1 6 9 0 178
9 9 0 0 179
5 1 0 9 179
5 1 5 9 179
1 6 9 0 179
9 9 0 0 180
5 1 0 9 180
5 1 5 9 180
1 6 9 0 180
9 9 0 0 181
5 1 0 9 181
5 1 5 9 181
1 6 9 0 181
9 9 0 0 182
5 1 0 9 182
5 1 5 9 182
1 6 9 0 182
9 9 0 0 183
5 1 0 9 183
5 1 5 9 183
1 6 9 0 183
9 9 0 0 184
5 1 0 9 184
5 1 5 9 184
1 6 9 0 184
9 9 0 0 185
5 1 0 9 185
5 1 5 9 185
1 6 9 0 185
9 9 0 0 186
5 1 0 9 186
5 1 5 9 186
1 6 9 0 186
9 9 0 0 187
5 1 0 9 187
5 1 5 9 187
1 6 9 0 187
9 9 0 0 188
5 1 0 9 188
5 1 5 9 188
1 6 9 0 188
9 9 0 0 189
5 1 0 9 189
5 1 5 9 189
1 6 9 0 189
9 9 0 0 190
5 1 0 9 190
5 1 5 9 190
1 6 9 0 190
9 9 0 0 191
5 1 0 9 191
5 1 5 9 191
1 6 9 0 191
8 10 0 0 192
2 2 8 0 192
2 2 8 2 192
2 2 8 4 192
2 2 8 6 192
2 2 8 8 192
10 8 0 0 193
2 2 0 8 193
2 2 2 8 193
2 2 4 8 193
2 2 6 8 193
2 2 8 8 193
10 8 0 0 194
2 2 0 8 194
2 2 2 8 194
2 2 4 8 194
2 2 6 8 194
2 2 8 8 194
8 10 0 0 195
2 2 8 0 195
2 2 8 2 195
2 2 8 4 195
2 2 8 6 195
2 2 8 8 195
10 8 0 0 196
2 2 0 8 196
2 2 2 8 196
2 2 4 8 196
2 2 6 8 196
2 2 8 8 196
8 10 0 0 197
2 2 8 0 197
2 2 8 2 197
2 2 8 4 197
2 2 8 6 197
2 2 8 8 197
8 10 0 0 198
2 2 8 0 198
2 2 8 2 198
2 2 8 4 198
2 2 8 6 198
2 2 8 8 198
8 10 0 0 199
2 2 8 0 199
2 2 8 2 199
2 2 8 4 199
2 2 8 6 199
2 2 8 8 199
10 8 0 0 200
2 2 0 8 200
2 2 2 8 200
5 1 4 8 200
5 1 4 9 200
10 8 0 0 201
6 1 0 8 201
6 1 0 9 201
3 2 6 8 201
10 8 0 0 202
6 1 0 8 202
3 2 6 8 202
6 1 0 9 202
8 10 0 0 203
2 3 8 0 203
2 3 8 3 203
2 3 8 6 203
10 8 0 0 204
3 2 0 8 204
3 2 3 8 204
3 2 6 8 204
10 8 0 0 205
3 2 0 8 205
3 2 3 8 205
3 2 6 8 205
8 10 0 0 206
2 3 8 0 206
2 3 8 3 206
2 3 8 6 206
8 10 0 0 207
2 3 8 0 207
2 3 8 3 207
2 3 8 6 207
8 10 0 0 208
2 3 8 0 208
2 3 8 3 208
2 3 8 6 208
8 10 0 0 209
2 3 8 0 209
2 3 8 3 209
2 3 8 6 209
8 10 0 0 210
2 3 8 0 210
2 3 8 3 210
2 3 8 6 210
10 8 0 0 211
6 1 0 8 211
6 1 0 9 211
3 2 6 8 211
10 8 0 0 212
6 1 0 8 212
6 1 0 9 212
3 2 6 8 212
10 8 0 0 213
6 1 0 8 213
6 1 0 9 213
3 2 6 8 213
8 10 0 0 214
2 3 8 0 214
2 3 8 3 214
2 3 8 6 214
8 10 0 0 215
2 3 8 0 215
2 3 8 3 215
2 3 8 6 215
8 10 0 0 216
2 3 8 0 216
2 3 8 3 216
2 3 8 6 216
8 10 0 0 217
1 6 8 0 217
1 6 9 0 217
2 3 8 6 217
10 8 0 0 218
6 1 0 8 218
3 2 6 8 218
6 1 0 9 218
10 8 0 0 219
3 2 0 8 219
3 2 3 8 219
3 2 6 8 219
8 10 0 0 220
1 6 8 0 220
1 6 9 0 220
2 3 8 6 220
10 8 0 0 221
3 2 0 8 221
3 2 3 8 221
3 2 6 8 221
8 10 0 0 222
1 6 8 0 222
1 6 9 0 222
2 3 8 6 222
8 10 0 0 223
1 6 8 0 223
2 3 8 6 223
1 6 9 0 223
10 8 0 0 224
6 1 0 8 224
3 2 6 8 224
6 1 0 9 224
10 8 0 0 225
3 2 0 8 225
3 2 3 8 225
3 2 6 8 225
10 8 0 0 226
6 1 0 8 226
6 1 0 9 226
3 2 6 8 226
8 10 0 0 227
1 6 8 0 227
1 6 9 0 227
2 3 8 6 227
10 8 0 0 228
6 1 0 8 228
6 1 0 9 228
3 2 6 8 228
8 10 0 0 229
1 6 8 0 229
2 3 8 6 229
1 6 9 0 229
8 10 0 0 230
2 3 8 0 230
1 6 8 3 230
1 6 9 3 230
10 8 0 0 231
6 1 0 8 231
6 1 0 9 231
3 2 6 8 231
8 10 0 0 232
2 3 8 0 232
1 6 8 3 232
1 6 9 3 232
8 10 0 0 233
1 6 8 0 233
2 3 8 6 233
1 6 9 0 233
10 8 0 0 234
3 2 0 8 234
3 2 3 8 234
3 2 6 8 234
8 10 0 0 235
1 6 8 0 235
1 6 9 0 235
2 3 8 6 235
10 8 0 0 236
6 1 0 8 236
6 1 0 9 236
3 2 6 8 236
8 10 0 0 237
1 6 8 0 237
1 6 9 0 237
2 3 8 6 237
8 10 0 0 238
1 6 8 0 238
2 3 8 6 238
1 6 9 0 238
8 10 0 0 239
2 3 8 0 239
1 6 8 3 239
1 6 9 3 239
10 8 0 0 240
6 1 0 8 240
6 1 0 9 240
3 2 6 8 240
8 10 0 0 241
1 6 8 0 241
1 6 9 0 241
2 3 8 6 241
8 10 0 0 242
1 6 8 0 242
1 6 9 0 242
2 3 8 6 242
10 8 0 0 243
6 1 0 8 243
6 1 0 9 243
3 2 6 8 243
10 8 0 0 244
6 1 0 8 244
3 2 6 8 244
6 1 0 9 244
8 10 0 0 245
1 6 8 0 245
1 6 9 0 245
2 3 8 6 245
10 8 0 0 246
3 2 0 8 246
3 2 3 8 246
3 2 6 8 246
10 8 0 0 247
3 2 0 8 247
3 2 3 8 247
3 2 6 8 247
8 10 0 0 248
1 6 8 0 248
1 6 9 0 248
2 3 8 6 248
8 10 0 0 249
1 6 8 0 249
1 7 9 0 249
10 8 0 0 250
6 1 0 8 250
6 1 0 9 250
3 2 6 8 250
10 8 0 0 251
3 2 0 8 251
6 1 3 8 251
6 1 3 9 251
10 8 0 0 252
3 2 0 8 252
3 2 3 8 252
3 2 6 8 252
8 10 0 0 253
1 7 8 0 253
1 7 9 0 253
10 8 0 0 254
6 1 0 8 254
6 1 0 9 254
3 2 6 8 254
8 10 0 0 255
1 7 8 0 255
1 7 9 0 255
8 10 0 0 256
1 7 8 0 256
1 7 9 0 256
10 8 0 0 257
6 1 0 8 257
3 2 6 8 257
6 1 0 9 257
8 10 0 0 258
1 7 8 0 258
1 7 9 0 258
10 8 0 0 259
3 2 0 8 259
3 2 3 8 259
3 2 6 8 259
8 10 0 0 260
1 7 8 0 260
1 7 9 0 260
10 8 0 0 261
6 1 0 8 261
6 1 0 9 261
3 2 6 8 261
8 10 0 0 262
1 7 8 0 262
1 7 9 0 262
8 10 0 0 263
1 7 8 0 263
1 7 9 0 263
8 10 0 0 264
1 7 8 0 264
1 7 9 0 264
10 8 0 0 265
6 1 0 8 265
6 1 0 9 265
3 2 6 8 265
8 10 0 0 266
1 7 8 0 266
1 7 9 0 266
10 8 0 0 267
3 2 0 8 267
3 2 3 8 267
3 2 6 8 267
8 10 0 0 268
1 7 8 0 268
1 7 9 0 268
10 8 0 0 269
6 1 0 8 269
6 1 0 9 269
3 2 6 8 269
8 10 0 0 270
1 7 8 0 270
1 7 9 0 270
8 10 0 0 271
1 7 8 0 271
1 7 9 0 271
10 8 0 0 272
6 1 0 8 272
3 2 6 8 272
6 1 0 9 272
10 8 0 0 273
3 2 0 8 273
3 2 3 8 273
3 2 6 8 273
8 10 0 0 274
1 7 8 0 274
1 7 9 0 274
10 8 0 0 275
3 2 0 8 275
3 2 3 8 275
3 2 6 8 275
8 10 0 0 276
1 7 8 0 276
1 7 9 0 276
8 10 0 0 277
1 7 8 0 277
1 7 9 0 277
10 8 0 0 278
6 1 0 8 278
6 1 0 9 278
3 2 6 8 278
10 8 0 0 279
6 1 0 8 279
6 1 0 9 279
3 2 6 8 279
8 10 0 0 280
1 7 8 0 280
1 7 9 0 280
8 10 0 0 281
1 7 8 0 281
1 7 9 0 281
10 8 0 0 282
6 1 0 8 282
6 1 0 9 282
4 2 6 8 282
10 8 0 0 283
7 1 0 8 283
7 1 0 9 283
10 8 0 0 284
7 1 0 8 284
7 1 0 9 284
8 10 0 0 285
1 7 8 0 285
1 7 9 0 285
10 8 0 0 286
7 1 0 8 286
7 1 0 9 286
8 10 0 0 287
1 7 8 0 287
1 7 9 0 287
10 8 0 0 288
7 1 0 8 288
7 1 0 9 288
8 9 0 0 289
7 1 0 9 289
1 7 8 0 289
1 7 9 0 289
8 9 0 0 290
7 1 0 9 290
1 7 8 0 290
1 7 9 0 290
9 8 0 0 291
7 1 0 8 291
7 1 0 9 291
1 7 9 0 291
8 9 0 0 292
7 1 0 9 292
1 7 8 0 292
1 7 9 0 292
8 9 0 0 293
7 1 0 9 293
1 7 8 0 293
1 7 9 0 293
9 8 0 0 294
7 1 0 8 294
7 1 0 9 294
1 7 9 0 294
8 9 0 0 295
7 1 0 9 295
1 7 8 0 295
1 7 9 0 295
9 8 0 0 296
7 1 0 8 296
7 1 0 9 296
1 8 9 0 296
9 8 0 0 297
7 1 0 8 297
7 1 0 9 297
1 8 9 0 297
8 9 0 0 298
7 1 0 9 298
2 4 8 0 298
2 4 8 4 298
8 9 0 0 299
7 1 0 9 299
2 4 8 0 299
2 4 8 4 299
9 8 0 0 300
7 1 0 8 300
7 1 0 9 300
1 8 9 0 300
8 9 0 0 301
7 1 0 9 301
1 8 8 0 301
1 8 9 0 301
8 9 0 0 302
7 1 0 9 302
2 4 8 0 302
2 4 8 4 302
9 8 0 0 303
7 1 0 8 303
7 1 0 9 303
1 8 9 0 303
8 9 0 0 304
7 1 0 9 304
1 8 8 0 304
1 8 9 0 304
9 8 0 0 305
7 1 0 8 305
7 1 0 9 305
1 8 9 0 305
9 8 0 0 306
7 1 0 8 306
7 1 0 9 306
1 8 9 0 306
8 9 0 0 307
7 1 0 9 307
2 4 8 0 307
2 4 8 4 307
8 9 0 0 308
7 1 0 9 308
2 4 8 0 308
2 4 8 4 308
8 9 0 0 309
7 1 0 9 309
2 4 8 0 309
2 4 8 4 309
9 8 0 0 310
7 1 0 8 310
7 1 0 9 310
1 8 9 0 310
8 9 0 0 311
7 1 0 9 311
2 4 8 0 311
2 4 8 4 311
8 9 0 0 312
7 1 0 9 312
2 4 8 0 312
2 4 8 4 312
9 8 0 0 313
7 1 0 8 313
7 1 0 9 313
1 8 9 0 313
9 8 0 0 314
7 1 0 8 314
7 1 0 9 314
1 8 9 0 314
9 8 0 0 315
7 1 0 8 315
7 1 0 9 315
1 8 9 0 315
9 8 0 0 316
7 1 0 8 316
7 1 0 9 316
1 8 9 0 316
9 8 0 0 317
7 1 0 8 317
7 1 0 9 317
1 8 9 0 317
8 9 0 0 318
7 1 0 9 318
2 4 8 0 318
2 4 8 4 318
8 9 0 0 319
8 1 0 9 319
2 4 8 0 319
2 4 8 4 319
9 8 0 0 320
4 2 0 8 320
4 2 4 8 320
1 8 9 0 320
8 9 0 0 321
8 1 0 9 321
2 4 8 0 321
2 4 8 4 321
8 9 0 0 322
8 1 0 9 322
2 4 8 0 322
2 4 8 4 322
9 8 0 0 323
4 2 0 8 323
4 2 4 8 323
1 8 9 0 323
9 8 0 0 324
4 2 0 8 324
4 2 4 8 324
1 8 9 0 324
8 9 0 0 325
8 1 0 9 325
2 4 8 0 325
2 4 8 4 325
9 8 0 0 326
4 2 0 8 326
4 2 4 8 326
1 8 9 0 326
8 9 0 0 327
8 1 0 9 327
2 4 8 0 327
2 4 8 4 327
8 9 0 0 328
8 1 0 9 328
1 8 8 0 328
1 8 9 0 328
8 9 0 0 329
8 1 0 9 329
2 4 8 0 329
2 4 8 4 329
8 9 0 0 330
8 1 0 9 330
1 8 8 0 330
1 8 9 0 330
9 8 0 0 331
4 2 0 8 331
4 2 4 8 331
1 8 9 0 331
8 9 0 0 332
8 1 0 9 332
1 8 8 0 332
1 8 9 0 332
9 8 0 0 333
4 2 0 8 333
4 2 4 8 333
1 8 9 0 333
9 8 0 0 334
4 2 0 8 334
4 2 4 8 334
1 8 9 0 334
8 9 0 0 335
8 1 0 9 335
2 4 8 0 335
2 4 8 4 335
9 8 0 0 336
4 2 0 8 336
4 2 4 8 336
1 8 9 0 336
8 9 0 0 337
8 1 0 9 337
2 4 8 0 337
2 4 8 4 337
8 9 0 0 338
8 1 0 9 338
2 4 8 0 338
2 4 8 4 338
9 8 0 0 339
4 2 0 8 339
4 2 4 8 339
1 8 9 0 339
9 8 0 0 340
4 2 0 8 340
4 2 4 8 340
1 8 9 0 340
8 9 0 0 341
8 1 0 9 341
1 8 8 0 341
1 8 9 0 341
9 8 0 0 342
4 2 0 8 342
4 2 4 8 342
1 8 9 0 342
9 8 0 0 343
4 2 0 8 343
4 2 4 8 343
1 8 9 0 343
9 8 0 0 344
8 1 0 8 344
8 1 0 9 344
1 8 9 0 344
8 9 0 0 345
8 1 0 9 345
2 4 8 0 345
2 4 8 4 345
9 8 0 0 346
4 2 0 8 346
4 2 4 8 346
1 8 9 0 346
8 9 0 0 347
8 1 0 9 347
2 4 8 0 347
2 4 8 4 347
9 8 0 0 348
4 2 0 8 348
4 2 4 8 348
1 8 9 0 348
8 9 0 0 349
8 1 0 9 349
2 4 8 0 349
2 4 8 4 349
9 8 0 0 350
8 1 0 8 350
8 1 0 9 350
1 8 9 0 350
8 9 0 0 351
8 1 0 9 351
2 4 8 0 351
2 4 8 4 351
9 8 0 0 352
4 2 0 8 352
4 2 4 8 352
1 8 9 0 352
9 8 0 0 353
4 2 0 8 353
4 2 4 8 353
1 8 9 0 353
9 8 0 0 354
8 1 0 8 354
8 1 0 9 354
1 8 9 0 354
9 8 0 0 355
8 1 0 8 355
8 1 0 9 355
1 8 9 0 355
9 8 0 0 356
8 1 0 8 356
8 1 0 9 356
1 8 9 0 356
8 9 0 0 357
8 1 0 9 357
2 4 8 0 357
2 4 8 4 357
9 8 0 0 358
4 2 0 8 358
4 2 4 8 358
1 8 9 0 358
9 8 0 0 359
4 2 0 8 359
4 2 4 8 359
1 8 9 0 359
8 9 0 0 360
8 1 0 9 360
2 4 8 0 360
2 4 8 4 360
8 9 0 0 361
8 1 0 9 361
1 8 8 0 361
1 8 9 0 361
8 9 0 0 362
8 1 0 9 362
2 4 8 0 362
2 4 8 4 362
8 9 0 0 363
8 1 0 9 363
1 9 8 0 363
1 9 9 0 363
8 9 0 0 364
8 1 0 9 364
1 9 8 0 364
1 9 9 0 364
8 9 0 0 365
8 1 0 9 365
1 9 8 0 365
1 9 9 0 365
9 8 0 0 366
4 2 0 8 366
4 2 4 8 366
1 9 9 0 366
9 8 0 0 367
4 2 0 8 367
4 2 4 8 367
1 9 9 0 367
9 8 0 0 368
4 2 0 8 368
4 2 4 8 368
1 9 9 0 368
8 9 0 0 369
8 1 0 9 369
1 9 8 0 369
1 9 9 0 369
9 8 0 0 370
4 2 0 8 370
4 2 4 8 370
1 9 9 0 370
9 8 0 0 371
4 2 0 8 371
4 2 4 8 371
1 9 9 0 371
9 8 0 0 372
4 2 0 8 372
4 2 4 8 372
1 9 9 0 372
9 8 0 0 373
4 2 0 8 373
4 2 4 8 373
1 9 9 0 373
9 8 0 0 374
4 2 0 8 374
4 2 4 8 374
1 9 9 0 374
9 8 0 0 375
4 2 0 8 375
4 2 4 8 375
1 9 9 0 375
8 9 0 0 376
8 1 0 9 376
1 9 8 0 376
1 9 9 0 376
9 8 0 0 377
8 1 0 8 377
9 1 0 9 377
1 9 9 0 377
9 8 0 0 378
9 1 0 8 378
9 1 0 9 378
1 9 9 0 378
9 8 0 0 379
9 1 0 8 379
9 1 0 9 379
1 9 9 0 379
9 8 0 0 380
9 1 0 8 380
9 1 0 9 380
1 9 9 0 380
8 9 0 0 381
9 1 0 9 381
1 9 8 0 381
1 9 9 0 381
8 9 0 0 382
9 1 0 9 382
1 9 8 0 382
1 9 9 0 382
8 9 0 0 383
9 1 0 9 383
1 9 8 0 383
1 9 9 0 383
8 9 0 0 384
9 1 0 9 384
1 9 8 0 384
1 9 9 0 384
8 9 0 0 385
9 1 0 9 385
1 9 8 0 385
1 9 9 0 385
8 9 0 0 386
9 1 0 9 386
1 9 8 0 386
1 9 9 0 386
8 9 0 0 387
9 1 0 9 387
1 9 8 0 387
1 9 9 0 387
9 8 0 0 388
9 1 0 8 388
9 1 0 9 388
1 9 9 0 388
9 8 0 0 389
9 1 0 8 389
9 1 0 9 389
1 9 9 0 389
9 8 0 0 390
9 1 0 8 390
9 1 0 9 390
1 9 9 0 390
9 8 0 0 391
9 1 0 8 391
9 1 0 9 391
1 9 9 0 391
10 7 0 0 392
3 3 0 7 392
3 3 3 7 392
3 3 6 7 392
10 7 0 0 393
3 3 0 7 393
3 3 3 7 393
3 3 6 7 393
10 7 0 0 394
3 3 0 7 394
3 3 3 7 394
3 3 6 7 394
7 10 0 0 395
3 3 7 0 395
3 3 7 3 395
3 3 7 6 395
7 10 0 0 396
3 3 7 0 396
3 3 7 3 396
3 3 7 6 396
10 7 0 0 397
9 1 0 7 397
9 1 0 8 397
9 1 0 9 397
7 10 0 0 398
3 3 7 0 398
3 3 7 3 398
3 3 7 6 398
7 10 0 0 399
3 3 7 0 399
3 3 7 3 399
3 3 7 6 399
7 10 0 0 400
3 3 7 0 400
3 3 7 3 400
3 3 7 6 400
7 10 0 0 401
3 3 7 0 401
3 3 7 3 401
3 3 7 6 401
7 10 0 0 402
3 3 7 0 402
3 3 7 3 402
3 3 7 6 402
10 7 0 0 403
9 1 0 7 403
9 1 0 8 403
9 1 0 9 403
7 10 0 0 404
3 3 7 0 404
3 3 7 3 404
3 3 7 6 404
10 7 0 0 405
9 1 0 7 405
9 1 0 8 405
9 1 0 9 405
10 7 0 0 406
9 1 0 7 406
9 1 0 8 406
9 1 0 9 406
7 10 0 0 407
3 3 7 0 407
3 3 7 3 407
3 3 7 6 407
10 7 0 0 408
9 1 0 7 408
9 1 0 8 408
9 1 0 9 408
10 7 0 0 409
9 1 0 7 409
9 1 0 8 409
9 1 0 9 409
7 10 0 0 410
3 3 7 0 410
3 3 7 3 410
3 3 7 6 410
10 7 0 0 411
9 1 0 7 411
9 1 0 8 411
9 1 0 9 411
7 10 0 0 412
3 3 7 0 412
3 3 7 3 412
3 3 7 6 412
10 7 0 0 413
9 1 0 7 413
9 1 0 8 413
9 1 0 9 413
10 7 0 0 414
9 1 0 7 414
9 1 0 8 414
9 1 0 9 414
10 7 0 0 415
9 1 0 7 415
9 1 0 8 415
9 1 0 9 415
7 10 0 0 416
3 3 7 0 416
3 3 7 3 416
3 3 7 6 416
10 7 0 0 417
9 1 0 7 417
9 1 0 8 417
9 1 0 9 417
10 7 0 0 418
9 1 0 7 418
9 1 0 8 418
9 1 0 9 418
7 10 0 0 419
1 9 7 0 419
1 9 8 0 419
1 9 9 0 419
7 10 0 0 420
1 9 7 0 420
1 9 8 0 420
1 9 9 0 420
10 7 0 0 421
9 1 0 7 421
9 1 0 8 421
9 1 0 9 421
7 10 0 0 422
1 9 7 0 422
1 9 8 0 422
1 9 9 0 422
7 10 0 0 423
3 3 7 0 423
3 3 7 3 423
3 3 7 6 423
10 7 0 0 424
9 1 0 7 424
9 1 0 8 424
9 1 0 9 424
7 10 0 0 425
1 9 7 0 425
2 5 8 0 425
2 5 8 5 425
7 10 0 0 426
1 10 7 0 426
2 5 8 0 426
2 5 8 5 426
10 7 0 0 427
9 1 0 7 427
10 1 0 8 427
10 1 0 9 427
10 7 0 0 428
5 2 0 7 428
10 1 0 9 428
5 2 5 7 428
7 10 0 0 429
1 10 7 0 429
1 10 8 0 429
1 10 9 0 429
7 10 0 0 430
2 5 7 0 430
2 5 7 5 430
1 10 9 0 430
10 7 0 0 431
10 1 0 7 431
10 1 0 8 431
10 1 0 9 431
7 10 0 0 432
2 5 7 0 432
1 10 9 0 432
2 5 7 5 432
10 7 0 0 433
10 1 0 7 433
5 2 0 8 433
5 2 5 8 433
7 10 0 0 434
1 10 7 0 434
1 10 8 0 434
1 10 9 0 434
7 10 0 0 435
1 10 7 0 435
1 10 8 0 435
1 10 9 0 435
7 10 0 0 436
2 5 7 0 436
2 5 7 5 436
1 10 9 0 436
10 7 0 0 437
5 2 0 7 437
5 2 5 7 437
10 1 0 9 437
10 7 0 0 438
5 2 0 7 438
5 2 5 7 438
10 1 0 9 438
7 10 0 0 439
2 5 7 0 439
1 10 9 0 439
2 5 7 5 439
10 7 0 0 440
5 2 0 7 440
5 2 5 7 440
10 1 0 9 440
7 10 0 0 441
1 10 7 0 441
1 10 8 0 441
1 10 9 0 441
7 10 0 0 442
1 10 7 0 442
2 5 8 0 442
2 5 8 5 442
10 7 0 0 443
5 2 0 7 443
5 2 5 7 443
10 1 0 9 443
7 10 0 0 444
1 10 7 0 444
1 10 8 0 444
1 10 9 0 444
10 7 0 0 445
5 2 0 7 445
5 2 5 7 445
10 1 0 9 445
7 10 0 0 446
2 5 7 0 446
1 10 9 0 446
2 5 7 5 446
10 7 0 0 447
5 2 0 7 447
10 1 0 9 447
5 2 5 7 447
10 7 0 0 448
5 2 0 7 448
10 1 0 9 448
5 2 5 7 448
10 7 0 0 449
10 1 0 7 449
10 1 0 8 449
10 1 0 9 449
10 7 0 0 450
10 1 0 7 450
10 1 0 8 450
10 1 0 9 450
7 10 0 0 451
2 5 7 0 451
1 10 9 0 451
2 5 7 5 451
10 7 0 0 452
10 1 0 7 452
10 1 0 8 452
10 1 0 9 452
7 10 0 0 453
1 10 7 0 453
2 5 8 0 453
2 5 8 5 453
10 7 0 0 454
5 2 0 7 454
10 1 0 9 454
5 2 5 7 454
10 7 0 0 455
10 1 0 7 455
10 1 0 8 455
10 1 0 9 455
7 10 0 0 456
1 10 7 0 456
1 10 8 0 456
1 10 9 0 456
7 10 0 0 457
2 5 7 0 457
2 5 7 5 457
1 10 9 0 457
10 7 0 0 458
5 2 0 7 458
5 2 5 7 458
10 1 0 9 458
10 7 0 0 459
5 2 0 7 459
5 2 5 7 459
10 1 0 9 459
10 7 0 0 460
5 2 0 7 460
5 2 5 7 460
10 1 0 9 460
7 10 0 0 461
2 5 7 0 461
2 5 7 5 461
1 10 9 0 461
7 10 0 0 462
2 5 7 0 462
2 5 7 5 462
1 10 9 0 462
7 10 0 0 463
1 10 7 0 463
1 10 8 0 463
1 10 9 0 463
10 7 0 0 464
5 2 0 7 464
10 1 0 9 464
5 2 5 7 464
10 7 0 0 465
5 2 0 7 465
5 2 5 7 465
10 1 0 9 465
10 7 0 0 466
5 2 0 7 466
5 2 5 7 466
10 1 0 9 466
10 7 0 0 467
5 2 0 7 467
10 1 0 9 467
5 2 5 7 467
10 7 0 0 468
10 1 0 7 468
5 2 0 8 468
5 2 5 8 468
7 10 0 0 469
2 5 7 0 469
1 10 9 0 469
2 5 7 5 469
10 7 0 0 470
10 1 0 7 470
5 2 0 8 470
5 2 5 8 470
7 10 0 0 471
1 10 7 0 471
1 10 8 0 471
1 10 9 0 471
10 7 0 0 472
10 1 0 7 472
10 1 0 8 472
10 1 0 9 472
7 10 0 0 473
2 5 7 0 473
1 10 9 0 473
2 5 7 5 473
10 7 0 0 474
10 1 0 7 474
5 2 0 8 474
5 2 5 8 474
10 7 0 0 475
10 1 0 7 475
10 1 0 8 475
10 1 0 9 475
7 10 0 0 476
1 10 7 0 476
1 10 8 0 476
1 10 9 0 476
10 7 0 0 477
10 1 0 7 477
5 2 0 8 477
5 2 5 8 477
10 7 0 0 478
10 1 0 7 478
10 1 0 8 478
7 10 0 0 479
2 5 7 0 479
1 10 9 0 479
2 5 7 5 479
10 7 0 0 480
4 3 0 7 480
6 2 4 7 480
10 7 0 0 481
4 3 0 7 481
4 3 4 7 481
10 7 0 0 482
4 3 0 7 482
6 2 4 7 482
7 10 0 0 483
1 10 7 0 483
2 5 8 0 483
2 5 8 5 483
7 10 0 0 484
1 10 7 0 484
1 10 8 0 484
1 10 9 0 484
7 10 0 0 485
2 5 7 0 485
2 5 7 5 485
1 10 9 0 485
7 10 0 0 486
2 5 7 0 486
2 5 7 5 486
1 10 9 0 486
10 7 0 0 487
6 2 0 7 487
4 3 6 7 487
7 10 0 0 488
2 5 7 0 488
2 5 7 5 488
1 10 9 0 488
7 10 0 0 489
2 5 7 0 489
2 5 7 5 489
1 10 9 0 489
7 10 0 0 490
2 5 7 0 490
1 10 9 0 490
2 5 7 5 490
10 7 0 0 491
6 2 0 7 491
4 3 6 7 491
7 10 0 0 492
1 10 7 0 492
2 5 8 0 492
2 5 8 5 492
7 10 0 0 493
1 10 7 0 493
2 5 8 0 493
7 10 0 0 494
2 6 7 0 494
3 4 7 6 494
7 10 0 0 495
2 6 7 0 495
3 4 7 6 495
7 10 0 0 496
2 6 7 0 496
3 4 7 6 496
7 10 0 0 497
2 6 7 0 497
3 4 7 6 497
10 7 0 0 498
6 2 0 7 498
4 3 6 7 498
10 7 0 0 499
6 2 0 7 499
4 3 6 7 499
7 10 0 0 500
3 4 7 0 500
2 6 7 4 500
10 7 0 0 501
6 2 0 7 501
4 3 6 7 501
10 7 0 0 502
6 2 0 7 502
4 3 6 7 502
7 10 0 0 503
2 6 7 0 503
3 4 7 6 503
7 10 0 0 504
2 6 7 0 504
3 4 7 6 504
7 10 0 0 505
3 4 7 0 505
3 4 7 4 505
8 8 0 0 506
2 6 8 0 506
6 2 0 8 506
8 8 0 0 507
2 6 8 0 507
6 2 0 8 507
8 8 0 0 508
2 6 8 0 508
6 2 0 8 508
8 8 0 0 509
2 6 8 0 509
6 2 0 8 509
8 8 0 0 510
2 6 8 0 510
6 2 0 8 510
8 8 0 0 511
6 2 0 8 511
2 6 8 0 511
8 8 0 0 512
2 6 8 0 512
6 2 0 8 512
8 8 0 0 513
6 2 0 8 513
2 6 8 0 513
8 8 0 0 514
6 2 0 8 514
2 6 8 0 514
8 8 0 0 515
6 2 0 8 515
2 6 8 0 515
8 8 0 0 516
6 2 0 8 516
2 6 8 0 516
8 8 0 0 517
6 2 0 8 517
2 6 8 0 517
8 8 0 0 518
6 2 0 8 518
2 6 8 0 518
8 8 0 0 519
6 2 0 8 519
2 6 8 0 519
8 8 0 0 520
6 2 0 8 520
2 6 8 0 520
8 8 0 0 521
6 2 0 8 521
2 6 8 0 521
8 8 0 0 522
6 2 0 8 522
2 6 8 0 522
8 8 0 0 523
6 2 0 8 523
2 6 8 0 523
8 8 0 0 524
6 2 0 8 524
2 6 8 0 524
8 8 0 0 525
6 2 0 8 525
2 6 8 0 525
8 8 0 0 526
6 2 0 8 526
2 6 8 0 526
8 8 0 0 527
6 2 0 8 527
2 6 8 0 527
8 8 0 0 528
6 2 0 8 528
2 6 8 0 528
8 8 0 0 529
6 2 0 8 529
2 6 8 0 529
8 8 0 0 530
6 2 0 8 530
2 6 8 0 530
8 8 0 0 531
6 2 0 8 531
2 6 8 0 531
8 8 0 0 532
6 2 0 8 532
2 6 8 0 532
8 8 0 0 533
6 2 0 8 533
2 6 8 0 533
8 8 0 0 534
6 2 0 8 534
2 6 8 0 534
8 8 0 0 535
6 2 0 8 535
2 6 8 0 535
8 8 0 0 536
6 2 0 8 536
2 6 8 0 536
8 8 0 0 537
6 2 0 8 537
2 6 8 0 537
8 8 0 0 538
6 2 0 8 538
2 6 8 0 538
8 8 0 0 539
6 2 0 8 539
2 6 8 0 539
8 8 0 0 540
6 2 0 8 540
2 6 8 0 540
8 8 0 0 541
6 2 0 8 541
2 6 8 0 541
8 8 0 0 542
6 2 0 8 542
2 6 8 0 542
8 8 0 0 543
2 6 8 0 543
6 2 0 8 543
8 8 0 0 544
2 6 8 0 544
6 2 0 8 544
8 8 0 0 545
6 2 0 8 545
2 6 8 0 545
8 8 0 0 546
6 2 0 8 546
2 6 8 0 546
8 8 0 0 547
6 2 0 8 547
2 6 8 0 547
9 7 0 0 548
4 3 0 7 548
4 3 4 7 548
7 9 0 0 549
3 4 7 0 549
3 4 7 4 549
7 9 0 0 550
3 4 7 0 550
3 4 7 4 550
7 9 0 0 551
3 4 7 0 551
3 4 7 4 551
7 9 0 0 552
3 4 7 0 552
3 4 7 4 552
9 7 0 0 553
4 3 0 7 553
4 3 4 7 553
7 9 0 0 554
3 4 7 0 554
3 4 7 4 554
7 9 0 0 555
3 4 7 0 555
3 4 7 4 555
7 9 0 0 556
3 4 7 0 556
3 4 7 4 556
7 9 0 0 557
3 4 7 0 557
3 4 7 4 557
7 9 0 0 558
3 4 7 0 558
3 4 7 4 558
9 7 0 0 559
4 3 0 7 559
4 3 4 7 559
9 7 0 0 560
4 3 0 7 560
4 3 4 7 560
9 7 0 0 561
4 3 0 7 561
4 3 4 7 561
7 9 0 0 562
3 4 7 0 562
3 4 7 4 562
9 7 0 0 563
4 3 0 7 563
4 3 4 7 563
7 9 0 0 564
3 4 7 0 564
3 4 7 4 564
9 7 0 0 565
4 3 0 7 565
4 3 4 7 565
7 9 0 0 566
3 4 7 0 566
3 4 7 4 566
9 7 0 0 567
4 3 0 7 567
4 3 4 7 567
9 7 0 0 568
4 3 0 7 568
4 3 4 7 568
9 7 0 0 569
4 3 0 7 569
4 3 4 7 569
9 7 0 0 570
4 3 0 7 570
4 3 4 7 570
9 7 0 0 571
4 3 0 7 571
4 3 4 7 571
7 9 0 0 572
3 4 7 0 572
3 4 7 4 572
7 9 0 0 573
3 4 7 0 573
3 4 7 4 573
7 9 0 0 574
3 4 7 0 574
3 4 7 4 574
7 9 0 0 575
3 4 7 0 575
3 4 7 4 575
9 7 0 0 576
4 3 0 7 576
4 3 4 7 576
9 7 0 0 577
4 3 0 7 577
4 3 4 7 577
9 7 0 0 578
4 3 0 7 578
6 2 4 7 578
7 9 0 0 579
3 4 7 0 579
3 4 7 4 579
7 9 0 0 580
3 4 7 0 580
3 4 7 4 580
7 9 0 0 581
3 4 7 0 581
3 4 7 4 581
9 7 0 0 582
4 3 0 7 582
4 3 4 7 582
7 9 0 0 583
3 4 7 0 583
2 6 7 4 583
9 7 0 0 584
6 2 0 7 584
4 3 6 7 584
7 9 0 0 585
3 4 7 0 585
3 5 7 4 585
9 7 0 0 586
6 2 0 7 586
4 3 6 7 586
9 7 0 0 587
6 2 0 7 587
4 3 6 7 587
7 9 0 0 588
2 7 7 0 588
9 7 0 0 589
4 3 0 7 589
6 2 4 7 589
9 7 0 0 590
4 3 0 7 590
6 2 4 7 590
9 7 0 0 591
4 3 0 7 591
6 2 4 7 591
9 7 0 0 592
7 2 0 7 592
9 7 0 0 593
7 2 0 7 593
9 7 0 0 594
7 2 0 7 594
7 9 0 0 595
2 7 7 0 595
7 9 0 0 596
2 7 7 0 596
9 7 0 0 597
7 2 0 7 597
9 7 0 0 598
7 2 0 7 598
7 9 0 0 599
2 7 7 0 599
9 7 0 0 600
7 2 0 7 600
7 9 0 0 601
2 7 7 0 601
9 7 0 0 602
7 2 0 7 602
7 9 0 0 603
2 7 7 0 603
9 7 0 0 604
7 2 0 7 604
7 9 0 0 605
2 7 7 0 605
9 7 0 0 606
7 2 0 7 606
7 9 0 0 607
2 7 7 0 607
7 9 0 0 608
2 7 7 0 608
7 9 0 0 609
2 7 7 0 609
9 7 0 0 610
7 2 0 7 610
9 7 0 0 611
7 2 0 7 611
7 9 0 0 612
2 7 7 0 612
7 9 0 0 613
2 7 7 0 613
9 7 0 0 614
7 2 0 7 614
9 7 0 0 615
7 2 0 7 615
7 9 0 0 616
2 7 7 0 616
9 7 0 0 617
7 2 0 7 617
9 7 0 0 618
7 2 0 7 618
7 9 0 0 619
2 7 7 0 619
7 9 0 0 620
2 7 7 0 620
7 9 0 0 621
2 7 7 0 621
9 7 0 0 622
7 2 0 7 622
9 7 0 0 623
7 2 0 7 623
9 7 0 0 624
7 2 0 7 624
9 7 0 0 625
7 2 0 7 625
7 9 0 0 626
2 7 7 0 626
9 7 0 0 627
7 2 0 7 627
9 7 0 0 628
7 2 0 7 628
9 7 0 0 629
7 2 0 7 629
9 7 0 0 630
7 2 0 7 630
9 7 0 0 631
7 2 0 7 631
10 6 0 0 632
7 2 0 6 632
7 2 0 8 632
6 10 0 0 633
2 7 6 0 633
2 7 8 0 633
10 6 0 0 634
7 2 0 6 634
7 2 0 8 634
10 6 0 0 635
7 2 0 6 635
7 2 0 8 635
6 10 0 0 636
2 7 6 0 636
2 7 8 0 636
6 10 0 0 637
2 7 6 0 637
2 7 8 0 637
6 10 0 0 638
2 7 6 0 638
2 7 8 0 638
10 6 0 0 639
7 2 0 6 639
7 2 0 8 639
6 10 0 0 640
2 7 6 0 640
2 7 8 0 640
6 10 0 0 641
2 7 6 0 641
2 7 8 0 641
10 6 0 0 642
7 2 0 6 642
7 2 0 8 642
6 10 0 0 643
2 7 6 0 643
2 7 8 0 643
10 6 0 0 644
7 2 0 6 644
7 2 0 8 644
10 6 0 0 645
7 2 0 6 645
7 2 0 8 645
10 6 0 0 646
7 2 0 6 646
7 2 0 8 646
6 10 0 0 647
2 7 6 0 647
2 7 8 0 647
6 10 0 0 648
2 7 6 0 648
2 7 8 0 648
10 6 0 0 649
7 2 0 6 649
7 2 0 8 649
6 10 0 0 650
2 7 6 0 650
2 7 8 0 650
6 10 0 0 651
2 7 6 0 651
2 7 8 0 651
6 10 0 0 652
2 7 6 0 652
2 7 8 0 652
10 6 0 0 653
7 2 0 6 653
7 2 0 8 653
6 10 0 0 654
2 7 6 0 654
2 8 8 0 654
10 6 0 0 655
7 2 0 6 655
7 2 0 8 655
6 10 0 0 656
3 5 6 0 656
3 5 6 5 656
10 6 0 0 657
7 2 0 6 657
7 2 0 8 657
6 10 0 0 658
3 5 6 0 658
3 5 6 5 658
10 6 0 0 659
7 2 0 6 659
7 2 0 8 659
10 6 0 0 660
7 2 0 6 660
7 2 0 8 660
10 6 0 0 661
7 2 0 6 661
7 2 0 8 661
10 6 0 0 662
7 2 0 6 662
8 2 0 8 662
10 6 0 0 663
5 3 0 6 663
5 3 5 6 663
10 6 0 0 664
5 3 0 6 664
5 3 5 6 664
10 6 0 0 665
5 3 0 6 665
5 3 5 6 665
10 6 0 0 666
5 3 0 6 666
5 3 5 6 666
10 6 0 0 667
5 3 0 6 667
5 3 5 6 667
10 6 0 0 668
5 3 0 6 668
5 3 5 6 668
10 6 0 0 669
5 3 0 6 669
5 3 5 6 669
6 10 0 0 670
3 5 6 0 670
3 5 6 5 670
6 10 0 0 671
3 5 6 0 671
3 5 6 5 671
6 10 0 0 672
3 5 6 0 672
3 5 6 5 672
6 10 0 0 673
3 5 6 0 673
3 5 6 5 673
10 6 0 0 674
5 3 0 6 674
5 3 5 6 674
10 6 0 0 675
5 3 0 6 675
5 3 5 6 675
10 6 0 0 676
5 3 0 6 676
5 3 5 6 676
6 10 0 0 677
3 5 6 0 677
3 5 6 5 677
6 10 0 0 678
3 5 6 0 678
3 5 6 5 678
6 10 0 0 679
3 5 6 0 679
3 5 6 5 679
6 10 0 0 680
3 5 6 0 680
3 5 6 5 680
10 6 0 0 681
5 3 0 6 681
5 3 5 6 681
6 10 0 0 682
3 5 6 0 682
3 5 6 5 682
6 10 0 0 683
3 5 6 0 683
3 5 6 5 683
6 10 0 0 684
3 5 6 0 684
3 5 6 5 684
10 6 0 0 685
5 3 0 6 685
5 3 5 6 685
10 6 0 0 686
5 3 0 6 686
5 3 5 6 686
6 10 0 0 687
3 5 6 0 687
3 5 6 5 687
10 6 0 0 688
5 3 0 6 688
5 3 5 6 688
10 6 0 0 689
5 3 0 6 689
5 3 5 6 689
6 10 0 0 690
3 5 6 0 690
3 5 6 5 690
6 10 0 0 691
3 5 6 0 691
3 5 6 5 691
10 6 0 0 692
5 3 0 6 692
5 3 5 6 692
10 6 0 0 693
5 3 0 6 693
5 3 5 6 693
6 10 0 0 694
3 5 6 0 694
3 5 6 5 694
6 10 0 0 695
3 5 6 0 695
3 5 6 5 695
6 10 0 0 696
3 5 6 0 696
3 5 6 5 696
6 10 0 0 697
3 5 6 0 697
3 5 6 5 697
6 10 0 0 698
3 5 6 0 698
3 5 6 5 698
6 10 0 0 699
3 5 6 0 699
3 5 6 5 699
10 6 0 0 700
5 3 0 6 700
5 3 5 6 700
10 6 0 0 701
5 3 0 6 701
5 3 5 6 701
6 10 0 0 702
3 5 6 0 702
3 5 6 5 702
6 10 0 0 703
3 5 6 0 703
3 5 6 5 703
10 6 0 0 704
5 3 0 6 704
5 3 5 6 704
6 10 0 0 705
3 5 6 0 705
3 5 6 5 705
6 10 0 0 706
3 5 6 0 706
3 5 6 5 706
10 6 0 0 707
5 3 0 6 707
5 3 5 6 707
10 6 0 0 708
5 3 0 6 708
5 3 5 6 708
6 10 0 0 709
4 4 6 0 709
4 4 6 4 709
10 6 0 0 710
5 3 0 6 710
5 3 5 6 710
10 6 0 0 711
5 3 0 6 711
5 3 5 6 711
6 10 0 0 712
2 8 6 0 712
2 8 8 0 712
6 10 0 0 713
2 8 6 0 713
2 8 8 0 713
6 10 0 0 714
4 4 6 0 714
4 4 6 4 714
10 6 0 0 715
5 3 0 6 715
5 3 5 6 715
10 6 0 0 716
5 3 0 6 716
5 3 5 6 716
6 10 0 0 717
4 4 6 0 717
4 4 6 4 717
7 8 0 0 718
8 2 0 8 718
2 8 7 0 718
7 8 0 0 719
8 2 0 8 719
2 8 7 0 719
7 8 0 0 720
8 2 0 8 720
2 8 7 0 720
7 8 0 0 721
8 2 0 8 721
2 8 7 0 721
8 7 0 0 722
5 3 0 7 722
5 3 5 7 722
7 8 0 0 723
8 2 0 8 723
2 8 7 0 723
7 8 0 0 724
8 2 0 8 724
2 8 7 0 724
8 7 0 0 725
5 3 0 7 725
5 3 5 7 725
7 8 0 0 726
8 2 0 8 726
2 8 7 0 726
7 8 0 0 727
8 2 0 8 727
2 8 7 0 727
8 7 0 0 728
5 3 0 7 728
5 3 5 7 728
7 8 0 0 729
8 2 0 8 729
2 8 7 0 729
7 8 0 0 730
8 2 0 8 730
2 8 7 0 730
7 8 0 0 731
8 2 0 8 731
2 8 7 0 731
7 8 0 0 732
8 2 0 8 732
2 8 7 0 732
7 8 0 0 733
8 2 0 8 733
2 8 7 0 733
7 8 0 0 734
8 2 0 8 734
2 8 7 0 734
7 8 0 0 735
8 2 0 8 735
2 8 7 0 735
8 7 0 0 736
5 3 0 7 736
5 3 5 7 736
7 8 0 0 737
8 2 0 8 737
2 8 7 0 737
8 7 0 0 738
5 3 0 7 738
5 3 5 7 738
7 8 0 0 739
8 2 0 8 739
2 8 7 0 739
8 7 0 0 740
5 3 0 7 740
2 8 8 0 740
7 8 0 0 741
8 2 0 8 741
2 8 7 0 741
8 7 0 0 742
8 2 0 7 742
2 8 8 0 742
8 7 0 0 743
8 2 0 7 743
2 8 8 0 743
8 7 0 0 744
8 2 0 7 744
2 8 8 0 744
8 7 0 0 745
8 2 0 7 745
2 8 8 0 745
7 8 0 0 746
8 2 0 8 746
2 8 7 0 746
7 8 0 0 747
8 2 0 8 747
2 8 7 0 747
7 8 0 0 748
8 2 0 8 748
2 8 7 0 748
7 8 0 0 749
8 2 0 8 749
2 8 7 0 749
7 8 0 0 750
8 2 0 8 750
2 8 7 0 750
7 8 0 0 751
8 2 0 8 751
2 8 7 0 751
8 7 0 0 752
8 2 0 7 752
2 8 8 0 752
8 7 0 0 753
8 2 0 7 753
2 8 8 0 753
7 8 0 0 754
8 2 0 8 754
2 8 7 0 754
8 7 0 0 755
8 2 0 7 755
2 8 8 0 755
8 7 0 0 756
8 2 0 7 756
2 8 8 0 756
7 8 0 0 757
8 2 0 8 757
2 8 7 0 757
8 7 0 0 758
8 2 0 7 758
2 8 8 0 758
7 8 0 0 759
8 2 0 8 759
2 8 7 0 759
7 8 0 0 760
8 2 0 8 760
2 8 7 0 760
8 7 0 0 761
8 2 0 7 761
2 8 8 0 761
8 7 0 0 762
8 2 0 7 762
2 8 8 0 762
8 7 0 0 763
8 2 0 7 763
2 8 8 0 763
7 8 0 0 764
8 2 0 8 764
2 8 7 0 764
8 7 0 0 765
8 2 0 7 765
2 8 8 0 765
7 8 0 0 766
8 2 0 8 766
3 6 7 0 766
8 7 0 0 767
8 2 0 7 767
2 9 8 0 767
7 8 0 0 768
8 2 0 8 768
3 6 7 0 768
7 8 0 0 769
8 2 0 8 769
3 6 7 0 769
7 8 0 0 770
8 2 0 8 770
3 6 7 0 770
8 7 0 0 771
8 2 0 7 771
2 9 8 0 771
8 7 0 0 772
8 2 0 7 772
2 9 8 0 772
8 7 0 0 773
8 2 0 7 773
2 9 8 0 773
7 8 0 0 774
8 2 0 8 774
3 6 7 0 774
7 8 0 0 775
8 2 0 8 775
3 6 7 0 775
8 7 0 0 776
8 2 0 7 776
2 9 8 0 776
7 8 0 0 777
8 2 0 8 777
3 6 7 0 777
7 8 0 0 778
9 2 0 8 778
3 6 7 0 778
7 8 0 0 779
9 2 0 8 779
3 6 7 0 779
8 7 0 0 780
6 3 0 7 780
2 9 8 0 780
7 8 0 0 781
9 2 0 8 781
3 6 7 0 781
8 7 0 0 782
6 3 0 7 782
2 9 8 0 782
8 7 0 0 783
6 3 0 7 783
2 9 8 0 783
8 7 0 0 784
9 2 0 7 784
8 7 0 0 785
9 2 0 7 785
8 7 0 0 786
6 3 0 7 786
2 9 8 0 786
7 8 0 0 787
9 2 0 8 787
3 6 7 0 787
8 7 0 0 788
6 3 0 7 788
2 9 8 0 788
7 8 0 0 789
9 2 0 8 789
3 6 7 0 789
8 7 0 0 790
6 3 0 7 790
2 9 8 0 790
8 7 0 0 791
6 3 0 7 791
2 9 8 0 791
8 7 0 0 792
6 3 0 7 792
2 9 8 0 792
7 8 0 0 793
9 2 0 8 793
3 6 7 0 793
7 8 0 0 794
9 2 0 8 794
3 6 7 0 794
8 7 0 0 795
9 2 0 7 795
8 7 0 0 796
9 2 0 7 796
7 8 0 0 797
9 2 0 8 797
3 6 7 0 797
7 8 0 0 798
9 2 0 8 798
3 6 7 0 798
8 7 0 0 799
6 3 0 7 799
2 9 8 0 799
8 7 0 0 800
6 3 0 7 800
2 9 8 0 800
8 7 0 0 801
6 3 0 7 801
2 9 8 0 801
8 7 0 0 802
9 2 0 7 802
7 8 0 0 803
9 2 0 8 803
3 6 7 0 803
7 8 0 0 804
9 2 0 8 804
3 6 7 0 804
8 7 0 0 805
6 3 0 7 805
2 9 8 0 805
8 7 0 0 806
6 3 0 7 806
2 9 8 0 806
8 7 0 0 807
9 2 0 7 807
8 7 0 0 808
9 2 0 7 808
8 7 0 0 809
9 2 0 7 809
8 7 0 0 810
6 3 0 7 810
2 9 8 0 810
7 8 0 0 811
3 6 7 0 811
9 2 0 8 811
7 8 0 0 812
9 2 0 8 812
3 6 7 0 812
8 7 0 0 813
6 3 0 7 813
2 9 8 0 813
8 7 0 0 814
6 3 0 7 814
2 9 8 0 814
8 7 0 0 815
9 2 0 7 815
7 8 0 0 816
9 2 0 8 816
3 6 7 0 816
8 7 0 0 817
9 2 0 7 817
8 7 0 0 818
6 3 0 7 818
2 9 8 0 818
9 6 0 0 819
4 4 0 6 819
4 4 4 6 819
6 9 0 0 820
4 4 6 0 820
4 4 6 4 820
9 6 0 0 821
4 4 0 6 821
4 4 4 6 821
9 6 0 0 822
4 4 0 6 822
4 4 4 6 822
9 6 0 0 823
4 4 0 6 823
4 4 4 6 823
6 9 0 0 824
4 4 6 0 824
4 4 6 4 824
6 9 0 0 825
4 4 6 0 825
4 4 6 4 825
6 9 0 0 826
4 4 6 0 826
4 4 6 4 826
6 9 0 0 827
4 4 6 0 827
4 4 6 4 827
6 9 0 0 828
4 4 6 0 828
4 4 6 4 828
9 6 0 0 829
4 4 0 6 829
4 4 4 6 829
9 6 0 0 830
4 4 0 6 830
4 4 4 6 830
9 6 0 0 831
4 4 0 6 831
4 4 4 6 831
9 6 0 0 832
4 4 0 6 832
4 4 4 6 832
6 9 0 0 833
4 4 6 0 833
4 4 6 4 833
6 9 0 0 834
4 4 6 0 834
4 4 6 4 834
6 9 0 0 835
4 4 6 0 835
4 4 6 4 835
9 6 0 0 836
4 4 0 6 836
4 4 4 6 836
9 6 0 0 837
4 4 0 6 837
4 4 4 6 837
9 6 0 0 838
4 4 0 6 838
4 4 4 6 838
6 9 0 0 839
4 4 6 0 839
4 4 6 4 839
9 6 0 0 840
4 4 0 6 840
4 4 4 6 840
9 6 0 0 841
4 4 0 6 841
4 4 4 6 841
9 6 0 0 842
6 3 0 6 842
6 9 0 0 843
3 6 6 0 843
9 6 0 0 844
6 3 0 6 844
6 9 0 0 845
3 6 6 0 845
9 6 0 0 846
6 3 0 6 846
9 6 0 0 847
6 3 0 6 847
9 6 0 0 848
6 3 0 6 848
9 6 0 0 849
9 2 0 6 849
9 2 0 8 849
9 6 0 0 850
9 2 0 6 850
9 2 0 8 850
6 9 0 0 851
3 6 6 0 851
6 9 0 0 852
3 6 6 0 852
9 6 0 0 853
6 3 0 6 853
9 6 0 0 854
6 3 0 6 854
9 6 0 0 855
9 2 0 6 855
9 2 0 8 855
6 9 0 0 856
3 6 6 0 856
9 6 0 0 857
6 3 0 6 857
6 9 0 0 858
3 6 6 0 858
6 9 0 0 859
3 6 6 0 859
9 6 0 0 860
6 3 0 6 860
6 9 0 0 861
3 6 6 0 861
6 9 0 0 862
3 6 6 0 862
9 6 0 0 863
6 3 0 6 863
9 6 0 0 864
6 3 0 6 864
6 9 0 0 865
3 6 6 0 865
9 6 0 0 866
9 2 0 6 866
9 2 0 8 866
9 6 0 0 867
9 2 0 6 867
9 2 0 8 867
9 6 0 0 868
6 3 0 6 868
6 9 0 0 869
3 6 6 0 869
6 9 0 0 870
3 6 6 0 870
9 6 0 0 871
6 3 0 6 871
6 9 0 0 872
3 6 6 0 872
9 6 0 0 873
9 2 0 6 873
9 2 0 8 873
6 9 0 0 874
3 6 6 0 874
6 9 0 0 875
3 6 6 0 875
6 9 0 0 876
3 6 6 0 876
6 9 0 0 877
2 9 6 0 877
2 9 8 0 877
9 6 0 0 878
6 3 0 6 878
9 6 0 0 879
9 2 0 6 879
9 2 0 8 879
9 6 0 0 880
6 3 0 6 880
6 9 0 0 881
2 9 6 0 881
2 9 8 0 881
6 9 0 0 882
2 9 6 0 882
2 9 8 0 882
9 6 0 0 883
6 3 0 6 883
9 6 0 0 884
6 3 0 6 884
9 6 0 0 885
6 3 0 6 885
9 6 0 0 886
9 2 0 6 886
9 2 0 8 886
6 9 0 0 887
3 6 6 0 887
6 9 0 0 888
2 9 6 0 888
2 9 8 0 888
9 6 0 0 889
9 2 0 6 889
9 2 0 8 889
6 9 0 0 890
3 6 6 0 890
6 9 0 0 891
2 9 6 0 891
2 9 8 0 891
6 9 0 0 892
3 6 6 0 892
9 6 0 0 893
9 2 0 6 893
9 2 0 8 893
6 9 0 0 894
3 6 6 0 894
6 9 0 0 895
3 6 6 0 895
6 9 0 0 896
2 9 6 0 896
2 9 8 0 896
6 9 0 0 897
3 6 6 0 897
6 9 0 0 898
3 6 6 0 898
6 9 0 0 899
2 9 6 0 899
2 9 8 0 899
6 9 0 0 900
3 6 6 0 900
9 6 0 0 901
6 3 0 6 901
9 6 0 0 902
9 2 0 6 902
9 2 0 8 902
6 9 0 0 903
3 6 6 0 903
9 6 0 0 904
9 2 0 6 904
9 2 0 8 904
9 6 0 0 905
6 3 0 6 905
6 9 0 0 906
3 6 6 0 906
6 9 0 0 907
2 9 6 0 907
2 9 8 0 907
6 9 0 0 908
3 6 6 0 908
6 9 0 0 909
2 9 6 0 909
2 9 8 0 909
9 6 0 0 910
6 3 0 6 910
9 6 0 0 911
9 2 0 6 911
9 2 0 8 911
9 6 0 0 912
6 3 0 6 912
9 6 0 0 913
6 3 0 6 913
6 9 0 0 914
3 6 6 0 914
6 9 0 0 915
3 6 6 0 915
9 6 0 0 916
9 2 0 6 916
9 2 0 8 916
9 6 0 0 917
6 3 0 6 917
6 9 0 0 918
3 6 6 0 918
9 6 0 0 919
6 3 0 6 919
6 9 0 0 920
3 6 6 0 920
9 6 0 0 921
6 3 0 6 921
9 6 0 0 922
6 3 0 6 922
9 6 0 0 923
9 2 0 6 923
10 2 0 8 923
6 9 0 0 924
2 9 6 0 924
2 10 8 0 924
9 6 0 0 925
10 2 0 6 925
10 2 0 8 925
6 9 0 0 926
4 5 6 0 926
4 5 6 5 926
9 6 0 0 927
5 4 0 6 927
5 4 5 6 927
6 9 0 0 928
2 10 6 0 928
2 10 8 0 928
9 6 0 0 929
5 4 0 6 929
5 4 5 6 929
9 6 0 0 930
10 2 0 6 930
10 2 0 8 930
9 6 0 0 931
5 4 0 6 931
5 4 5 6 931
6 9 0 0 932
2 10 6 0 932
2 10 8 0 932
5 10 0 0 933
5 10 5 0 933
10 5 0 0 934
10 5 0 5 934
10 5 0 0 935
10 5 0 5 935
5 10 0 0 936
4 5 5 0 936
4 5 5 5 936
10 5 0 0 937
10 5 0 5 937
10 5 0 0 938
10 5 0 5 938
10 5 0 0 939
10 5 0 5 939
5 10 0 0 940
5 10 5 0 940
10 5 0 0 941
10 2 0 5 941
10 2 0 7 941
5 10 0 0 942
5 10 5 0 942
10 5 0 0 943
10 5 0 5 943
5 10 0 0 944
5 10 5 0 944
10 5 0 0 945
10 5 0 5 945
5 10 0 0 946
5 10 5 0 946
10 5 0 0 947
10 5 0 5 947
10 5 0 0 948
10 5 0 5 948
5 10 0 0 949
2 10 5 0 949
2 10 7 0 949
10 5 0 0 950
10 5 0 5 950
10 5 0 0 951
10 5 0 5 951
10 5 0 0 952
10 5 0 5 952
5 10 0 0 953
5 10 5 0 953
10 5 0 0 954
10 5 0 5 954
5 10 0 0 955
5 10 5 0 955
5 10 0 0 956
5 10 5 0 956
5 10 0 0 957
5 10 5 0 957
10 5 0 0 958
10 5 0 5 958
10 5 0 0 959
10 5 0 5 959
5 10 0 0 960
4 5 5 0 960
5 4 5 5 960
10 5 0 0 961
10 5 0 5 961
10 5 0 0 962
10 5 0 5 962
10 5 0 0 963
10 5 0 5 963
5 10 0 0 964
5 10 5 0 964
5 10 0 0 965
4 5 5 0 965
4 5 5 5 965
10 5 0 0 966
10 5 0 5 966
10 5 0 0 967
10 5 0 5 967
5 10 0 0 968
5 10 5 0 968
10 5 0 0 969
10 5 0 5 969
10 5 0 0 970
10 5 0 5 970
5 10 0 0 971
5 10 5 0 971
10 5 0 0 972
10 5 0 5 972
10 5 0 0 973
10 5 0 5 973
5 10 0 0 974
5 9 5 0 974
10 5 0 0 975
9 5 0 5 975
7 7 0 0 976
10 2 0 7 976
3 7 7 0 976
7 7 0 0 977
2 10 7 0 977
7 3 0 7 977
7 7 0 0 978
2 10 7 0 978
7 3 0 7 978
7 7 0 0 979
2 10 7 0 979
7 3 0 7 979
7 7 0 0 980
10 2 0 7 980
3 7 7 0 980
7 7 0 0 981
10 2 0 7 981
3 7 7 0 981
7 7 0 0 982
2 10 7 0 982
7 3 0 7 982
7 7 0 0 983
10 2 0 7 983
3 7 7 0 983
7 7 0 0 984
10 2 0 7 984
3 7 7 0 984
7 7 0 0 985
10 2 0 7 985
3 7 7 0 985
7 7 0 0 986
10 2 0 7 986
3 7 7 0 986
7 7 0 0 987
10 2 0 7 987
3 7 7 0 987
7 7 0 0 988
2 10 7 0 988
7 3 0 7 988
7 7 0 0 989
10 2 0 7 989
3 7 7 0 989
7 7 0 0 990
2 10 7 0 990
7 3 0 7 990
7 7 0 0 991
10 2 0 7 991
3 7 7 0 991
7 7 0 0 992
2 10 7 0 992
7 3 0 7 992
7 7 0 0 993
10 2 0 7 993
3 7 7 0 993
7 7 0 0 994
2 10 7 0 994
7 3 0 7 994
7 7 0 0 995
10 2 0 7 995
3 7 7 0 995
7 7 0 0 996
10 2 0 7 996
3 7 7 0 996
7 7 0 0 997
2 10 7 0 997
7 3 0 7 997
7 7 0 0 998
10 2 0 7 998
3 7 7 0 998
7 7 0 0 999
2 10 7 0 999
7 3 0 7 999
7 7 0 0 1000
10 2 0 7 1000
3 7 7 0 1000
7 7 0 0 1001
10 2 0 7 1001
3 7 7 0 1001
7 7 0 0 1002
10 2 0 7 1002
3 7 7 0 1002
7 7 0 0 1003
10 2 0 7 1003
3 7 7 0 1003
7 7 0 0 1004
2 10 7 0 1004
7 3 0 7 1004
7 7 0 0 1005
10 2 0 7 1005
3 7 7 0 1005
7 7 0 0 1006
2 10 7 0 1006
7 3 0 7 1006
7 7 0 0 1007
2 10 7 0 1007
7 3 0 7 1007
7 7 0 0 1008
10 2 0 7 1008
3 7 7 0 1008
7 7 0 0 1009
2 10 7 0 1009
7 3 0 7 1009
7 7 0 0 1010
10 2 0 7 1010
3 7 7 0 1010
7 7 0 0 1011
2 10 7 0 1011
7 3 0 7 1011
7 7 0 0 1012
2 10 7 0 1012
7 3 0 7 1012
7 7 0 0 1013
2 10 7 0 1013
7 3 0 7 1013
7 7 0 0 1014
2 10 7 0 1014
7 3 0 7 1014
7 7 0 0 1015
2 10 7 0 1015
7 3 0 7 1015
7 7 0 0 1016
2 10 7 0 1016
7 3 0 7 1016
8 6 0 0 1017
5 4 0 6 1017
5 4 5 6 1017
6 8 0 0 1018
4 5 6 0 1018
4 5 6 5 1018
8 6 0 0 1019
5 4 0 6 1019
5 4 5 6 1019
6 8 0 0 1020
4 5 6 0 1020
4 5 6 5 1020
8 6 0 0 1021
5 4 0 6 1021
5 4 5 6 1021
8 6 0 0 1022
5 4 0 6 1022
5 4 5 6 1022
8 6 0 0 1023
5 4 0 6 1023
5 4 5 6 1023
8 6 0 0 1024
5 4 0 6 1024
5 4 5 6 1024
6 8 0 0 1025
4 5 6 0 1025
4 5 6 5 1025
6 8 0 0 1026
4 5 6 0 1026
4 5 6 5 1026
6 8 0 0 1027
4 5 6 0 1027
4 5 6 5 1027
8 6 0 0 1028
5 4 0 6 1028
5 4 5 6 1028
6 8 0 0 1029
4 5 6 0 1029
4 5 6 5 1029
8 6 0 0 1030
5 4 0 6 1030
5 4 5 6 1030
8 6 0 0 1031
10 2 0 6 1031
10 2 0 8 1031
8 6 0 0 1032
5 4 0 6 1032
2 10 8 0 1032
6 8 0 0 1033
4 5 6 0 1033
4 5 6 5 1033
8 6 0 0 1034
10 2 0 6 1034
10 2 0 8 1034
6 8 0 0 1035
4 5 6 0 1035
4 5 6 5 1035
8 6 0 0 1036
2 10 8 0 1036
5 4 0 6 1036
8 6 0 0 1037
10 2 0 6 1037
10 2 0 8 1037
8 6 0 0 1038
2 10 8 0 1038
5 4 0 6 1038
8 6 0 0 1039
2 10 8 0 1039
5 4 0 6 1039
8 6 0 0 1040
2 10 8 0 1040
5 4 0 6 1040
6 8 0 0 1041
4 5 6 0 1041
4 5 6 5 1041
8 6 0 0 1042
10 2 0 6 1042
10 2 0 8 1042
8 6 0 0 1043
2 10 8 0 1043
5 4 0 6 1043
6 8 0 0 1044
4 5 6 0 1044
4 5 6 5 1044
6 8 0 0 1045
4 5 6 0 1045
4 5 6 5 1045
8 6 0 0 1046
2 10 8 0 1046
5 4 0 6 1046
8 6 0 0 1047
2 10 8 0 1047
5 4 0 6 1047
6 8 0 0 1048
4 5 6 0 1048
4 5 6 5 1048
6 8 0 0 1049
4 5 6 0 1049
10 2 0 8 1049
6 8 0 0 1050
2 10 6 0 1050
2 10 8 0 1050
6 8 0 0 1051
2 10 6 0 1051
2 10 8 0 1051
8 6 0 0 1052
10 2 0 6 1052
10 2 0 8 1052
8 6 0 0 1053
10 2 0 6 1053
10 2 0 8 1053
6 8 0 0 1054
4 5 6 0 1054
4 5 6 5 1054
6 8 0 0 1055
4 5 6 0 1055
4 5 6 5 1055
6 8 0 0 1056
2 10 6 0 1056
2 10 8 0 1056
6 8 0 0 1057
10 2 0 8 1057
4 5 6 0 1057
6 8 0 0 1058
10 2 0 8 1058
4 5 6 0 1058
8 6 0 0 1059
2 10 8 0 1059
5 4 0 6 1059
8 6 0 0 1060
2 10 8 0 1060
5 4 0 6 1060
8 6 0 0 1061
10 2 0 6 1061
10 2 0 8 1061
6 8 0 0 1062
4 5 6 0 1062
4 5 6 5 1062
6 8 0 0 1063
10 2 0 8 1063
4 5 6 0 1063
8 6 0 0 1064
10 2 0 6 1064
10 2 0 8 1064
8 6 0 0 1065
2 10 8 0 1065
5 4 0 6 1065
6 8 0 0 1066
2 10 6 0 1066
2 10 8 0 1066
8 6 0 0 1067
10 2 0 6 1067
8 6 0 0 1068
7 3 0 6 1068
8 6 0 0 1069
7 3 0 6 1069
6 8 0 0 1070
3 7 6 0 1070
8 6 0 0 1071
7 3 0 6 1071
6 8 0 0 1072
3 7 6 0 1072
8 6 0 0 1073
7 3 0 6 1073
8 6 0 0 1074
7 3 0 6 1074
8 6 0 0 1075
7 3 0 6 1075
8 6 0 0 1076
7 3 0 6 1076
8 6 0 0 1077
7 3 0 6 1077
6 8 0 0 1078
3 7 6 0 1078
8 6 0 0 1079
7 3 0 6 1079
8 6 0 0 1080
7 3 0 6 1080
8 6 0 0 1081
7 3 0 6 1081
8 6 0 0 1082
7 3 0 6 1082
8 6 0 0 1083
7 3 0 6 1083
6 8 0 0 1084
3 7 6 0 1084
8 6 0 0 1085
7 3 0 6 1085
6 8 0 0 1086
3 7 6 0 1086
8 6 0 0 1087
7 3 0 6 1087
8 6 0 0 1088
7 3 0 6 1088
8 6 0 0 1089
7 3 0 6 1089
6 8 0 0 1090
3 7 6 0 1090
6 8 0 0 1091
3 7 6 0 1091
6 8 0 0 1092
3 7 6 0 1092
6 8 0 0 1093
3 7 6 0 1093
6 8 0 0 1094
3 7 6 0 1094
6 8 0 0 1095
3 7 6 0 1095
6 8 0 0 1096
3 7 6 0 1096
6 8 0 0 1097
3 7 6 0 1097
8 6 0 0 1098
7 3 0 6 1098
6 8 0 0 1099
3 7 6 0 1099
6 8 0 0 1100
3 7 6 0 1100
6 8 0 0 1101
3 7 6 0 1101
6 8 0 0 1102
3 7 6 0 1102
6 8 0 0 1103
4 6 6 0 1103
8 6 0 0 1104
7 3 0 6 1104
6 8 0 0 1105
4 6 6 0 1105
6 8 0 0 1106
4 6 6 0 1106
8 6 0 0 1107
7 3 0 6 1107
8 6 0 0 1108
7 3 0 6 1108
6 8 0 0 1109
3 8 6 0 1109
6 8 0 0 1110
3 8 6 0 1110
6 8 0 0 1111
3 8 6 0 1111
8 6 0 0 1112
7 3 0 6 1112
5 9 0 0 1113
5 9 5 0 1113
9 5 0 0 1114
9 5 0 5 1114
9 5 0 0 1115
9 5 0 5 1115
5 9 0 0 1116
5 9 5 0 1116
9 5 0 0 1117
9 5 0 5 1117
5 9 0 0 1118
5 9 5 0 1118
9 5 0 0 1119
9 5 0 5 1119
9 5 0 0 1120
9 5 0 5 1120
5 9 0 0 1121
5 9 5 0 1121
9 5 0 0 1122
9 5 0 5 1122
9 5 0 0 1123
9 5 0 5 1123
5 9 0 0 1124
5 9 5 0 1124
5 9 0 0 1125
5 9 5 0 1125
9 5 0 0 1126
9 5 0 5 1126
9 5 0 0 1127
9 5 0 5 1127
9 5 0 0 1128
9 5 0 5 1128
5 9 0 0 1129
5 9 5 0 1129
9 5 0 0 1130
6 4 0 5 1130
5 9 0 0 1131
5 9 5 0 1131
5 9 0 0 1132
5 9 5 0 1132
5 9 0 0 1133
5 9 5 0 1133
9 5 0 0 1134
9 5 0 5 1134
5 9 0 0 1135
5 9 5 0 1135
5 9 0 0 1136
5 9 5 0 1136
9 5 0 0 1137
9 5 0 5 1137
9 5 0 0 1138
9 5 0 5 1138
5 9 0 0 1139
5 9 5 0 1139
9 5 0 0 1140
9 5 0 5 1140
5 9 0 0 1141
5 9 5 0 1141
5 9 0 0 1142
5 9 5 0 1142
9 5 0 0 1143
8 3 0 5 1143
9 5 0 0 1144
9 5 0 5 1144
9 5 0 0 1145
9 5 0 5 1145
5 9 0 0 1146
5 9 5 0 1146
5 9 0 0 1147
5 8 5 0 1147
9 5 0 0 1148
8 3 0 5 1148
7 6 0 0 1149
6 4 0 6 1149
3 8 7 0 1149
7 6 0 0 1150
6 4 0 6 1150
3 8 7 0 1150
6 7 0 0 1151
4 10 6 0 1151
7 6 0 0 1152
8 3 0 6 1152
7 6 0 0 1153
6 4 0 6 1153
3 8 7 0 1153
7 6 0 0 1154
8 3 0 6 1154
6 7 0 0 1155
4 6 6 0 1155
8 3 0 7 1155
7 6 0 0 1156
6 4 0 6 1156
3 8 7 0 1156
7 6 0 0 1157
6 4 0 6 1157
3 8 7 0 1157
6 7 0 0 1158
4 6 6 0 1158
8 3 0 7 1158
6 7 0 0 1159
4 6 6 0 1159
8 3 0 7 1159
7 6 0 0 1160
6 4 0 6 1160
3 8 7 0 1160
6 7 0 0 1161
8 3 0 7 1161
4 6 6 0 1161
7 6 0 0 1162
6 4 0 6 1162
3 8 7 0 1162
6 7 0 0 1163
4 6 6 0 1163
8 3 0 7 1163
7 6 0 0 1164
3 8 7 0 1164
6 4 0 6 1164
7 6 0 0 1165
3 8 7 0 1165
6 4 0 6 1165
7 6 0 0 1166
8 3 0 6 1166
6 7 0 0 1167
4 6 6 0 1167
8 3 0 7 1167
6 7 0 0 1168
4 6 6 0 1168
8 3 0 7 1168
7 6 0 0 1169
3 8 7 0 1169
6 4 0 6 1169
7 6 0 0 1170
3 8 7 0 1170
6 4 0 6 1170
6 7 0 0 1171
4 6 6 0 1171
8 3 0 7 1171
7 6 0 0 1172
3 8 7 0 1172
6 4 0 6 1172
7 6 0 0 1173
3 8 7 0 1173
6 4 0 6 1173
7 6 0 0 1174
3 8 7 0 1174
6 4 0 6 1174
7 6 0 0 1175
8 3 0 6 1175
7 6 0 0 1176
3 8 7 0 1176
6 4 0 6 1176
7 6 0 0 1177
3 8 7 0 1177
6 4 0 6 1177
6 7 0 0 1178
4 6 6 0 1178
8 3 0 7 1178
6 7 0 0 1179
4 6 6 0 1179
8 3 0 7 1179
6 7 0 0 1180
4 6 6 0 1180
8 3 0 7 1180
6 7 0 0 1181
4 6 6 0 1181
8 3 0 7 1181
7 6 0 0 1182
3 8 7 0 1182
6 4 0 6 1182
7 6 0 0 1183
3 8 7 0 1183
6 4 0 6 1183
6 7 0 0 1184
4 6 6 0 1184
8 3 0 7 1184
6 7 0 0 1185
4 6 6 0 1185
8 3 0 7 1185
7 6 0 0 1186
3 8 7 0 1186
6 4 0 6 1186
7 6 0 0 1187
3 8 7 0 1187
6 4 0 6 1187
6 7 0 0 1188
4 6 6 0 1188
8 3 0 7 1188
7 6 0 0 1189
3 8 7 0 1189
6 4 0 6 1189
6 7 0 0 1190
4 6 6 0 1190
8 3 0 7 1190
7 6 0 0 1191
3 8 7 0 1191
6 4 0 6 1191
7 6 0 0 1192
3 8 7 0 1192
6 4 0 6 1192
6 7 0 0 1193
4 6 6 0 1193
8 3 0 7 1193
7 6 0 0 1194
6 4 0 6 1194
3 8 7 0 1194
6 7 0 0 1195
4 6 6 0 1195
8 3 0 7 1195
6 7 0 0 1196
4 6 6 0 1196
8 3 0 7 1196
7 6 0 0 1197
6 4 0 6 1197
3 8 7 0 1197
6 7 0 0 1198
4 6 6 0 1198
8 3 0 7 1198
6 7 0 0 1199
4 6 6 0 1199
8 3 0 7 1199
7 6 0 0 1200
6 4 0 6 1200
3 8 7 0 1200
7 6 0 0 1201
6 4 0 6 1201
3 8 7 0 1201
7 6 0 0 1202
3 8 7 0 1202
6 4 0 6 1202
7 6 0 0 1203
3 8 7 0 1203
6 4 0 6 1203
7 6 0 0 1204
8 3 0 6 1204
6 7 0 0 1205
4 6 6 0 1205
8 3 0 7 1205
7 6 0 0 1206
3 8 7 0 1206
6 4 0 6 1206
7 6 0 0 1207
3 8 7 0 1207
6 4 0 6 1207
7 6 0 0 1208
6 4 0 6 1208
3 8 7 0 1208
6 7 0 0 1209
4 6 6 0 1209
8 3 0 7 1209
6 7 0 0 1210
4 6 6 0 1210
8 3 0 7 1210
6 7 0 0 1211
4 6 6 0 1211
8 3 0 7 1211
7 6 0 0 1212
6 4 0 6 1212
3 8 7 0 1212
6 7 0 0 1213
4 6 6 0 1213
8 3 0 7 1213
6 7 0 0 1214
4 6 6 0 1214
8 3 0 7 1214
7 6 0 0 1215
6 4 0 6 1215
3 8 7 0 1215
6 7 0 0 1216
4 6 6 0 1216
8 3 0 7 1216
6 7 0 0 1217
4 6 6 0 1217
8 3 0 7 1217
6 7 0 0 1218
4 6 6 0 1218
8 3 0 7 1218
7 6 0 0 1219
6 4 0 6 1219
3 8 7 0 1219
7 6 0 0 1220
3 8 7 0 1220
6 4 0 6 1220
6 7 0 0 1221
4 6 6 0 1221
8 3 0 7 1221
6 7 0 0 1222
4 6 6 0 1222
8 3 0 7 1222
7 6 0 0 1223
3 8 7 0 1223
6 4 0 6 1223
7 6 0 0 1224
3 8 7 0 1224
6 4 0 6 1224
7 6 0 0 1225
3 8 7 0 1225
6 4 0 6 1225
7 6 0 0 1226
3 8 7 0 1226
6 4 0 6 1226
6 7 0 0 1227
4 6 6 0 1227
8 3 0 7 1227
6 7 0 0 1228
4 6 6 0 1228
8 3 0 7 1228
6 7 0 0 1229
4 6 6 0 1229
8 3 0 7 1229
7 6 0 0 1230
3 8 7 0 1230
6 4 0 6 1230
7 6 0 0 1231
3 8 7 0 1231
6 4 0 6 1231
6 7 0 0 1232
4 6 6 0 1232
8 3 0 7 1232
6 7 0 0 1233
4 6 6 0 1233
8 3 0 7 1233
7 6 0 0 1234
3 8 7 0 1234
6 4 0 6 1234
7 6 0 0 1235
3 8 7 0 1235
6 4 0 6 1235
7 6 0 0 1236
3 8 7 0 1236
6 4 0 6 1236
6 7 0 0 1237
4 6 6 0 1237
8 3 0 7 1237
7 6 0 0 1238
3 8 7 0 1238
6 4 0 6 1238
7 6 0 0 1239
3 8 7 0 1239
6 4 0 6 1239
7 6 0 0 1240
6 4 0 6 1240
3 8 7 0 1240
7 6 0 0 1241
6 4 0 6 1241
3 8 7 0 1241
7 6 0 0 1242
10 4 0 6 1242
7 6 0 0 1243
10 4 0 6 1243
7 6 0 0 1244
6 4 0 6 1244
3 8 7 0 1244
6 7 0 0 1245
4 6 6 0 1245
8 3 0 7 1245
6 7 0 0 1246
4 6 6 0 1246
9 3 0 7 1246
7 6 0 0 1247
6 4 0 6 1247
3 8 7 0 1247
7 6 0 0 1248
6 4 0 6 1248
3 9 7 0 1248
7 6 0 0 1249
10 4 0 6 1249
7 6 0 0 1250
10 4 0 6 1250
7 6 0 0 1251
10 4 0 6 1251
6 7 0 0 1252
4 6 6 0 1252
9 3 0 7 1252
6 7 0 0 1253
4 6 6 0 1253
9 3 0 7 1253
8 5 0 0 1254
8 5 0 5 1254
4 10 0 0 1255
4 10 4 0 1255
4 10 0 0 1256
4 10 4 0 1256
4 10 0 0 1257
5 8 4 0 1257
5 8 0 0 1258
4 10 5 0 1258
4 10 0 0 1259
5 8 4 0 1259
8 5 0 0 1260
6 4 0 5 1260
4 10 0 0 1261
5 8 4 0 1261
4 10 0 0 1262
4 10 4 0 1262
8 5 0 0 1263
8 5 0 5 1263
4 10 0 0 1264
4 10 4 0 1264
8 5 0 0 1265
8 5 0 5 1265
10 4 0 0 1266
10 4 0 4 1266
4 10 0 0 1267
5 5 4 0 1267
5 5 4 5 1267
10 4 0 0 1268
8 5 0 4 1268
10 4 0 0 1269
8 5 0 4 1269
8 5 0 0 1270
8 5 0 5 1270
8 5 0 0 1271
10 4 0 5 1271
4 10 0 0 1272
4 10 4 0 1272
8 5 0 0 1273
5 5 0 5 1273
5 5 5 5 1273
8 5 0 0 1274
10 4 0 5 1274
5 8 0 0 1275
5 8 5 0 1275
10 4 0 0 1276
10 4 0 4 1276
5 8 0 0 1277
5 8 5 0 1277
10 4 0 0 1278
10 4 0 4 1278
4 10 0 0 1279
5 8 4 0 1279
10 4 0 0 1280
10 4 0 4 1280
5 8 0 0 1281
5 5 5 0 1281
5 5 5 5 1281
5 8 0 0 1282
5 8 5 0 1282
8 5 0 0 1283
5 5 0 5 1283
5 5 5 5 1283
8 5 0 0 1284
10 4 0 5 1284
4 10 0 0 1285
5 5 4 0 1285
5 5 4 5 1285
8 5 0 0 1286
8 5 0 5 1286
8 5 0 0 1287
8 5 0 5 1287
5 8 0 0 1288
4 10 5 0 1288
5 8 0 0 1289
5 8 5 0 1289
10 4 0 0 1290
5 5 0 4 1290
5 5 5 4 1290
8 5 0 0 1291
10 4 0 5 1291
4 10 0 0 1292
4 10 4 0 1292
5 8 0 0 1293
4 10 5 0 1293
8 5 0 0 1294
5 5 0 5 1294
5 5 5 5 1294
5 8 0 0 1295
4 10 5 0 1295
10 4 0 0 1296
8 5 0 4 1296
4 10 0 0 1297
5 8 4 0 1297
8 5 0 0 1298
10 4 0 5 1298
8 5 0 0 1299
10 4 0 5 1299
4 10 0 0 1300
5 5 4 0 1300
5 5 4 5 1300
8 5 0 0 1301
10 4 0 5 1301
5 8 0 0 1302
4 10 5 0 1302
8 5 0 0 1303
8 5 0 5 1303
5 8 0 0 1304
5 8 5 0 1304
8 5 0 0 1305
10 4 0 5 1305
8 5 0 0 1306
8 5 0 5 1306
4 10 0 0 1307
3 9 4 0 1307
3 9 7 0 1307
10 4 0 0 1308
10 4 0 4 1308
4 10 0 0 1309
3 9 4 0 1309
3 9 7 0 1309
4 10 0 0 1310
5 8 4 0 1310
10 4 0 0 1311
10 4 0 4 1311
10 4 0 0 1312
8 5 0 4 1312
4 10 0 0 1313
4 10 4 0 1313
8 5 0 0 1314
10 4 0 5 1314
10 4 0 0 1315
10 4 0 4 1315
5 8 0 0 1316
4 10 5 0 1316
5 8 0 0 1317
4 10 5 0 1317
8 5 0 0 1318
10 4 0 5 1318
10 4 0 0 1319
8 5 0 4 1319
5 8 0 0 1320
4 10 5 0 1320
4 10 0 0 1321
5 8 4 0 1321
8 5 0 0 1322
8 5 0 5 1322
4 10 0 0 1323
3 9 4 0 1323
3 9 7 0 1323
5 8 0 0 1324
5 8 5 0 1324
10 4 0 0 1325
9 3 0 4 1325
9 3 0 7 1325
4 10 0 0 1326
4 10 4 0 1326
4 10 0 0 1327
4 10 4 0 1327
8 5 0 0 1328
8 5 0 5 1328
4 10 0 0 1329
5 8 4 0 1329
8 5 0 0 1330
10 4 0 5 1330
5 8 0 0 1331
5 8 5 0 1331
10 4 0 0 1332
10 4 0 4 1332
5 8 0 0 1333
3 9 5 0 1333
5 8 0 0 1334
4 10 5 0 1334
8 5 0 0 1335
8 5 0 5 1335
8 5 0 0 1336
8 5 0 5 1336
4 10 0 0 1337
5 8 4 0 1337
8 5 0 0 1338
10 4 0 5 1338
10 4 0 0 1339
9 4 0 4 1339
4 9 0 0 1340
4 9 4 0 1340
9 4 0 0 1341
6 6 0 4 1341
4 9 0 0 1342
6 6 4 0 1342
6 6 0 0 1343
4 9 6 0 1343
6 6 0 0 1344
3 9 6 0 1344
6 6 0 0 1345
4 9 6 0 1345
6 6 0 0 1346
4 9 6 0 1346
6 6 0 0 1347
4 9 6 0 1347
9 4 0 0 1348
9 4 0 4 1348
4 9 0 0 1349
4 9 4 0 1349
6 6 0 0 1350
4 9 6 0 1350
6 6 0 0 1351
9 4 0 6 1351
4 9 0 0 1352
6 6 4 0 1352
6 6 0 0 1353
9 4 0 6 1353
6 6 0 0 1354
9 4 0 6 1354
6 6 0 0 1355
9 3 0 6 1355
6 6 0 0 1356
3 9 6 0 1356
6 6 0 0 1357
4 9 6 0 1357
9 4 0 0 1358
9 4 0 4 1358
6 6 0 0 1359
9 4 0 6 1359
6 6 0 0 1360
9 4 0 6 1360
6 6 0 0 1361
4 9 6 0 1361
6 6 0 0 1362
9 4 0 6 1362
6 6 0 0 1363
9 4 0 6 1363
9 4 0 0 1364
9 4 0 4 1364
4 9 0 0 1365
4 9 4 0 1365
4 9 0 0 1366
6 6 4 0 1366
6 6 0 0 1367
4 9 6 0 1367
9 4 0 0 1368
6 6 0 4 1368
4 9 0 0 1369
4 9 4 0 1369
9 4 0 0 1370
6 6 0 4 1370
4 9 0 0 1371
4 9 4 0 1371
9 4 0 0 1372
6 6 0 4 1372
4 9 0 0 1373
4 9 4 0 1373
9 4 0 0 1374
6 6 0 4 1374
9 4 0 0 1375
9 4 0 4 1375
4 9 0 0 1376
4 9 4 0 1376
4 9 0 0 1377
6 6 4 0 1377
4 9 0 0 1378
4 9 4 0 1378
4 9 0 0 1379
6 6 4 0 1379
4 9 0 0 1380
4 9 4 0 1380
9 4 0 0 1381
9 3 0 4 1381
9 3 0 7 1381
6 6 0 0 1382
9 4 0 6 1382
4 9 0 0 1383
6 6 4 0 1383
6 6 0 0 1384
9 4 0 6 1384
4 9 0 0 1385
6 6 4 0 1385
6 6 0 0 1386
9 4 0 6 1386
6 6 0 0 1387
9 3 0 6 1387
5 7 0 0 1388
5 7 5 0 1388
9 3 0 7 1388
5 7 0 0 1389
5 7 5 0 1389
9 3 0 7 1389
5 7 0 0 1390
5 7 5 0 1390
9 3 0 7 1390
7 5 0 0 1391
7 5 0 5 1391
3 9 7 0 1391
7 5 0 0 1392
7 5 0 5 1392
3 9 7 0 1392
5 7 0 0 1393
5 7 5 0 1393
9 3 0 7 1393
7 5 0 0 1394
7 5 0 5 1394
3 9 7 0 1394
7 5 0 0 1395
7 5 0 5 1395
3 9 7 0 1395
5 7 0 0 1396
5 7 5 0 1396
9 3 0 7 1396
5 7 0 0 1397
5 7 5 0 1397
9 3 0 7 1397
7 5 0 0 1398
7 5 0 5 1398
3 9 7 0 1398
5 7 0 0 1399
5 7 5 0 1399
9 3 0 7 1399
5 7 0 0 1400
3 9 5 0 1400
7 5 0 0 1401
7 5 0 5 1401
3 9 7 0 1401
7 5 0 0 1402
7 5 0 5 1402
3 9 7 0 1402
7 5 0 0 1403
7 5 0 5 1403
3 9 7 0 1403
5 7 0 0 1404
5 7 5 0 1404
9 3 0 7 1404
5 7 0 0 1405
5 7 5 0 1405
10 3 0 7 1405
5 7 0 0 1406
5 7 5 0 1406
10 3 0 7 1406
5 7 0 0 1407
5 7 5 0 1407
10 3 0 7 1407
7 5 0 0 1408
7 5 0 5 1408
3 10 7 0 1408
7 5 0 0 1409
7 5 0 5 1409
3 10 7 0 1409
5 7 0 0 1410
5 7 5 0 1410
10 3 0 7 1410
7 5 0 0 1411
7 5 0 5 1411
3 10 7 0 1411
5 7 0 0 1412
5 7 5 0 1412
10 3 0 7 1412
5 7 0 0 1413
5 7 5 0 1413
10 3 0 7 1413
7 5 0 0 1414
7 5 0 5 1414
3 10 7 0 1414
5 7 0 0 1415
5 7 5 0 1415
10 3 0 7 1415
7 5 0 0 1416
7 5 0 5 1416
3 10 7 0 1416
5 7 0 0 1417
5 7 5 0 1417
10 3 0 7 1417
5 7 0 0 1418
5 7 5 0 1418
10 3 0 7 1418
7 5 0 0 1419
7 5 0 5 1419
3 10 7 0 1419
5 7 0 0 1420
4 7 5 0 1420
10 3 0 7 1420
7 5 0 0 1421
7 5 0 5 1421
3 10 7 0 1421
5 7 0 0 1422
4 7 5 0 1422
10 3 0 7 1422
5 7 0 0 1423
4 8 5 0 1423
8 4 0 0 1424
8 4 0 4 1424
4 8 0 0 1425
4 8 4 0 1425
8 4 0 0 1426
8 4 0 4 1426
8 4 0 0 1427
8 4 0 4 1427
8 4 0 0 1428
8 4 0 4 1428
8 4 0 0 1429
8 4 0 4 1429
4 8 0 0 1430
4 8 4 0 1430
8 4 0 0 1431
8 4 0 4 1431
4 8 0 0 1432
4 8 4 0 1432
8 4 0 0 1433
8 4 0 4 1433
4 8 0 0 1434
4 8 4 0 1434
4 8 0 0 1435
4 8 4 0 1435
8 4 0 0 1436
8 4 0 4 1436
8 4 0 0 1437
8 4 0 4 1437
4 8 0 0 1438
4 8 4 0 1438
4 8 0 0 1439
4 8 4 0 1439
4 8 0 0 1440
4 8 4 0 1440
8 4 0 0 1441
8 4 0 4 1441
4 8 0 0 1442
4 8 4 0 1442
8 4 0 0 1443
8 4 0 4 1443
4 8 0 0 1444
4 8 4 0 1444
8 4 0 0 1445
8 4 0 4 1445
4 8 0 0 1446
4 7 4 0 1446
4 8 0 0 1447
4 8 4 0 1447
4 8 0 0 1448
4 8 4 0 1448
8 4 0 0 1449
8 4 0 4 1449
4 8 0 0 1450
4 8 4 0 1450
8 4 0 0 1451
8 4 0 4 1451
8 4 0 0 1452
8 4 0 4 1452
8 4 0 0 1453
8 4 0 4 1453
8 4 0 0 1454
8 4 0 4 1454
4 8 0 0 1455
4 7 4 0 1455
4 8 0 0 1456
4 8 4 0 1456
8 4 0 0 1457
8 4 0 4 1457
4 8 0 0 1458
4 8 4 0 1458
8 4 0 0 1459
8 4 0 4 1459
4 8 0 0 1460
4 8 4 0 1460
8 4 0 0 1461
8 4 0 4 1461
8 4 0 0 1462
6 5 0 4 1462
6 5 0 0 1463
6 5 0 5 1463
3 10 6 0 1463
6 5 0 0 1464
6 5 0 5 1464
3 10 6 0 1464
5 6 0 0 1465
5 6 5 0 1465
7 4 0 6 1465
5 6 0 0 1466
5 6 5 0 1466
7 4 0 6 1466
3 10 0 0 1467
3 10 3 0 1467
3 10 6 0 1467
10 3 0 0 1468
5 6 0 3 1468
4 7 5 3 1468
5 6 0 0 1469
5 6 5 0 1469
10 3 0 6 1469
6 5 0 0 1470
3 10 6 0 1470
6 5 0 5 1470
5 6 0 0 1471
5 6 5 0 1471
7 4 0 6 1471
10 3 0 0 1472
6 5 0 3 1472
4 7 6 3 1472
3 10 0 0 1473
4 7 3 0 1473
3 10 7 0 1473
5 6 0 0 1474
5 6 5 0 1474
10 3 0 6 1474
10 3 0 0 1475
6 5 0 3 1475
4 7 6 3 1475
3 10 0 0 1476
6 5 3 0 1476
7 4 3 5 1476
10 3 0 0 1477
10 3 0 3 1477
10 3 0 6 1477
5 6 0 0 1478
10 3 0 6 1478
5 6 5 0 1478
3 10 0 0 1479
5 6 3 0 1479
7 4 3 6 1479
5 6 0 0 1480
10 3 0 6 1480
5 6 5 0 1480
6 5 0 0 1481
10 3 0 5 1481
10 3 0 0 1482
6 5 0 3 1482
4 7 6 3 1482
6 5 0 0 1483
3 10 6 0 1483
6 5 0 5 1483
3 10 0 0 1484
5 6 3 0 1484
7 4 3 6 1484
3 10 0 0 1485
3 10 3 0 1485
4 7 6 0 1485
3 10 0 0 1486
3 10 3 0 1486
3 10 6 0 1486
10 3 0 0 1487
5 6 0 3 1487
5 6 5 3 1487
5 6 0 0 1488
5 6 5 0 1488
7 4 0 6 1488
5 6 0 0 1489
5 6 5 0 1489
10 3 0 6 1489
3 10 0 0 1490
5 6 3 0 1490
5 6 0 0 1491
5 6 5 0 1491
10 3 0 6 1491
6 5 0 0 1492
3 10 6 0 1492
6 5 0 5 1492
5 6 0 0 1493
5 6 5 0 1493
10 3 0 6 1493
3 10 0 0 1494
3 10 3 0 1494
3 10 6 0 1494
6 5 0 0 1495
3 10 6 0 1495
6 5 0 5 1495
5 6 0 0 1496
5 6 5 0 1496
10 3 0 6 1496
10 3 0 0 1497
5 6 0 3 1497
5 6 5 3 1497
3 10 0 0 1498
6 5 3 0 1498
6 5 3 5 1498
6 5 0 0 1499
6 5 0 5 1499
3 10 6 0 1499
10 3 0 0 1500
10 3 0 3 1500
10 3 0 6 1500
6 5 0 0 1501
6 5 0 5 1501
3 10 6 0 1501
5 6 0 0 1502
5 6 5 0 1502
10 3 0 6 1502
5 6 0 0 1503
5 6 5 0 1503
10 3 0 6 1503
6 5 0 0 1504
3 10 6 0 1504
6 5 0 5 1504
5 6 0 0 1505
3 10 5 0 1505
10 3 0 0 1506
10 3 0 3 1506
10 3 0 6 1506
3 10 0 0 1507
3 10 3 0 1507
3 10 6 0 1507
6 5 0 0 1508
6 5 0 5 1508
