% State of a bin packing problem:
%
% Bin number: 327
% Total uncovered points: 1025
% Total covered points: 31675
% Number of boxes: 4288
% Unused boxes: 0
% Runtime: 11.337999820709229
%
% Bin size:
10 10
%
% Boxes (width, height) not in some bins:
%
% Boxes (width, height, x_position, y_position, bin_id) in bins:
3 6 0 0 0
3 6 3 0 0
3 6 6 0 0
1 2 0 6 0
1 2 0 8 0
1 2 1 6 0
2 1 1 8 0
2 1 1 9 0
2 1 2 6 0
2 1 2 7 0
2 1 3 8 0
2 1 3 9 0
1 2 4 6 0
1 2 5 6 0
2 1 5 8 0
2 1 5 9 0
2 1 6 6 0
2 1 6 7 0
2 1 7 8 0
2 1 7 9 0
2 1 8 6 0
1 2 9 0 0
1 2 9 2 0
1 2 9 4 0
2 1 8 7 0
1 2 9 8 0
3 6 0 0 1
3 6 3 0 1
3 6 6 0 1
1 2 0 6 1
1 2 0 8 1
2 1 1 6 1
2 1 1 7 1
1 2 1 8 1
1 2 2 8 1
1 2 3 6 1
2 1 3 8 1
1 2 4 6 1
1 2 5 6 1
2 1 3 9 1
1 2 5 8 1
2 1 6 6 1
2 1 6 7 1
2 1 6 8 1
1 2 8 6 1
1 2 8 8 1
1 2 9 0 1
2 1 6 9 1
1 2 9 2 1
1 2 9 4 1
1 2 9 6 1
1 2 9 8 1
3 6 0 0 2
3 6 3 0 2
3 6 6 0 2
2 1 0 6 2
2 1 0 7 2
2 1 0 8 2
2 1 0 9 2
2 1 2 6 2
1 2 2 7 2
2 1 2 9 2
2 1 3 7 2
2 1 3 8 2
2 1 4 6 2
2 1 4 9 2
2 1 5 7 2
2 1 5 8 2
1 2 7 6 2
1 2 7 8 2
1 2 8 6 2
2 1 8 8 2
1 2 9 0 2
2 1 8 9 2
1 2 9 2 2
1 2 9 4 2
1 2 9 6 2
3 6 0 0 3
3 6 3 0 3
3 6 6 0 3
2 1 0 6 3
2 1 0 7 3
2 1 0 8 3
2 1 0 9 3
2 1 2 6 3
2 1 2 7 3
2 1 2 8 3
2 1 2 9 3
1 2 4 6 3
2 1 4 8 3
2 1 4 9 3
2 1 5 6 3
2 1 5 7 3
2 1 6 8 3
1 2 7 6 3
2 1 6 9 3
2 1 8 6 3
1 2 8 7 3
2 1 8 9 3
1 2 9 0 3
1 2 9 2 3
1 2 9 4 3
1 2 9 7 3
3 6 0 0 4
3 6 3 0 4
3 6 6 0 4
1 2 0 6 4
1 2 0 8 4
2 1 1 6 4
1 2 1 7 4
2 1 1 9 4
2 1 2 7 4
2 1 2 8 4
2 1 3 6 4
1 2 4 7 4
2 1 3 9 4
1 2 5 6 4
2 1 5 8 4
2 1 5 9 4
1 2 6 6 4
2 1 7 6 4
1 2 7 7 4
1 2 8 7 4
1 2 9 0 4
2 1 7 9 4
1 2 9 2 4
1 2 9 4 4
1 2 9 6 4
1 2 9 8 4
3 6 0 0 5
3 6 3 0 5
3 6 6 0 5
2 1 0 6 5
2 1 0 7 5
2 1 0 8 5
2 1 0 9 5
2 1 2 6 5
1 2 2 7 5
2 1 2 9 5
1 2 3 7 5
2 1 4 6 5
1 2 4 7 5
2 1 4 9 5
2 1 5 7 5
2 1 5 8 5
1 2 7 6 5
1 2 7 8 5
2 1 8 6 5
1 2 8 7 5
1 2 9 0 5
2 1 8 9 5
1 2 9 2 5
1 2 9 4 5
1 2 9 7 5
3 6 0 0 6
3 6 3 0 6
3 6 6 0 6
2 1 0 6 6
2 1 0 7 6
2 1 0 8 6
2 1 0 9 6
1 2 2 6 6
1 2 2 8 6
1 2 3 6 6
2 1 3 8 6
1 2 4 6 6
2 1 3 9 6
2 1 5 6 6
2 1 5 7 6
2 1 5 8 6
2 1 5 9 6
2 1 7 6 6
1 2 7 7 6
1 2 8 7 6
2 1 7 9 6
1 2 9 0 6
1 2 9 2 6
1 2 9 4 6
1 2 9 6 6
1 2 9 8 6
3 6 0 0 7
3 6 3 0 7
3 6 6 0 7
2 1 0 6 7
2 1 0 7 7
2 1 0 8 7
2 1 0 9 7
2 1 2 6 7
2 1 2 7 7
2 1 2 8 7
2 1 2 9 7
1 2 4 6 7
1 2 4 8 7
1 2 5 6 7
2 1 5 8 7
1 2 6 6 7
1 2 7 6 7
2 1 5 9 7
1 2 7 8 7
1 2 8 6 7
1 2 8 8 7
1 2 9 0 7
1 2 9 2 7
1 2 9 4 7
1 2 9 6 7
1 2 9 8 7
3 6 0 0 8
3 6 3 0 8
3 6 6 0 8
2 1 0 6 8
1 2 0 7 8
1 2 1 7 8
1 2 2 6 8
1 2 2 8 8
2 1 0 9 8
2 1 3 6 8
2 1 3 7 8
2 1 3 8 8
1 2 5 6 8
1 2 5 8 8
1 2 6 6 8
1 2 6 8 8
1 2 7 6 8
2 1 3 9 8
1 2 7 8 8
2 1 8 6 8
1 2 8 7 8
1 2 9 0 8
2 1 8 9 8
1 2 9 2 8
1 2 9 4 8
1 2 9 7 8
3 6 0 0 9
3 6 3 0 9
3 6 6 0 9
2 1 0 6 9
1 2 0 7 9
1 2 1 7 9
1 2 2 6 9
1 2 2 8 9
1 2 3 6 9
1 2 3 8 9
1 2 4 6 9
1 2 4 8 9
1 2 5 6 9
1 2 5 8 9
1 2 6 6 9
2 1 0 9 9
1 2 6 8 9
2 1 7 6 9
2 1 7 7 9
2 1 7 8 9
1 2 9 0 9
2 1 7 9 9
1 2 9 2 9
1 2 9 4 9
1 2 9 6 9
1 2 9 8 9
3 6 0 0 10
3 6 3 0 10
3 6 6 0 10
2 1 0 6 10
2 1 0 7 10
2 1 0 8 10
2 1 0 9 10
2 1 2 6 10
2 1 2 7 10
1 2 2 8 10
1 2 3 8 10
2 1 4 6 10
1 2 4 7 10
1 2 5 7 10
1 2 6 6 10
2 2 6 8 10
1 4 8 6 10
1 4 9 0 10
1 4 9 4 10
3 6 0 0 11
3 6 3 0 11
3 6 6 0 11
2 2 0 6 11
2 2 0 8 11
2 2 2 6 11
2 2 2 8 11
4 1 4 6 11
2 2 4 7 11
1 4 8 6 11
1 4 9 0 11
2 2 6 7 11
4 1 4 9 11
1 4 9 4 11
3 6 0 0 12
3 6 3 0 12
3 6 6 0 12
2 2 0 6 12
2 2 0 8 12
2 2 2 6 12
2 2 2 8 12
1 4 4 6 12
1 4 5 6 12
2 2 6 6 12
4 1 6 8 12
2 2 8 6 12
1 4 9 0 12
4 1 6 9 12
3 6 0 0 13
3 6 3 0 13
3 6 6 0 13
2 2 0 6 13
2 2 0 8 13
1 4 2 6 13
2 2 3 6 13
2 2 3 8 13
2 2 5 6 13
2 2 5 8 13
1 4 7 6 13
1 4 8 6 13
1 4 9 0 13
1 4 9 4 13
3 6 0 0 14
3 6 3 0 14
3 6 6 0 14
2 2 0 6 14
2 2 0 8 14
2 2 2 6 14
2 2 2 8 14
2 2 4 6 14
2 2 4 8 14
2 2 6 6 14
4 1 6 8 14
2 2 8 6 14
1 4 9 0 14
4 1 6 9 14
3 6 0 0 15
3 6 3 0 15
3 6 6 0 15
2 2 0 6 15
2 2 0 8 15
2 2 2 6 15
2 2 2 8 15
2 2 4 6 15
2 2 4 8 15
1 4 6 6 15
2 2 7 6 15
2 2 7 8 15
1 4 9 0 15
1 4 9 4 15
3 6 0 0 16
3 6 3 0 16
3 6 6 0 16
2 2 0 6 16
2 2 0 8 16
2 2 2 6 16
4 1 2 8 16
4 1 2 9 16
2 2 4 6 16
4 1 6 6 16
2 2 6 7 16
2 2 8 7 16
1 4 9 0 16
4 1 6 9 16
3 6 0 0 17
3 6 3 0 17
3 6 6 0 17
2 2 0 6 17
2 2 0 8 17
2 2 2 6 17
2 2 2 8 17
2 2 4 6 17
2 2 4 8 17
2 2 6 6 17
2 2 6 8 17
1 4 8 6 17
1 4 9 0 17
1 4 9 4 17
3 6 0 0 18
3 6 3 0 18
3 6 6 0 18
2 2 0 6 18
2 2 0 8 18
4 1 2 6 18
2 2 2 7 18
1 4 6 6 18
4 1 2 9 18
1 4 7 6 18
2 2 4 7 18
2 2 8 6 18
2 2 8 8 18
1 4 9 0 18
3 6 0 0 19
3 6 3 0 19
3 6 6 0 19
2 2 0 6 19
2 2 0 8 19
4 1 2 6 19
2 2 2 7 19
4 1 2 9 19
2 2 4 7 19
4 1 6 6 19
2 2 6 7 19
2 2 8 7 19
4 1 6 9 19
1 4 9 0 19
3 6 0 0 20
3 6 3 0 20
3 6 6 0 20
4 1 0 6 20
4 1 0 7 20
2 2 0 8 20
1 4 4 6 20
1 4 5 6 20
4 1 6 6 20
2 2 2 8 20
1 4 9 0 20
2 2 6 7 20
2 2 8 7 20
4 1 6 9 20
3 6 0 0 21
3 6 3 0 21
3 6 6 0 21
2 2 0 6 21
2 2 0 8 21
1 4 2 6 21
2 2 3 6 21
2 2 3 8 21
1 4 5 6 21
1 4 6 6 21
1 4 7 6 21
1 4 8 6 21
1 4 9 0 21
1 4 9 4 21
3 6 0 0 22
3 6 3 0 22
3 6 6 0 22
2 2 0 6 22
2 2 0 8 22
4 1 2 6 22
2 2 2 7 22
2 2 4 7 22
2 2 6 6 22
2 2 6 8 22
2 2 8 6 22
4 1 2 9 22
2 2 8 8 22
1 4 9 0 22
3 6 0 0 23
3 6 3 0 23
3 6 6 0 23
2 2 0 6 23
2 2 0 8 23
4 1 2 6 23
4 1 2 7 23
4 1 2 8 23
2 2 6 6 23
2 2 6 8 23
2 2 8 6 23
4 1 2 9 23
2 2 8 8 23
1 4 9 0 23
3 6 0 0 24
3 6 3 0 24
3 6 6 0 24
2 2 0 6 24
4 1 0 8 24
2 2 2 6 24
2 2 4 6 24
2 2 4 8 24
1 4 6 6 24
4 1 0 9 24
1 4 7 6 24
2 2 8 6 24
2 2 8 8 24
1 4 9 0 24
3 6 0 0 25
3 6 3 0 25
3 6 6 0 25
4 1 0 6 25
2 2 0 7 25
2 2 2 7 25
2 2 4 6 25
2 2 4 8 25
2 2 6 6 25
2 2 6 8 25
2 2 8 6 25
2 2 8 8 25
1 4 9 0 25
4 1 0 9 25
3 6 0 0 26
3 6 3 0 26
3 6 6 0 26
2 2 0 6 26
1 4 2 6 26
2 2 0 8 26
2 2 3 6 26
2 2 3 8 26
2 2 5 6 26
2 2 5 8 26
1 4 7 6 26
2 2 8 6 26
1 4 9 0 26
2 2 8 8 26
3 6 0 0 27
3 6 3 0 27
3 6 6 0 27
4 1 0 6 27
4 1 0 7 27
2 2 0 8 27
1 4 4 6 27
2 2 2 8 27
4 1 5 6 27
1 4 9 0 27
2 2 5 7 27
2 2 7 7 27
1 4 9 4 27
4 1 5 9 27
3 6 0 0 28
3 6 3 0 28
3 6 6 0 28
2 2 0 6 28
2 2 0 8 28
2 2 2 6 28
2 2 2 8 28
1 4 4 6 28
2 2 5 6 28
2 2 5 8 28
2 2 7 6 28
2 2 7 8 28
1 4 9 0 28
1 4 9 4 28
3 6 0 0 29
3 6 3 0 29
3 6 6 0 29
2 2 0 6 29
2 2 0 8 29
1 4 2 6 29
2 2 3 6 29
2 2 3 8 29
2 2 5 6 29
2 2 5 8 29
2 2 7 6 29
2 2 7 8 29
1 4 9 0 29
1 4 9 4 29
3 6 0 0 30
3 6 3 0 30
3 6 6 0 30
2 2 0 6 30
2 2 0 8 30
2 2 2 6 30
2 2 2 8 30
2 2 4 6 30
2 2 4 8 30
1 4 6 6 30
1 4 7 6 30
2 2 8 6 30
2 2 8 8 30
1 4 9 0 30
3 6 0 0 31
3 6 3 0 31
3 6 6 0 31
2 2 0 6 31
1 4 2 6 31
2 2 0 8 31
1 4 3 6 31
2 2 4 6 31
1 4 6 6 31
2 2 4 8 31
2 2 7 6 31
2 2 7 8 31
1 4 9 0 31
1 4 9 4 31
3 6 0 0 32
3 6 3 0 32
3 6 6 0 32
1 4 0 6 32
2 2 1 6 32
1 4 3 6 32
2 2 1 8 32
2 2 4 6 32
2 2 4 8 32
4 1 6 6 32
4 1 6 7 32
1 4 9 0 32
2 2 6 8 32
2 2 8 8 32
3 6 0 0 33
3 6 3 0 33
3 6 6 0 33
1 4 0 6 33
4 1 1 6 33
4 1 1 7 33
1 4 5 6 33
2 2 1 8 33
4 1 6 6 33
2 2 3 8 33
2 2 6 7 33
2 2 8 7 33
4 1 6 9 33
1 4 9 0 33
3 6 0 0 34
3 6 3 0 34
3 6 6 0 34
2 2 0 6 34
2 2 0 8 34
1 4 2 6 34
2 2 3 6 34
2 2 3 8 34
2 2 5 6 34
1 4 7 6 34
2 2 5 8 34
2 2 8 6 34
2 2 8 8 34
1 4 9 0 34
3 6 0 0 35
3 6 3 0 35
3 6 6 0 35
2 2 0 6 35
4 1 0 8 35
4 1 0 9 35
2 2 2 6 35
4 1 4 6 35
1 4 8 6 35
4 1 4 7 35
2 2 4 8 35
2 2 6 8 35
1 4 9 0 35
1 4 9 4 35
3 6 0 0 36
3 6 3 0 36
3 6 6 0 36
1 4 0 6 36
4 1 1 6 36
2 2 1 7 36
2 2 3 7 36
2 2 5 6 36
2 2 5 8 36
2 2 7 6 36
2 2 7 8 36
4 1 1 9 36
1 4 9 0 36
1 4 9 4 36
3 6 0 0 37
3 6 3 0 37
3 6 6 0 37
2 2 0 6 37
2 2 0 8 37
2 2 2 6 37
2 2 2 8 37
2 2 4 6 37
2 2 4 8 37
4 1 6 6 37
2 2 6 7 37
4 1 6 9 37
2 2 8 7 37
1 4 9 0 37
3 6 0 0 38
3 6 3 0 38
3 6 6 0 38
2 2 0 6 38
4 1 0 8 38
2 2 2 6 38
2 2 4 6 38
1 4 6 6 38
1 4 7 6 38
2 2 4 8 38
1 4 8 6 38
4 1 0 9 38
1 4 9 0 38
1 4 9 4 38
3 6 0 0 39
3 6 3 0 39
3 6 6 0 39
2 2 0 6 39
2 2 0 8 39
1 4 2 6 39
2 2 3 6 39
2 2 3 8 39
1 4 5 6 39
2 2 6 6 39
2 2 6 8 39
1 4 8 6 39
1 4 9 0 39
1 4 9 4 39
3 6 0 0 40
3 6 3 0 40
3 6 6 0 40
2 2 0 6 40
2 2 0 8 40
2 2 2 6 40
2 2 2 8 40
2 2 4 6 40
2 2 4 8 40
2 2 6 6 40
2 2 6 8 40
1 4 8 6 40
1 4 9 0 40
1 4 9 4 40
3 6 0 0 41
3 6 3 0 41
3 6 6 0 41
2 2 0 6 41
4 1 0 8 41
2 2 2 6 41
2 2 4 6 41
2 2 4 8 41
1 4 6 6 41
1 4 7 6 41
2 2 8 6 41
2 2 8 8 41
4 1 0 9 41
1 4 9 0 41
3 6 0 0 42
3 6 3 0 42
3 6 6 0 42
2 2 0 6 42
2 2 0 8 42
2 2 2 6 42
1 4 4 6 42
2 2 2 8 42
4 1 5 6 42
1 4 9 0 42
1 4 9 4 42
2 2 5 7 42
2 2 7 7 42
4 1 5 9 42
3 6 0 0 43
3 6 3 0 43
3 6 6 0 43
2 2 0 6 43
1 4 2 6 43
1 4 3 6 43
2 2 0 8 43
2 2 4 6 43
2 2 4 8 43
2 2 6 6 43
2 2 6 8 43
2 2 8 6 43
2 2 8 8 43
1 4 9 0 43
3 6 0 0 44
3 6 3 0 44
3 6 6 0 44
2 2 0 6 44
4 1 0 8 44
2 2 2 6 44
1 4 4 6 44
2 2 5 6 44
2 2 5 8 44
4 1 0 9 44
1 4 7 6 44
2 2 8 6 44
2 2 8 8 44
1 4 9 0 44
3 6 0 0 45
3 6 3 0 45
3 6 6 0 45
2 2 0 6 45
4 1 0 8 45
2 2 2 6 45
2 2 4 6 45
2 2 4 8 45
2 2 6 6 45
4 1 0 9 45
1 4 8 6 45
2 2 6 8 45
1 4 9 0 45
1 4 9 4 45
3 6 0 0 46
3 6 3 0 46
3 6 6 0 46
2 2 0 6 46
4 1 0 8 46
2 2 2 6 46
2 2 4 6 46
2 2 4 8 46
4 1 0 9 46
4 1 6 6 46
2 2 6 7 46
2 2 8 7 46
1 4 9 0 46
4 1 6 9 46
3 6 0 0 47
3 6 3 0 47
3 6 6 0 47
2 2 0 6 47
1 4 2 6 47
2 2 0 8 47
1 4 3 6 47
2 2 4 6 47
2 2 4 8 47
2 2 6 6 47
4 1 6 8 47
1 4 9 0 47
2 2 8 6 47
4 1 6 9 47
3 6 0 0 48
3 6 3 0 48
3 6 6 0 48
2 2 0 6 48
2 2 0 8 48
1 4 2 6 48
2 2 3 6 48
2 2 3 8 48
2 2 5 6 48
4 1 5 8 48
2 2 7 6 48
1 4 9 0 48
4 1 5 9 48
1 4 9 4 48
3 6 0 0 49
3 6 3 0 49
3 6 6 0 49
2 2 0 6 49
2 2 0 8 49
2 2 2 6 49
4 1 2 8 49
2 2 4 6 49
1 4 6 6 49
4 1 2 9 49
1 4 7 6 49
2 2 8 6 49
2 2 8 8 49
1 4 9 0 49
3 6 0 0 50
3 6 3 0 50
3 6 6 0 50
1 4 0 6 50
4 1 1 6 50
4 1 1 7 50
2 2 1 8 50
4 1 3 8 50
4 1 3 9 50
2 2 5 6 50
1 4 7 6 50
2 2 8 6 50
2 2 8 8 50
1 4 9 0 50
3 6 0 0 51
3 6 3 0 51
3 6 6 0 51
1 4 0 6 51
1 4 1 6 51
4 1 2 6 51
4 1 2 7 51
1 4 6 6 51
4 1 2 8 51
2 2 7 6 51
4 1 2 9 51
2 2 7 8 51
1 4 9 0 51
1 4 9 4 51
3 6 0 0 52
3 6 3 0 52
3 6 6 0 52
2 2 0 6 52
2 2 0 8 52
2 2 2 6 52
2 2 2 8 52
2 2 4 6 52
2 2 4 8 52
4 1 6 6 52
2 2 6 7 52
1 4 9 0 52
2 2 8 7 52
4 1 6 9 52
3 6 0 0 53
3 6 3 0 53
3 6 6 0 53
2 2 0 6 53
2 2 0 8 53
4 1 2 6 53
2 2 2 7 53
2 2 4 7 53
2 2 6 6 53
2 2 6 8 53
2 2 8 6 53
2 2 8 8 53
1 4 9 0 53
4 1 2 9 53
3 6 0 0 54
3 6 3 0 54
3 6 6 0 54
2 2 0 6 54
1 4 2 6 54
2 2 0 8 54
2 2 3 6 54
4 1 3 8 54
2 2 5 6 54
2 2 7 6 54
2 2 7 8 54
4 1 3 9 54
1 4 9 0 54
1 4 9 4 54
3 6 0 0 55
3 6 3 0 55
3 6 6 0 55
2 2 0 6 55
4 1 0 8 55
2 2 2 6 55
2 2 4 6 55
2 2 4 8 55
2 2 6 6 55
2 2 6 8 55
2 2 8 6 55
4 1 0 9 55
2 2 8 8 55
1 4 9 0 55
3 6 0 0 56
3 6 3 0 56
3 6 6 0 56
2 2 0 6 56
2 2 0 8 56
2 2 2 6 56
2 2 2 8 56
2 2 4 6 56
2 2 4 8 56
2 2 6 6 56
4 1 6 8 56
4 1 6 9 56
2 2 8 6 56
1 4 9 0 56
3 6 0 0 57
3 6 3 0 57
3 6 6 0 57
4 1 0 6 57
2 2 0 7 57
4 1 0 9 57
2 2 2 7 57
2 2 4 6 57
2 2 4 8 57
2 2 6 6 57
2 2 6 8 57
2 2 8 6 57
2 2 8 8 57
1 4 9 0 57
3 6 0 0 58
3 6 3 0 58
3 6 6 0 58
2 2 0 6 58
2 2 0 8 58
4 1 2 6 58
2 2 2 7 58
2 2 4 7 58
2 2 6 6 58
2 2 6 8 58
1 4 8 6 58
1 4 9 0 58
1 4 9 4 58
4 1 2 9 58
3 6 0 0 59
3 6 3 0 59
3 6 6 0 59
2 2 0 6 59
2 2 0 8 59
2 2 2 6 59
2 2 2 8 59
2 2 4 6 59
2 2 4 8 59
2 2 6 6 59
2 2 6 8 59
2 2 8 6 59
2 2 8 8 59
1 4 9 0 59
3 6 0 0 60
3 6 3 0 60
3 6 6 0 60
1 4 0 6 60
2 2 1 6 60
2 2 1 8 60
2 2 3 6 60
2 2 3 8 60
2 2 5 6 60
4 1 5 8 60
2 2 7 6 60
1 4 9 0 60
4 1 5 9 60
1 4 9 4 60
3 6 0 0 61
3 6 3 0 61
3 6 6 0 61
2 2 0 6 61
1 4 2 6 61
2 2 0 8 61
4 1 3 6 61
4 1 3 7 61
2 2 3 8 61
4 1 5 8 61
2 2 7 6 61
1 4 9 0 61
1 4 9 4 61
4 1 5 9 61
3 6 0 0 62
3 6 3 0 62
5 3 0 6 62
5 3 5 6 62
2 2 6 0 62
2 2 6 2 62
2 2 6 4 62
1 4 8 0 62
2 2 8 4 62
1 4 9 0 62
4 1 0 9 62
4 1 4 9 62
5 3 0 0 63
5 3 0 3 63
5 3 0 6 63
5 3 5 0 63
5 3 5 3 63
5 3 5 6 63
4 1 0 9 63
4 1 4 9 63
5 3 0 0 64
5 3 0 3 64
5 3 0 6 64
5 3 5 0 64
5 3 5 3 64
5 3 5 6 64
4 1 0 9 64
4 1 4 9 64
5 3 0 0 65
5 3 0 3 65
5 3 0 6 65
5 3 5 0 65
5 3 5 3 65
5 3 5 6 65
4 1 0 9 65
4 1 4 9 65
5 3 0 0 66
5 3 0 3 66
5 3 0 6 66
5 3 5 0 66
5 3 5 3 66
5 3 5 6 66
4 1 0 9 66
4 1 4 9 66
5 3 0 0 67
5 3 0 3 67
5 3 0 6 67
5 3 5 0 67
5 3 5 3 67
5 3 5 6 67
4 1 0 9 67
4 1 4 9 67
5 3 0 0 68
5 3 0 3 68
5 3 0 6 68
5 3 5 0 68
5 3 5 3 68
5 3 5 6 68
4 1 0 9 68
4 1 4 9 68
5 3 0 0 69
5 3 0 3 69
5 3 0 6 69
5 3 5 0 69
5 3 5 3 69
5 3 5 6 69
4 1 0 9 69
4 1 4 9 69
5 3 0 0 70
5 3 0 3 70
5 3 0 6 70
5 3 5 0 70
5 3 5 3 70
5 3 5 6 70
4 1 0 9 70
4 1 4 9 70
5 3 0 0 71
5 3 0 3 71
5 3 0 6 71
5 3 5 0 71
5 3 5 3 71
5 3 5 6 71
4 1 0 9 71
4 1 4 9 71
5 3 0 0 72
5 3 0 3 72
5 3 0 6 72
5 3 5 0 72
5 3 5 3 72
5 3 5 6 72
4 1 0 9 72
4 1 4 9 72
5 3 0 0 73
5 3 0 3 73
5 3 0 6 73
5 3 5 0 73
5 3 5 3 73
5 3 5 6 73
4 1 0 9 73
4 1 4 9 73
5 3 0 0 74
5 3 0 3 74
5 3 0 6 74
5 3 5 0 74
5 3 5 3 74
5 3 5 6 74
4 1 0 9 74
4 1 4 9 74
5 3 0 0 75
5 3 0 3 75
5 3 0 6 75
5 3 5 0 75
5 3 5 3 75
5 3 5 6 75
4 1 0 9 75
4 1 4 9 75
5 3 0 0 76
5 3 0 3 76
5 3 0 6 76
5 3 5 0 76
5 3 5 3 76
5 3 5 6 76
4 1 0 9 76
4 1 4 9 76
5 3 0 0 77
5 3 0 3 77
5 3 0 6 77
5 3 5 0 77
5 3 5 3 77
5 3 5 6 77
4 1 0 9 77
4 1 4 9 77
5 3 0 0 78
5 3 0 3 78
5 3 0 6 78
5 3 5 0 78
5 3 5 3 78
5 3 5 6 78
4 1 0 9 78
4 1 4 9 78
5 3 0 0 79
5 3 0 3 79
5 3 0 6 79
5 3 5 0 79
5 3 5 3 79
5 3 5 6 79
4 1 0 9 79
4 1 4 9 79
5 3 0 0 80
5 3 0 3 80
5 3 0 6 80
5 3 5 0 80
5 3 5 3 80
5 3 5 6 80
4 1 0 9 80
4 1 4 9 80
5 3 0 0 81
5 3 0 3 81
5 3 0 6 81
5 3 5 0 81
5 3 5 3 81
5 3 5 6 81
4 1 0 9 81
4 1 4 9 81
5 3 0 0 82
5 3 0 3 82
5 3 0 6 82
5 3 5 0 82
5 3 5 3 82
5 3 5 6 82
4 1 0 9 82
4 1 4 9 82
5 3 0 0 83
5 3 0 3 83
5 3 0 6 83
5 3 5 0 83
5 3 5 3 83
5 3 5 6 83
4 1 0 9 83
4 1 4 9 83
5 3 0 0 84
5 3 0 3 84
5 3 0 6 84
5 3 5 0 84
5 3 5 3 84
5 3 5 6 84
4 1 0 9 84
4 1 4 9 84
5 3 0 0 85
5 3 0 3 85
5 3 0 6 85
5 3 5 0 85
5 3 5 3 85
5 3 5 6 85
4 1 0 9 85
4 1 4 9 85
5 3 0 0 86
5 3 0 3 86
5 3 0 6 86
5 3 5 0 86
5 3 5 3 86
5 3 5 6 86
4 1 0 9 86
4 1 4 9 86
5 3 0 0 87
5 3 0 3 87
5 3 0 6 87
5 3 5 0 87
5 3 5 3 87
5 3 5 6 87
4 1 0 9 87
4 1 4 9 87
5 3 0 0 88
5 3 0 3 88
5 3 0 6 88
5 3 5 0 88
5 3 5 3 88
5 3 5 6 88
4 1 0 9 88
4 1 4 9 88
5 3 0 0 89
5 3 0 3 89
5 3 0 6 89
5 3 5 0 89
5 3 5 3 89
5 3 5 6 89
4 1 0 9 89
4 1 4 9 89
5 3 0 0 90
5 3 0 3 90
5 3 0 6 90
5 3 5 0 90
5 3 5 3 90
5 3 5 6 90
4 1 0 9 90
4 1 4 9 90
5 3 0 0 91
5 3 0 3 91
5 3 0 6 91
5 3 5 0 91
5 3 5 3 91
5 3 5 6 91
4 1 0 9 91
4 1 4 9 91
5 3 0 0 92
5 3 0 3 92
5 3 0 6 92
5 3 5 0 92
5 3 5 3 92
5 3 5 6 92
4 1 0 9 92
4 1 4 9 92
5 3 0 0 93
5 3 0 3 93
5 3 0 6 93
5 3 5 0 93
5 3 5 3 93
5 3 5 6 93
4 1 0 9 93
4 1 4 9 93
5 3 0 0 94
5 3 0 3 94
5 3 0 6 94
5 3 5 0 94
5 3 5 3 94
5 3 5 6 94
4 1 0 9 94
4 1 4 9 94
5 3 0 0 95
5 3 0 3 95
5 3 0 6 95
5 3 5 0 95
5 3 5 3 95
5 3 5 6 95
4 1 0 9 95
4 1 4 9 95
5 3 0 0 96
5 3 0 3 96
5 3 0 6 96
5 3 5 0 96
5 3 5 3 96
5 3 5 6 96
4 1 0 9 96
4 1 4 9 96
5 3 0 0 97
5 3 0 3 97
5 3 0 6 97
5 3 5 0 97
5 3 5 3 97
5 3 5 6 97
4 1 0 9 97
4 1 4 9 97
5 3 0 0 98
5 3 0 3 98
6 2 0 6 98
6 2 0 8 98
2 2 5 0 98
1 4 5 2 98
2 2 6 2 98
2 2 6 4 98
2 2 6 6 98
2 2 6 8 98
2 2 7 0 98
2 2 8 2 98
1 4 8 4 98
2 2 8 8 98
1 4 9 4 98
6 2 0 0 99
6 2 0 2 99
6 2 0 4 99
6 2 0 6 99
6 2 0 8 99
2 2 6 0 99
2 2 6 2 99
2 2 6 4 99
2 2 6 6 99
2 2 6 8 99
2 2 8 0 99
1 4 8 2 99
2 2 8 6 99
1 4 9 2 99
2 2 8 8 99
6 2 0 0 100
6 2 0 2 100
6 2 0 4 100
6 2 0 6 100
6 2 0 8 100
2 2 6 0 100
2 2 6 2 100
1 4 6 4 100
2 2 6 8 100
1 4 7 4 100
2 2 8 0 100
1 4 8 2 100
1 4 8 6 100
1 4 9 2 100
1 4 9 6 100
6 2 0 0 101
6 2 0 2 101
6 2 0 4 101
6 2 0 6 101
6 2 0 8 101
2 2 6 0 101
2 2 6 2 101
2 2 6 4 101
2 2 6 6 101
2 2 6 8 101
2 2 8 0 101
2 2 8 2 101
2 2 8 4 101
2 2 8 6 101
2 2 8 8 101
6 2 0 0 102
6 2 0 2 102
6 2 0 4 102
6 2 0 6 102
6 2 0 8 102
2 2 6 0 102
2 2 6 2 102
2 2 6 4 102
2 2 6 6 102
1 4 8 0 102
1 4 8 4 102
2 2 6 8 102
1 4 9 0 102
1 4 9 4 102
2 2 8 8 102
6 2 0 0 103
6 2 0 2 103
6 2 0 4 103
6 2 0 6 103
6 2 0 8 103
2 2 6 0 103
2 2 6 2 103
2 2 6 4 103
2 2 6 6 103
2 2 6 8 103
1 4 8 0 103
2 2 8 4 103
2 2 8 6 103
1 4 9 0 103
2 2 8 8 103
6 2 0 0 104
6 2 0 2 104
6 2 0 4 104
6 2 0 6 104
6 2 0 8 104
1 4 6 0 104
2 2 6 4 104
2 2 6 6 104
2 2 6 8 104
2 2 7 0 104
2 2 7 2 104
1 4 8 4 104
2 2 8 8 104
1 4 9 0 104
1 4 9 4 104
6 2 0 0 105
6 2 0 2 105
6 2 0 4 105
6 2 0 6 105
6 2 0 8 105
1 4 6 0 105
2 2 6 4 105
2 2 6 6 105
2 2 6 8 105
2 2 7 0 105
2 2 7 2 105
2 2 8 4 105
2 2 8 6 105
1 4 9 0 105
2 2 8 8 105
6 2 0 0 106
6 2 0 2 106
6 2 0 4 106
6 2 0 6 106
6 2 0 8 106
1 4 6 0 106
2 2 6 4 106
1 4 6 6 106
2 2 7 0 106
2 2 7 2 106
2 2 7 6 106
1 4 9 0 106
2 2 7 8 106
2 2 8 4 106
1 4 9 6 106
6 2 0 0 107
6 2 0 2 107
6 2 0 4 107
6 2 0 6 107
6 2 0 8 107
2 2 6 0 107
1 4 6 2 107
1 4 6 6 107
2 2 7 2 107
2 2 7 4 107
2 2 7 6 107
2 2 7 8 107
1 4 9 0 107
1 4 9 4 107
6 2 0 0 108
6 2 0 2 108
6 2 0 4 108
6 2 0 6 108
6 2 0 8 108
2 2 6 0 108
2 2 6 2 108
2 2 6 4 108
2 2 6 6 108
2 2 6 8 108
2 2 8 0 108
1 4 8 2 108
2 2 8 6 108
2 2 8 8 108
1 4 9 2 108
6 2 0 0 109
6 2 0 2 109
6 2 0 4 109
6 2 0 6 109
6 2 0 8 109
2 2 6 0 109
2 2 6 2 109
2 2 6 4 109
2 2 6 6 109
2 2 6 8 109
2 2 8 0 109
2 2 8 2 109
2 2 8 4 109
1 4 8 6 109
1 4 9 6 109
6 2 0 0 110
6 2 0 2 110
6 2 0 4 110
6 2 0 6 110
6 2 0 8 110
1 4 6 0 110
1 4 6 4 110
2 2 6 8 110
2 2 7 0 110
2 2 7 2 110
2 2 7 4 110
2 2 7 6 110
2 2 8 8 110
1 4 9 0 110
1 4 9 4 110
6 2 0 0 111
6 2 0 2 111
6 2 0 4 111
6 2 0 6 111
6 2 0 8 111
2 2 6 0 111
2 2 6 2 111
2 2 6 4 111
2 2 6 6 111
2 2 6 8 111
2 2 8 0 111
2 2 8 2 111
1 4 8 4 111
1 4 9 4 111
2 2 8 8 111
6 2 0 0 112
6 2 0 2 112
6 2 0 4 112
6 2 0 6 112
6 2 0 8 112
2 2 6 0 112
2 2 6 2 112
2 2 6 4 112
2 2 6 6 112
2 2 6 8 112
2 2 8 0 112
2 2 8 2 112
2 2 8 4 112
2 2 8 6 112
2 2 8 8 112
6 2 0 0 113
6 2 0 2 113
6 2 0 4 113
6 2 0 6 113
6 2 0 8 113
2 2 6 0 113
2 2 6 2 113
2 2 6 4 113
2 2 6 6 113
2 2 6 8 113
1 4 8 0 113
1 4 8 4 113
1 4 9 0 113
2 2 8 8 113
1 4 9 4 113
6 2 0 0 114
6 2 0 2 114
6 2 0 4 114
6 2 0 6 114
6 2 0 8 114
2 2 6 0 114
2 2 6 2 114
2 2 6 4 114
2 2 6 6 114
2 2 6 8 114
2 2 8 0 114
2 2 8 2 114
1 4 8 4 114
2 2 8 8 114
1 4 9 4 114
6 2 0 0 115
6 2 0 2 115
6 2 0 4 115
6 2 0 6 115
6 2 0 8 115
2 2 6 0 115
2 2 6 2 115
2 2 6 4 115
2 2 6 6 115
1 4 8 0 115
1 4 8 4 115
2 2 6 8 115
2 2 8 8 115
1 4 9 0 115
1 4 9 4 115
6 2 0 0 116
6 2 0 2 116
6 2 0 4 116
6 2 0 6 116
6 2 0 8 116
1 4 6 0 116
2 2 6 4 116
2 2 6 6 116
1 4 7 0 116
2 2 6 8 116
2 2 8 0 116
2 2 8 2 116
2 2 8 4 116
2 2 8 6 116
2 2 8 8 116
6 2 0 0 117
6 2 0 2 117
6 2 0 4 117
6 2 0 6 117
6 2 0 8 117
2 2 6 0 117
1 4 6 2 117
2 2 6 6 117
1 4 7 2 117
2 2 6 8 117
2 2 8 0 117
2 2 8 2 117
1 4 8 4 117
1 4 9 4 117
2 2 8 8 117
6 2 0 0 118
6 2 0 2 118
6 2 0 4 118
6 2 0 6 118
6 2 0 8 118
1 4 6 0 118
2 2 6 4 118
2 2 6 6 118
2 2 6 8 118
2 2 7 0 118
2 2 7 2 118
1 4 8 4 118
1 4 9 0 118
2 2 8 8 118
1 4 9 4 118
6 2 0 0 119
6 2 0 2 119
6 2 0 4 119
6 2 0 6 119
6 2 0 8 119
2 2 6 0 119
2 2 6 2 119
2 2 6 4 119
1 4 6 6 119
2 2 7 6 119
1 4 8 0 119
1 4 9 0 119
1 4 9 4 119
2 2 7 8 119
6 2 0 0 120
6 2 0 2 120
6 2 0 4 120
6 2 0 6 120
6 2 0 8 120
1 4 6 0 120
2 2 6 4 120
2 2 6 6 120
2 2 6 8 120
2 2 7 0 120
2 2 7 2 120
2 2 8 4 120
1 4 8 6 120
1 4 9 0 120
1 4 9 6 120
6 2 0 0 121
6 2 0 2 121
6 2 0 4 121
6 2 0 6 121
6 2 0 8 121
2 2 6 0 121
2 2 6 2 121
2 2 6 4 121
1 4 6 6 121
2 2 7 6 121
2 2 7 8 121
2 2 8 0 121
2 2 8 2 121
2 2 8 4 121
1 4 9 6 121
6 2 0 0 122
6 2 0 2 122
6 2 0 4 122
6 2 0 6 122
6 2 0 8 122
2 2 6 0 122
2 2 6 2 122
2 2 6 4 122
1 4 6 6 122
2 2 7 6 122
1 4 8 0 122
2 2 7 8 122
2 2 8 4 122
1 4 9 0 122
1 4 9 6 122
6 2 0 0 123
6 2 0 2 123
6 2 0 4 123
6 2 0 6 123
6 2 0 8 123
2 2 6 0 123
2 2 6 2 123
1 4 6 4 123
2 2 6 8 123
1 4 7 4 123
2 2 8 0 123
2 2 8 2 123
2 2 8 4 123
1 4 8 6 123
1 4 9 6 123
6 2 0 0 124
6 2 0 2 124
6 2 0 4 124
6 2 0 6 124
6 2 0 8 124
2 2 6 0 124
2 2 6 2 124
2 2 6 4 124
2 2 6 6 124
1 4 8 0 124
2 2 6 8 124
1 4 8 4 124
2 2 8 8 124
1 4 9 0 124
1 4 9 4 124
6 2 0 0 125
6 2 0 2 125
6 2 0 4 125
6 2 0 6 125
6 2 0 8 125
2 2 6 0 125
2 2 6 2 125
2 2 6 4 125
1 4 6 6 125
2 2 7 6 125
1 4 8 0 125
2 2 7 8 125
2 2 8 4 125
1 4 9 0 125
1 4 9 6 125
6 2 0 0 126
6 2 0 2 126
6 2 0 4 126
6 2 0 6 126
6 2 0 8 126
2 2 6 0 126
2 2 6 2 126
2 2 6 4 126
2 2 6 6 126
2 2 6 8 126
2 2 8 0 126
2 2 8 2 126
1 4 8 4 126
2 2 8 8 126
1 4 9 4 126
6 2 0 0 127
6 2 0 2 127
6 2 0 4 127
6 2 0 6 127
6 2 0 8 127
2 2 6 0 127
2 2 6 2 127
2 2 6 4 127
2 2 6 6 127
1 4 8 0 127
4 1 6 8 127
1 4 8 4 127
4 1 6 9 127
1 4 9 0 127
1 4 9 4 127
6 2 0 0 128
6 2 0 2 128
6 2 0 4 128
6 2 0 6 128
6 2 0 8 128
2 2 6 0 128
2 2 6 2 128
2 2 6 4 128
2 2 6 6 128
4 1 6 8 128
2 2 8 0 128
2 2 8 2 128
1 4 8 4 128
4 1 6 9 128
1 4 9 4 128
6 2 0 0 129
6 2 0 2 129
6 2 0 4 129
6 2 0 6 129
6 2 0 8 129
4 1 6 0 129
2 2 6 1 129
2 2 6 3 129
2 2 6 5 129
4 1 6 7 129
1 4 8 1 129
1 4 9 1 129
2 2 6 8 129
2 2 8 5 129
2 2 8 8 129
6 2 0 0 130
6 2 0 2 130
6 2 0 4 130
6 2 0 6 130
6 2 0 8 130
1 4 6 0 130
2 2 6 4 130
2 2 6 6 130
2 2 6 8 130
2 2 7 0 130
1 4 8 2 130
2 2 8 6 130
2 2 8 8 130
1 4 9 0 130
6 2 0 0 131
6 2 0 2 131
6 2 0 4 131
6 2 0 6 131
6 2 0 8 131
4 1 6 0 131
2 2 6 1 131
4 1 6 3 131
4 1 6 4 131
2 2 6 5 131
2 2 6 7 131
2 2 8 1 131
4 1 6 9 131
1 4 8 5 131
1 4 9 5 131
6 2 0 0 132
6 2 0 2 132
6 2 0 4 132
6 2 0 6 132
6 2 0 8 132
2 2 6 0 132
2 2 6 2 132
2 2 6 4 132
2 2 6 6 132
4 1 6 8 132
2 2 8 0 132
2 2 8 2 132
2 2 8 4 132
2 2 8 6 132
4 1 6 9 132
6 2 0 0 133
6 2 0 2 133
6 2 0 4 133
6 2 0 6 133
6 2 0 8 133
2 2 6 0 133
1 4 6 2 133
1 4 6 6 133
1 4 7 2 133
2 2 7 6 133
1 4 8 0 133
2 2 7 8 133
1 4 9 0 133
1 4 9 4 133
6 2 0 0 134
6 2 0 2 134
6 2 0 4 134
6 2 0 6 134
6 2 0 8 134
2 2 6 0 134
2 2 6 2 134
1 4 6 4 134
1 4 7 4 134
1 4 8 0 134
2 2 6 8 134
2 2 8 4 134
2 2 8 6 134
1 4 9 0 134
2 2 8 8 134
6 2 0 0 135
6 2 0 2 135
6 2 0 4 135
6 2 0 6 135
6 2 0 8 135
1 4 6 0 135
1 4 6 4 135
2 2 6 8 135
1 4 7 0 135
2 2 7 4 135
2 2 7 6 135
1 4 8 0 135
2 2 8 8 135
1 4 9 0 135
1 4 9 4 135
6 2 0 0 136
6 2 0 2 136
6 2 0 4 136
6 2 0 6 136
6 2 0 8 136
4 1 6 0 136
2 2 6 1 136
4 1 6 3 136
2 2 6 4 136
2 2 6 6 136
2 2 6 8 136
2 2 8 1 136
2 2 8 4 136
2 2 8 6 136
2 2 8 8 136
6 2 0 0 137
6 2 0 2 137
6 2 0 4 137
6 2 0 6 137
6 2 0 8 137
1 4 6 0 137
2 2 6 4 137
1 4 6 6 137
2 2 7 0 137
2 2 7 2 137
1 4 7 6 137
2 2 8 4 137
2 2 8 6 137
2 2 8 8 137
1 4 9 0 137
6 2 0 0 138
6 2 0 2 138
6 2 0 4 138
6 2 0 6 138
6 2 0 8 138
2 2 6 0 138
2 2 6 2 138
2 2 6 4 138
2 2 6 6 138
2 2 6 8 138
2 2 8 0 138
1 4 8 2 138
2 2 8 6 138
2 2 8 8 138
1 4 9 2 138
6 2 0 0 139
6 2 0 2 139
6 2 0 4 139
6 2 0 6 139
6 2 0 8 139
2 2 6 0 139
4 1 6 2 139
2 2 6 3 139
2 2 6 5 139
4 1 6 7 139
1 4 8 3 139
2 2 6 8 139
1 4 9 3 139
2 2 8 0 139
2 2 8 8 139
6 2 0 0 140
2 5 0 2 140
2 5 2 2 140
2 5 4 2 140
2 5 6 0 140
2 5 6 5 140
2 5 8 0 140
2 5 8 5 140
2 2 0 7 140
2 2 2 7 140
2 2 4 7 140
4 1 0 9 140
2 5 0 0 141
2 5 0 5 141
2 5 2 0 141
2 5 2 5 141
2 5 4 0 141
2 5 4 5 141
2 5 6 0 141
2 5 6 5 141
2 5 8 0 141
2 5 8 5 141
2 5 0 0 142
2 5 0 5 142
2 5 2 0 142
2 5 2 5 142
2 5 4 0 142
2 5 4 5 142
2 5 6 0 142
2 5 6 5 142
2 5 8 0 142
2 5 8 5 142
2 5 0 0 143
2 5 0 5 143
2 5 2 0 143
2 5 2 5 143
2 5 4 0 143
2 5 4 5 143
2 5 6 0 143
2 5 6 5 143
2 5 8 0 143
2 5 8 5 143
2 5 0 0 144
2 5 0 5 144
2 5 2 0 144
2 5 2 5 144
2 5 4 0 144
2 5 4 5 144
2 5 6 0 144
2 5 6 5 144
2 5 8 0 144
2 5 8 5 144
2 5 0 0 145
2 5 0 5 145
2 5 2 0 145
2 5 2 5 145
2 5 4 0 145
2 5 4 5 145
2 5 6 0 145
2 5 6 5 145
2 5 8 0 145
2 5 8 5 145
2 5 0 0 146
2 5 0 5 146
2 5 2 0 146
2 5 2 5 146
2 5 4 0 146
2 5 4 5 146
2 5 6 0 146
2 5 6 5 146
2 5 8 0 146
2 5 8 5 146
2 5 0 0 147
2 5 0 5 147
2 5 2 0 147
2 5 2 5 147
2 5 4 0 147
2 5 4 5 147
2 5 6 0 147
2 5 6 5 147
2 5 8 0 147
2 5 8 5 147
2 5 0 0 148
2 5 0 5 148
2 5 2 0 148
2 5 2 5 148
2 5 4 0 148
2 5 4 5 148
2 5 6 0 148
2 5 6 5 148
2 5 8 0 148
2 5 8 5 148
2 5 0 0 149
2 5 0 5 149
2 5 2 0 149
2 5 2 5 149
2 5 4 0 149
2 5 4 5 149
2 5 6 0 149
2 5 6 5 149
2 5 8 0 149
2 5 8 5 149
2 5 0 0 150
2 5 0 5 150
2 5 2 0 150
2 5 2 5 150
2 5 4 0 150
2 5 4 5 150
2 5 6 0 150
2 5 6 5 150
2 5 8 0 150
2 5 8 5 150
2 5 0 0 151
2 5 0 5 151
2 5 2 0 151
2 5 2 5 151
2 5 4 0 151
2 5 4 5 151
2 5 6 0 151
2 5 6 5 151
2 5 8 0 151
2 5 8 5 151
2 5 0 0 152
2 5 0 5 152
2 5 2 0 152
2 5 2 5 152
2 5 4 0 152
2 5 4 5 152
2 5 6 0 152
2 5 6 5 152
2 5 8 0 152
2 5 8 5 152
2 5 0 0 153
2 5 0 5 153
2 5 2 0 153
2 5 2 5 153
2 5 4 0 153
2 5 4 5 153
2 5 6 0 153
2 5 6 5 153
2 5 8 0 153
2 5 8 5 153
2 5 0 0 154
2 5 0 5 154
2 5 2 0 154
2 5 2 5 154
2 5 4 0 154
2 5 4 5 154
2 5 6 0 154
2 5 6 5 154
2 5 8 0 154
2 5 8 5 154
2 5 0 0 155
2 5 0 5 155
2 5 2 0 155
2 5 2 5 155
2 5 4 0 155
2 5 4 5 155
2 5 6 0 155
2 5 6 5 155
2 5 8 0 155
2 5 8 5 155
2 5 0 0 156
2 5 0 5 156
2 5 2 0 156
2 5 2 5 156
2 5 4 0 156
2 5 4 5 156
2 5 6 0 156
2 5 6 5 156
2 5 8 0 156
2 5 8 5 156
2 5 0 0 157
2 5 0 5 157
2 5 2 0 157
2 5 2 5 157
2 5 4 0 157
2 5 4 5 157
2 5 6 0 157
2 5 6 5 157
2 5 8 0 157
2 5 8 5 157
2 5 0 0 158
2 5 0 5 158
2 5 2 0 158
2 5 2 5 158
2 5 4 0 158
2 5 4 5 158
2 5 6 0 158
2 5 6 5 158
2 5 8 0 158
2 5 8 5 158
2 5 0 0 159
2 5 0 5 159
2 5 2 0 159
2 5 2 5 159
2 5 4 0 159
2 5 4 5 159
2 5 6 0 159
2 5 6 5 159
2 5 8 0 159
2 5 8 5 159
2 5 0 0 160
2 5 0 5 160
2 5 2 0 160
2 5 2 5 160
2 5 4 0 160
2 5 4 5 160
2 5 6 0 160
2 5 6 5 160
2 5 8 0 160
2 5 8 5 160
2 5 0 0 161
2 5 0 5 161
2 5 2 0 161
2 5 2 5 161
2 5 4 0 161
2 5 4 5 161
2 5 6 0 161
2 5 6 5 161
2 5 8 0 161
2 5 8 5 161
2 5 0 0 162
2 5 0 5 162
2 5 2 0 162
2 5 2 5 162
2 5 4 0 162
2 5 4 5 162
2 5 6 0 162
2 5 6 5 162
2 5 8 0 162
2 5 8 5 162
9 1 0 0 163
9 1 0 1 163
1 9 9 0 163
9 1 0 2 163
9 1 0 3 163
9 1 0 4 163
9 1 0 5 163
2 2 0 6 163
1 4 2 6 163
2 2 0 8 163
2 2 3 6 163
2 2 3 8 163
2 2 5 6 163
1 4 7 6 163
2 2 5 8 163
1 4 8 6 163
3 3 0 0 164
9 1 0 3 164
3 3 0 4 164
9 1 0 7 164
9 1 0 8 164
1 9 9 0 164
9 1 0 9 164
2 2 3 0 164
2 2 3 4 164
4 1 3 2 164
2 2 5 0 164
2 2 5 4 164
2 2 7 0 164
2 2 7 4 164
4 1 3 6 164
1 9 0 0 165
9 1 0 9 165
9 1 1 0 165
9 1 1 1 165
9 1 1 2 165
1 4 1 3 165
2 2 1 7 165
2 2 2 3 165
4 1 2 5 165
1 4 6 3 165
4 1 2 6 165
2 2 3 7 165
2 2 4 3 165
2 2 5 7 165
2 2 7 3 165
1 4 7 5 165
2 2 8 5 165
2 2 8 7 165
9 1 0 0 166
9 1 0 1 166
9 1 0 2 166
3 3 0 3 166
3 3 0 6 166
9 1 0 9 166
1 4 3 3 166
2 2 3 7 166
2 2 4 3 166
2 2 4 5 166
2 2 5 7 166
2 2 6 3 166
2 2 6 5 166
2 2 7 7 166
2 2 8 3 166
1 4 9 5 166
9 1 0 0 167
3 3 0 1 167
9 1 0 4 167
9 1 0 5 167
9 1 0 6 167
9 1 0 7 167
9 1 0 8 167
9 1 0 9 167
1 4 9 0 167
2 2 3 1 167
2 2 5 1 167
1 4 9 4 167
2 2 7 1 167
4 1 3 3 167
1 9 0 0 168
1 9 1 0 168
1 9 2 0 168
1 9 3 0 168
3 3 4 0 168
9 1 0 9 168
1 4 4 3 168
2 2 4 7 168
2 2 5 3 168
2 2 5 5 168
2 2 6 7 168
1 4 7 0 168
1 4 8 0 168
1 4 8 4 168
1 9 9 0 168
3 3 0 0 169
9 1 0 3 169
3 3 0 4 169
9 1 0 7 169
9 1 0 8 169
9 1 0 9 169
3 3 3 0 169
1 9 9 0 169
2 2 3 4 169
2 2 5 4 169
2 2 6 0 169
2 2 7 4 169
4 1 3 6 169
1 9 0 0 170
9 1 0 9 170
9 1 1 0 170
9 1 1 1 170
1 4 1 2 170
1 4 2 2 170
2 2 1 6 170
2 2 3 2 170
1 4 3 4 170
2 2 4 4 170
1 4 6 2 170
1 4 7 2 170
2 2 4 6 170
2 2 6 6 170
1 4 8 2 170
2 2 8 6 170
4 1 1 8 170
4 1 5 8 170
1 4 9 2 170
9 1 0 0 171
1 9 0 1 171
9 1 1 1 171
2 2 1 2 171
2 2 1 4 171
2 2 1 6 171
2 2 1 8 171
2 2 3 2 171
4 1 3 4 171
2 2 3 5 171
2 2 3 7 171
2 2 5 2 171
2 2 5 5 171
1 4 7 2 171
1 4 7 6 171
2 2 5 7 171
2 2 8 2 171
1 4 8 4 171
2 2 8 8 171
1 4 9 4 171
4 1 3 9 171
1 9 0 0 172
9 1 0 9 172
1 9 1 0 172
1 9 2 0 172
1 4 3 0 172
1 4 3 4 172
2 2 4 0 172
2 2 4 2 172
1 4 4 4 172
2 2 5 4 172
2 2 5 6 172
1 4 6 0 172
2 2 7 0 172
4 1 3 8 172
2 2 7 2 172
1 4 7 4 172
2 2 8 4 172
2 2 8 6 172
1 4 9 0 172
9 1 0 0 173
3 3 0 1 173
9 1 0 4 173
9 1 0 5 173
3 3 0 6 173
9 1 0 9 173
3 3 3 1 173
3 3 3 6 173
4 1 6 1 173
4 1 6 2 173
4 1 6 3 173
2 2 6 6 173
2 2 8 6 173
4 1 6 8 173
9 1 0 0 174
1 9 0 1 174
9 1 1 1 174
9 1 1 2 174
3 3 1 3 174
3 3 1 6 174
9 1 1 9 174
3 3 4 3 174
1 4 7 3 174
2 2 4 6 174
2 2 6 7 174
2 2 8 3 174
2 2 8 5 174
2 2 8 7 174
3 3 0 0 175
9 1 0 3 175
1 9 9 0 175
9 1 0 4 175
9 1 0 5 175
9 1 0 6 175
3 3 0 7 175
2 2 3 0 175
2 2 3 7 175
2 2 5 0 175
2 2 5 7 175
2 2 7 0 175
2 2 7 7 175
4 1 3 2 175
4 1 3 9 175
1 9 0 0 176
1 9 1 0 176
9 1 0 9 176
2 2 2 0 176
2 2 2 2 176
1 4 2 4 176
2 2 3 4 176
2 2 3 6 176
2 2 4 0 176
1 4 5 2 176
2 2 5 6 176
2 2 6 0 176
1 4 6 2 176
2 2 7 2 176
2 2 7 4 176
1 4 9 0 176
2 2 7 6 176
1 4 9 4 176
4 1 2 8 176
4 1 6 8 176
9 1 0 0 177
1 9 0 1 177
1 9 1 1 177
1 9 2 1 177
2 2 3 1 177
2 2 3 3 177
2 2 3 5 177
2 2 3 7 177
2 2 5 1 177
2 2 5 3 177
2 2 5 5 177
2 2 5 7 177
2 2 7 1 177
2 2 7 3 177
2 2 7 5 177
4 1 3 9 177
3 3 7 7 177
1 4 9 0 177
9 1 0 0 178
9 1 0 1 178
9 1 0 2 178
9 1 0 3 178
1 9 9 0 178
9 1 0 4 178
2 2 0 5 178
4 1 0 7 178
2 2 0 8 178
2 2 2 5 178
2 2 2 8 178
1 4 4 5 178
2 2 5 5 178
1 4 7 5 178
2 2 5 7 178
1 4 8 5 178
4 1 4 9 178
9 1 0 0 179
1 9 0 1 179
1 9 1 1 179
1 9 2 1 179
3 3 3 1 179
1 9 6 1 179
3 3 3 4 179
3 3 3 7 179
3 3 7 1 179
2 2 7 4 179
1 4 7 6 179
1 4 8 6 179
1 4 9 4 179
9 1 0 0 180
9 1 0 1 180
9 1 0 2 180
1 9 9 0 180
2 2 0 3 180
2 2 0 5 180
4 1 0 7 180
2 2 0 8 180
4 1 2 3 180
2 2 2 4 180
2 2 2 8 180
4 1 2 6 180
2 2 4 4 180
4 1 4 7 180
1 4 6 3 180
2 2 4 8 180
1 4 7 3 180
2 2 6 8 180
1 4 8 3 180
9 1 0 0 181
3 3 0 1 181
9 1 0 4 181
9 1 0 5 181
9 1 0 6 181
9 1 0 7 181
3 3 3 1 181
3 3 6 1 181
9 1 0 8 181
9 1 0 9 181
1 9 9 0 181
9 1 0 0 182
9 1 0 1 182
9 1 0 2 182
9 1 0 3 182
1 9 9 0 182
9 1 0 4 182
9 1 0 5 182
9 1 0 6 182
9 1 0 7 182
9 1 0 8 182
9 1 0 9 182
3 3 0 0 183
9 1 0 3 183
9 1 0 4 183
9 1 0 5 183
3 3 0 6 183
3 3 3 0 183
9 1 0 9 183
2 2 3 6 183
2 2 5 6 183
1 4 9 0 183
2 2 6 0 183
1 4 9 4 183
2 2 7 6 183
4 1 3 8 183
3 3 0 0 184
9 1 0 3 184
3 3 0 4 184
9 1 0 7 184
9 1 0 8 184
1 9 9 0 184
9 1 0 9 184
2 2 3 0 184
3 3 3 4 184
3 3 5 0 184
2 2 6 4 184
9 1 0 0 185
1 9 0 1 185
9 1 1 1 185
9 1 1 2 185
9 1 1 3 185
9 1 1 4 185
9 1 1 5 185
9 1 1 6 185
9 1 1 7 185
9 1 1 8 185
9 1 1 9 185
1 9 0 0 186
1 9 1 0 186
9 1 0 9 186
2 2 2 0 186
1 4 2 2 186
2 2 2 6 186
2 2 3 2 186
2 2 3 4 186
4 1 2 8 186
2 2 4 0 186
1 4 5 2 186
4 1 4 6 186
1 4 6 0 186
4 1 4 7 186
2 2 6 4 186
4 1 6 8 186
2 2 7 0 186
1 4 8 2 186
2 2 8 6 186
1 4 9 0 186
9 1 0 0 187
9 1 0 1 187
9 1 0 2 187
1 9 9 0 187
9 1 0 3 187
3 3 0 4 187
9 1 0 7 187
9 1 0 8 187
3 3 3 4 187
9 1 0 9 187
3 3 6 4 187
9 1 0 0 188
9 1 0 1 188
9 1 0 2 188
1 9 9 0 188
3 3 0 3 188
9 1 0 6 188
9 1 0 7 188
9 1 0 8 188
9 1 0 9 188
2 2 3 3 188
2 2 5 3 188
2 2 7 3 188
4 1 3 5 188
9 1 0 0 189
1 9 0 1 189
9 1 1 1 189
9 1 1 2 189
9 1 1 3 189
9 1 1 4 189
3 3 1 5 189
9 1 1 8 189
2 2 4 5 189
2 2 6 5 189
2 2 8 5 189
9 1 1 9 189
4 1 4 7 189
1 9 0 0 190
1 9 1 0 190
9 1 0 9 190
2 2 2 0 190
1 4 2 2 190
1 4 3 2 190
2 2 2 6 190
2 2 4 0 190
1 4 4 2 190
4 1 2 8 190
4 1 4 6 190
2 2 5 2 190
2 2 5 4 190
1 4 7 0 190
4 1 4 7 190
4 1 6 8 190
2 2 7 4 190
1 4 8 0 190
2 2 8 6 190
1 4 9 0 190
9 1 0 0 191
1 9 0 1 191
9 1 1 1 191
3 3 1 2 191
9 1 1 5 191
2 2 1 6 191
2 2 1 8 191
1 4 3 6 191
1 4 4 6 191
1 4 5 6 191
1 4 6 6 191
2 2 4 2 191
4 1 4 4 191
1 4 7 6 191
2 2 6 2 191
1 4 8 6 191
2 2 8 2 191
9 1 0 0 192
1 9 0 1 192
9 1 1 1 192
2 2 1 2 192
5 1 1 4 192
1 5 1 5 192
5 1 2 5 192
5 1 2 6 192
1 5 7 2 192
5 1 2 7 192
1 5 8 2 192
1 5 9 2 192
5 1 2 8 192
5 1 2 9 192
3 3 7 7 192
3 2 3 2 192
9 1 0 0 193
9 1 0 1 193
9 1 0 2 193
3 3 0 3 193
3 3 0 6 193
9 1 0 9 193
3 3 3 3 193
1 9 9 0 193
1 5 6 3 193
5 1 3 8 193
1 5 7 3 193
1 5 8 3 193
3 2 3 6 193
3 3 0 0 194
1 9 3 0 194
3 3 0 3 194
9 1 0 9 194
1 5 4 0 194
1 5 5 0 194
1 5 6 0 194
1 5 7 0 194
1 5 8 0 194
5 1 4 5 194
5 1 4 6 194
5 1 4 7 194
1 5 9 0 194
5 1 4 8 194
3 3 0 6 194
1 5 9 5 194
1 9 0 0 195
9 1 0 9 195
3 3 1 0 195
9 1 1 3 195
3 3 1 4 195
3 3 4 0 195
9 1 1 7 195
9 1 1 8 195
3 3 4 4 195
3 3 7 0 195
3 3 7 4 195
9 1 0 0 196
9 1 0 1 196
9 1 0 2 196
9 1 0 3 196
9 1 0 4 196
9 1 0 5 196
1 9 9 0 196
5 1 0 6 196
9 1 0 7 196
9 1 0 8 196
9 1 0 9 196
1 9 0 0 197
9 1 0 9 197
9 1 1 0 197
9 1 1 1 197
9 1 1 2 197
1 5 1 3 197
5 1 1 8 197
5 1 2 3 197
5 1 2 4 197
1 5 7 3 197
1 5 8 3 197
5 1 2 5 197
5 1 2 6 197
1 5 9 3 197
5 1 2 7 197
9 1 0 0 198
1 9 0 1 198
9 1 1 1 198
3 3 1 2 198
3 3 1 5 198
9 1 1 8 198
9 1 1 9 198
1 5 4 2 198
5 1 4 7 198
1 5 5 2 198
1 5 6 2 198
1 5 7 2 198
1 5 8 2 198
1 5 9 2 198
1 9 0 0 199
3 3 1 0 199
3 3 1 3 199
9 1 0 9 199
9 1 1 6 199
3 3 4 0 199
5 1 1 7 199
1 5 7 0 199
5 1 1 8 199
5 1 4 5 199
1 5 8 0 199
1 5 9 0 199
3 2 4 3 199
3 2 6 7 199
3 3 0 0 200
3 3 0 3 200
3 3 0 6 200
9 1 0 9 200
1 9 3 0 200
5 1 4 0 200
5 1 4 1 200
5 1 4 2 200
1 5 4 3 200
1 5 5 3 200
1 5 6 3 200
1 5 7 3 200
1 5 8 3 200
1 5 9 0 200
5 1 4 8 200
1 5 9 5 200
9 1 0 0 201
9 1 0 1 201
9 1 0 2 201
9 1 0 3 201
3 3 0 4 201
9 1 0 7 201
1 9 9 0 201
3 3 3 4 201
5 1 0 8 201
5 1 0 9 201
5 1 5 9 201
3 3 6 4 201
9 1 0 0 202
9 1 0 1 202
9 1 0 2 202
1 9 9 0 202
1 5 0 3 202
1 5 1 3 202
1 5 2 3 202
1 5 3 3 202
1 5 4 3 202
1 5 5 3 202
5 1 0 8 202
5 1 0 9 202
1 5 6 3 202
5 1 5 9 202
1 5 7 3 202
1 5 8 3 202
9 1 0 0 203
9 1 0 1 203
9 1 0 2 203
9 1 0 3 203
3 3 0 4 203
9 1 0 7 203
1 9 9 0 203
9 1 0 8 203
9 1 0 9 203
5 1 3 4 203
5 1 3 5 203
5 1 3 6 203
9 1 0 0 204
3 3 0 1 204
9 1 0 4 204
9 1 0 5 204
3 3 0 6 204
3 3 3 1 204
3 3 3 6 204
9 1 0 9 204
1 5 9 0 204
3 3 6 1 204
1 5 9 5 204
3 3 6 6 204
1 9 0 0 205
9 1 0 9 205
9 1 1 0 205
1 9 9 1 205
5 1 1 1 205
5 1 1 2 205
1 5 1 3 205
5 1 1 8 205
5 1 2 3 205
1 5 6 4 205
1 5 7 1 205
1 5 8 1 205
3 3 2 4 205
2 3 7 6 205
9 1 0 0 206
9 1 0 1 206
9 1 0 2 206
9 1 0 3 206
9 1 0 4 206
9 1 0 5 206
1 9 9 0 206
9 1 0 6 206
9 1 0 7 206
9 1 0 8 206
9 1 0 9 206
1 9 0 0 207
3 3 1 0 207
9 1 0 9 207
3 3 1 3 207
9 1 1 6 207
9 1 1 7 207
3 3 4 0 207
1 5 7 0 207
5 1 1 8 207
5 1 4 5 207
1 5 8 0 207
1 5 9 0 207
3 2 4 3 207
9 1 0 0 208
1 9 0 1 208
9 1 1 1 208
3 3 1 2 208
9 1 1 5 208
9 1 1 6 208
3 3 1 7 208
5 1 4 2 208
5 1 4 3 208
5 1 4 4 208
5 1 4 7 208
5 1 4 8 208
5 1 4 9 208
3 3 0 0 209
1 9 3 0 209
1 9 4 0 209
9 1 0 9 209
1 5 0 3 209
1 5 1 3 209
1 5 2 3 209
5 1 5 0 209
1 5 5 1 209
5 1 5 6 209
5 1 5 7 209
1 5 6 1 209
1 5 7 1 209
1 5 8 1 209
5 1 5 8 209
1 5 9 1 209
9 1 0 0 210
9 1 0 1 210
9 1 0 2 210
9 1 0 3 210
9 1 0 4 210
9 1 0 5 210
9 1 0 6 210
3 3 0 7 210
1 9 9 0 210
3 3 3 7 210
3 3 6 7 210
1 9 0 0 211
1 9 1 0 211
1 9 2 0 211
9 1 0 9 211
1 5 3 0 211
1 5 4 0 211
1 5 5 0 211
5 1 3 5 211
1 5 6 0 211
5 1 3 6 211
1 5 7 0 211
5 1 3 7 211
5 1 3 8 211
1 5 8 0 211
1 5 9 0 211
1 5 9 5 211
9 1 0 0 212
9 1 0 1 212
3 3 0 2 212
9 1 0 5 212
3 3 0 6 212
9 1 0 9 212
5 1 3 2 212
5 1 3 3 212
5 1 3 4 212
5 1 3 6 212
1 5 9 0 212
1 5 9 5 212
5 1 3 7 212
5 1 3 8 212
9 1 0 0 213
3 3 0 1 213
1 9 3 1 213
1 5 0 4 213
1 5 1 4 213
1 5 2 4 213
1 5 4 1 213
5 1 4 6 213
5 1 4 7 213
5 1 4 8 213
1 5 5 1 213
1 5 6 1 213
1 5 7 1 213
5 1 4 9 213
1 9 9 0 213
1 5 8 1 213
3 3 0 0 214
9 1 0 3 214
9 1 0 4 214
9 1 0 5 214
1 9 9 0 214
9 1 0 6 214
9 1 0 7 214
9 1 0 8 214
3 3 3 0 214
3 3 6 0 214
9 1 0 9 214
9 1 0 0 215
9 1 0 1 215
9 1 0 2 215
3 3 0 3 215
3 3 0 6 215
9 1 0 9 215
5 1 3 3 215
1 5 3 4 215
1 5 4 4 215
1 5 5 4 215
1 5 6 4 215
1 9 9 0 215
1 5 7 4 215
1 5 8 3 215
9 1 0 0 216
9 1 0 1 216
9 1 0 2 216
1 9 9 0 216
9 1 0 3 216
9 1 0 4 216
9 1 0 5 216
9 1 0 6 216
5 1 0 7 216
5 1 0 8 216
9 1 0 9 216
3 2 5 7 216
1 9 0 0 217
9 1 0 9 217
9 1 1 0 217
1 9 9 1 217
5 1 1 1 217
1 5 1 2 217
5 1 1 7 217
5 1 1 8 217
1 5 2 2 217
5 1 3 2 217
5 1 3 3 217
1 5 6 4 217
3 3 3 4 217
1 5 7 4 217
1 5 8 1 217
9 1 0 0 218
1 9 0 1 218
9 1 1 1 218
9 1 1 2 218
9 1 1 3 218
3 3 1 4 218
9 1 1 7 218
3 3 4 4 218
3 3 7 4 218
5 1 1 8 218
9 1 1 9 218
1 9 0 0 219
1 9 1 0 219
9 1 0 9 219
5 1 2 0 219
5 1 2 1 219
5 1 2 2 219
5 1 2 3 219
5 1 2 4 219
1 5 7 0 219
5 1 2 5 219
1 5 8 0 219
1 5 9 0 219
5 1 2 6 219
1 5 9 5 219
5 1 2 7 219
5 1 2 8 219
2 3 7 5 219
9 1 0 0 220
9 1 0 1 220
1 9 9 0 220
1 5 0 2 220
1 5 1 2 220
1 5 2 2 220
5 1 0 7 220
5 1 0 8 220
5 1 0 9 220
5 1 3 2 220
5 1 3 3 220
5 1 3 4 220
1 5 5 5 220
1 5 6 5 220
1 5 7 5 220
1 5 8 2 220
9 1 0 0 221
9 1 0 1 221
9 1 0 2 221
1 9 9 0 221
9 1 0 3 221
9 1 0 4 221
9 1 0 5 221
9 1 0 6 221
5 1 0 7 221
5 1 0 8 221
3 3 5 7 221
5 1 0 9 221
3 3 0 0 222
3 3 0 3 222
9 1 0 6 222
9 1 0 7 222
1 9 9 0 222
9 1 0 8 222
9 1 0 9 222
1 5 3 0 222
5 1 3 5 222
1 5 4 0 222
3 3 5 0 222
1 5 8 0 222
3 2 5 3 222
9 1 0 0 223
1 9 0 1 223
9 1 1 1 223
9 1 1 2 223
9 1 1 3 223
9 1 1 4 223
9 1 1 5 223
9 1 1 6 223
9 1 1 7 223
9 1 1 8 223
9 1 1 9 223
1 9 0 0 224
9 1 0 9 224
3 3 1 0 224
1 9 4 0 224
3 3 1 3 224
1 5 5 0 224
1 5 6 0 224
1 5 7 0 224
5 1 5 5 224
1 5 8 0 224
5 1 5 6 224
5 1 5 7 224
1 5 9 0 224
3 3 1 6 224
5 1 5 8 224
9 1 0 0 225
9 1 0 1 225
9 1 0 2 225
9 1 0 3 225
9 1 0 4 225
9 1 0 5 225
1 9 9 0 225
9 1 0 6 225
9 1 0 7 225
5 1 0 8 225
5 1 0 9 225
5 1 5 9 225
9 1 0 0 226
9 1 0 1 226
9 1 0 2 226
1 9 9 0 226
1 5 0 3 226
1 5 1 3 226
1 5 2 3 226
5 1 0 8 226
5 1 0 9 226
5 1 3 3 226
1 5 5 4 226
5 1 5 9 226
1 5 6 4 226
1 5 7 4 226
1 5 8 3 226
2 3 3 4 226
9 1 0 0 227
1 9 0 1 227
1 9 1 1 227
1 9 2 1 227
3 3 3 1 227
5 1 3 4 227
5 1 3 5 227
1 5 8 1 227
1 5 9 0 227
1 5 9 5 227
5 1 3 6 227
3 3 3 7 227
3 3 6 7 227
2 3 6 1 227
9 1 0 0 228
9 1 0 1 228
9 1 0 2 228
9 1 0 3 228
9 1 0 4 228
9 1 0 5 228
9 1 0 6 228
9 1 0 7 228
9 1 0 8 228
1 9 9 0 228
9 1 0 9 228
3 3 0 0 229
1 9 3 0 229
9 1 0 9 229
5 1 4 0 229
5 1 4 1 229
1 5 0 3 229
1 5 1 3 229
1 5 2 3 229
5 1 4 2 229
5 1 4 3 229
1 5 4 4 229
1 5 5 4 229
1 9 9 0 229
1 5 6 4 229
1 5 7 4 229
1 5 8 4 229
9 1 0 0 230
9 1 0 1 230
3 3 0 2 230
3 3 0 5 230
3 3 3 2 230
9 1 0 8 230
9 1 0 9 230
5 1 3 5 230
1 5 8 2 230
5 1 3 6 230
1 5 9 0 230
1 5 9 5 230
5 1 3 7 230
2 3 6 2 230
9 1 0 0 231
9 1 0 1 231
9 1 0 2 231
3 3 0 3 231
1 9 9 0 231
1 5 3 3 231
5 1 0 8 231
1 5 4 3 231
1 5 5 3 231
5 1 0 9 231
5 1 5 9 231
3 3 6 3 231
3 3 6 6 231
3 2 0 6 231
1 9 0 0 232
9 1 0 9 232
9 1 1 0 232
9 1 1 1 232
3 3 1 2 232
3 3 1 5 232
5 1 1 8 232
1 5 4 2 232
5 1 4 7 232
1 5 5 2 232
3 3 6 2 232
1 5 9 2 232
3 2 6 5 232
9 1 0 0 233
9 1 0 1 233
9 1 0 2 233
9 1 0 3 233
1 9 9 0 233
9 1 0 4 233
5 1 0 5 233
5 1 0 6 233
5 1 0 7 233
1 5 5 5 233
5 1 0 8 233
5 1 0 9 233
1 5 6 5 233
1 5 7 5 233
1 5 8 5 233
9 1 0 0 234
3 3 0 1 234
9 1 0 4 234
3 3 0 5 234
9 1 0 8 234
1 9 9 0 234
9 1 0 9 234
3 3 3 1 234
5 1 3 5 234
5 1 3 6 234
5 1 3 7 234
3 3 6 1 234
1 9 0 0 235
1 9 1 0 235
9 1 0 9 235
1 5 2 0 235
1 5 3 0 235
1 5 4 0 235
1 5 5 0 235
1 5 6 0 235
1 5 7 0 235
1 5 8 0 235
1 5 9 0 235
1 5 9 5 235
5 1 2 5 235
5 1 2 6 235
5 1 2 7 235
5 1 2 8 235
2 3 7 5 235
1 9 0 0 236
1 9 1 0 236
9 1 0 9 236
1 5 2 0 236
1 5 3 0 236
1 5 4 0 236
5 1 2 5 236
5 1 2 6 236
1 5 5 0 236
1 5 6 0 236
5 1 2 7 236
1 5 7 0 236
1 5 8 0 236
1 5 9 0 236
5 1 2 8 236
1 5 9 5 236
2 3 7 5 236
9 1 0 0 237
9 1 0 1 237
9 1 0 2 237
9 1 0 3 237
9 1 0 4 237
9 1 0 5 237
9 1 0 6 237
9 1 0 7 237
9 1 0 8 237
9 1 0 9 237
1 9 9 0 237
9 1 0 0 238
1 9 0 1 238
1 9 1 1 238
5 1 2 1 238
1 5 2 2 238
5 1 2 7 238
1 5 3 2 238
5 1 2 8 238
5 1 2 9 238
1 5 4 2 238
5 1 5 2 238
1 5 7 3 238
1 5 8 3 238
1 5 9 3 238
2 3 5 3 238
3 2 7 8 238
1 9 0 0 239
3 3 1 0 239
9 1 0 9 239
9 1 1 3 239
9 1 1 4 239
9 1 1 5 239
9 1 1 6 239
3 3 4 0 239
9 1 1 7 239
9 1 1 8 239
3 3 7 0 239
9 1 0 0 240
3 3 0 1 240
3 3 0 4 240
1 9 3 1 240
1 9 4 1 240
1 9 5 1 240
1 5 6 1 240
3 3 0 7 240
3 3 6 6 240
3 3 7 1 240
1 5 9 4 240
9 1 0 0 241
9 1 0 1 241
9 1 0 2 241
9 1 0 3 241
9 1 0 4 241
1 9 9 0 241
5 1 0 5 241
5 1 0 6 241
5 1 0 7 241
1 5 5 5 241
5 1 0 8 241
5 1 0 9 241
3 3 6 5 241
3 2 6 8 241
9 1 0 0 242
1 9 0 1 242
1 9 1 1 242
5 1 2 1 242
5 1 2 2 242
5 1 2 3 242
5 1 2 4 242
1 5 2 5 242
5 1 3 5 242
1 5 8 1 242
5 1 3 6 242
5 1 3 7 242
1 5 9 0 242
5 1 3 8 242
1 5 9 5 242
5 1 3 9 242
1 9 0 0 243
9 1 0 9 243
3 3 1 0 243
9 1 1 3 243
9 1 1 4 243
9 1 1 5 243
3 3 1 6 243
3 3 4 0 243
3 3 4 6 243
3 3 7 0 243
3 3 7 6 243
9 1 0 0 244
9 1 0 1 244
9 1 0 2 244
9 1 0 3 244
9 1 0 4 244
9 1 0 5 244
9 1 0 6 244
9 1 0 7 244
1 9 9 0 244
9 1 0 8 244
9 1 0 9 244
9 1 0 0 245
9 1 0 1 245
9 1 0 2 245
3 3 0 3 245
3 3 0 6 245
1 9 9 0 245
3 3 3 3 245
1 5 6 3 245
5 1 0 9 245
5 1 3 8 245
5 1 5 9 245
1 5 7 3 245
1 5 8 3 245
3 2 3 6 245
9 1 0 0 246
9 1 0 1 246
3 3 0 2 246
9 1 0 5 246
9 1 0 6 246
9 1 0 7 246
3 3 3 2 246
9 1 0 8 246
9 1 0 9 246
3 3 6 2 246
1 9 9 0 246
9 1 0 0 247
3 3 0 1 247
9 1 0 4 247
9 1 0 5 247
9 1 0 6 247
1 9 9 0 247
5 1 0 7 247
9 1 0 8 247
9 1 0 9 247
3 3 3 1 247
3 3 6 1 247
9 1 0 0 248
1 9 0 1 248
9 1 1 1 248
9 1 1 2 248
9 1 1 3 248
5 1 1 4 248
5 1 1 5 248
5 1 1 6 248
1 5 6 4 248
1 5 7 4 248
1 5 8 4 248
5 1 1 7 248
5 1 1 8 248
1 5 9 4 248
9 1 1 9 248
1 9 0 0 249
9 1 0 9 249
1 9 1 0 249
5 1 2 0 249
5 1 2 1 249
1 5 2 2 249
5 1 2 7 249
1 5 3 2 249
1 5 4 2 249
5 1 2 8 249
5 1 5 2 249
1 5 7 3 249
1 5 8 3 249
1 5 9 3 249
2 3 5 3 249
3 2 7 0 249
9 1 0 0 250
1 9 0 1 250
9 1 1 1 250
3 3 1 2 250
9 1 1 5 250
5 1 1 6 250
9 1 1 7 250
9 1 1 8 250
9 1 1 9 250
3 3 4 2 250
3 3 7 2 250
1 9 0 0 251
9 1 0 9 251
1 9 1 0 251
1 5 2 0 251
5 1 2 5 251
5 1 2 6 251
5 1 2 7 251
1 5 3 0 251
1 5 4 0 251
5 1 2 8 251
1 5 5 0 251
1 9 7 0 251
1 9 8 0 251
1 9 9 0 251
1 5 6 0 251
9 1 0 0 252
9 1 0 1 252
9 1 0 2 252
9 1 0 3 252
9 1 0 4 252
9 1 0 5 252
3 3 0 6 252
9 1 0 9 252
3 3 3 6 252
3 3 6 6 252
1 9 9 0 252
9 1 0 0 253
3 3 0 1 253
3 3 0 4 253
9 1 0 7 253
1 9 9 0 253
9 1 0 8 253
9 1 0 9 253
3 3 3 1 253
5 1 3 4 253
5 1 3 5 253
5 1 3 6 253
1 5 8 1 253
2 3 6 1 253
9 1 0 0 254
9 1 0 1 254
9 1 0 2 254
9 1 0 3 254
9 1 0 4 254
9 1 0 5 254
3 3 0 6 254
1 9 9 0 254
9 1 0 9 254
3 3 3 6 254
3 3 6 6 254
1 9 0 0 255
1 9 1 0 255
9 1 0 9 255
1 5 2 0 255
1 5 3 0 255
5 1 2 5 255
5 1 2 6 255
1 5 4 0 255
5 1 2 7 255
1 5 5 0 255
5 1 2 8 255
1 5 6 0 255
1 9 7 0 255
1 5 8 0 255
1 5 9 0 255
1 5 9 5 255
9 1 0 0 256
1 9 0 1 256
9 1 1 1 256
9 1 1 2 256
5 1 1 3 256
5 1 1 4 256
5 1 1 5 256
5 1 1 6 256
1 5 6 3 256
1 5 7 3 256
5 1 1 7 256
5 1 1 8 256
1 5 8 3 256
5 1 1 9 256
1 5 9 3 256
3 2 6 8 256
9 1 0 0 257
9 1 0 1 257
9 1 0 2 257
3 3 0 3 257
9 1 0 6 257
9 1 0 7 257
9 1 0 8 257
9 1 0 9 257
1 5 9 0 257
1 5 9 5 257
5 1 3 3 257
5 1 3 4 257
5 1 3 5 257
1 9 0 0 258
9 1 0 9 258
3 3 1 0 258
3 3 1 3 258
9 1 1 6 258
1 5 4 0 258
1 5 5 0 258
5 1 1 7 258
5 1 1 8 258
5 1 4 5 258
1 5 6 0 258
1 5 7 0 258
1 5 8 0 258
1 5 9 0 258
3 2 6 7 258
1 9 0 0 259
9 1 0 9 259
9 1 1 0 259
9 1 1 1 259
9 1 1 2 259
9 1 1 3 259
5 1 1 4 259
5 1 1 5 259
5 1 1 6 259
5 1 1 7 259
5 1 1 8 259
3 3 6 4 259
1 5 9 4 259
3 2 6 7 259
1 9 0 0 260
1 9 1 0 260
9 1 0 9 260
1 9 2 0 260
5 1 3 0 260
1 5 3 1 260
5 1 3 6 260
5 1 3 7 260
1 5 4 1 260
5 1 3 8 260
5 1 5 1 260
2 3 5 2 260
2 3 7 2 260
2 3 8 5 260
9 1 0 0 261
9 1 0 1 261
3 3 0 2 261
9 1 0 5 261
3 3 0 6 261
3 3 3 2 261
9 1 0 9 261
2 3 3 6 261
2 3 5 6 261
2 3 6 2 261
3 2 7 6 261
2 3 8 2 261
9 1 0 0 262
3 3 0 1 262
9 1 0 4 262
1 9 9 0 262
3 3 0 5 262
9 1 0 8 262
9 1 0 9 262
2 3 3 1 262
2 3 3 5 262
3 2 5 1 262
2 3 5 5 262
2 3 7 5 262
9 1 0 0 263
3 3 0 1 263
9 1 0 4 263
9 1 0 5 263
3 3 0 6 263
1 9 9 0 263
9 1 0 9 263
3 2 3 1 263
3 2 3 6 263
3 2 6 1 263
3 2 6 6 263
9 1 0 0 264
3 3 0 1 264
9 1 0 4 264
3 3 0 5 264
9 1 0 8 264
9 1 0 9 264
3 2 3 1 264
2 3 3 5 264
3 2 5 5 264
3 2 6 1 264
1 9 9 0 264
9 1 0 0 265
9 1 0 1 265
3 3 0 2 265
3 3 0 5 265
3 3 3 2 265
1 9 9 0 265
9 1 0 8 265
9 1 0 9 265
3 2 3 5 265
3 2 6 2 265
2 3 6 4 265
3 3 0 0 266
9 1 0 3 266
1 9 9 0 266
3 3 0 4 266
9 1 0 7 266
9 1 0 8 266
3 3 3 0 266
9 1 0 9 266
3 2 3 4 266
2 3 6 0 266
2 3 6 4 266
9 1 0 0 267
3 3 0 1 267
3 3 0 4 267
1 9 3 1 267
1 9 4 1 267
3 3 0 7 267
2 3 5 1 267
2 3 5 4 267
3 2 5 7 267
3 2 7 1 267
2 3 7 3 267
2 3 8 6 267
1 9 0 0 268
9 1 0 9 268
3 3 1 0 268
9 1 1 3 268
3 3 1 4 268
2 3 4 0 268
2 3 4 4 268
2 3 6 0 268
3 2 1 7 268
3 2 4 7 268
2 3 6 4 268
2 3 8 0 268
2 3 8 4 268
3 2 7 7 268
9 1 0 0 269
9 1 0 1 269
1 9 9 0 269
9 1 0 2 269
3 3 0 3 269
9 1 0 6 269
9 1 0 7 269
2 3 3 3 269
2 3 5 3 269
3 2 0 8 269
3 2 3 8 269
3 2 6 8 269
2 3 7 3 269
9 1 0 0 270
9 1 0 1 270
1 9 9 0 270
9 1 0 2 270
9 1 0 3 270
9 1 0 4 270
9 1 0 5 270
9 1 0 6 270
9 1 0 7 270
9 1 0 8 270
9 1 0 9 270
9 1 0 0 271
3 3 0 1 271
9 1 0 4 271
9 1 0 5 271
9 1 0 6 271
9 1 0 7 271
3 3 3 1 271
9 1 0 8 271
3 3 6 1 271
9 1 0 9 271
1 9 9 0 271
3 3 0 0 272
9 1 0 3 272
9 1 0 4 272
3 3 0 5 272
9 1 0 8 272
9 1 0 9 272
3 2 3 0 272
3 2 3 5 272
2 3 6 0 272
2 3 6 5 272
2 3 8 0 272
2 3 8 5 272
9 1 0 0 273
9 1 0 1 273
9 1 0 2 273
9 1 0 3 273
9 1 0 4 273
9 1 0 5 273
3 3 0 6 273
9 1 0 9 273
3 2 3 6 273
2 3 6 6 273
1 9 9 0 273
3 3 0 0 274
3 3 0 3 274
9 1 0 6 274
9 1 0 7 274
3 3 3 0 274
9 1 0 8 274
3 3 3 3 274
9 1 0 9 274
3 3 6 0 274
3 2 6 3 274
1 9 9 0 274
9 1 0 0 275
9 1 0 1 275
9 1 0 2 275
9 1 0 3 275
9 1 0 4 275
9 1 0 5 275
9 1 0 6 275
9 1 0 7 275
9 1 0 8 275
9 1 0 9 275
1 9 9 0 275
9 1 0 0 276
3 3 0 1 276
3 3 0 4 276
9 1 0 7 276
3 3 3 1 276
9 1 0 8 276
3 3 3 4 276
9 1 0 9 276
2 3 6 1 276
3 2 6 4 276
2 3 8 1 276
9 1 0 0 277
1 9 0 1 277
9 1 1 1 277
9 1 1 2 277
9 1 1 3 277
9 1 1 4 277
9 1 1 5 277
9 1 1 6 277
9 1 1 7 277
9 1 1 8 277
9 1 1 9 277
1 9 0 0 278
9 1 0 9 278
9 1 1 0 278
9 1 1 1 278
3 2 1 2 278
3 2 1 4 278
3 2 1 6 278
2 3 4 2 278
2 3 4 5 278
3 2 6 2 278
2 3 6 4 278
3 2 6 7 278
2 3 8 4 278
3 3 0 0 279
1 9 3 0 279
9 1 0 9 279
3 2 0 3 279
2 3 0 5 279
2 3 4 0 279
2 3 4 3 279
3 2 4 6 279
2 3 6 0 279
2 3 6 3 279
3 2 7 6 279
2 3 8 0 279
2 3 8 3 279
9 1 0 0 280
3 3 0 1 280
9 1 0 4 280
1 9 9 0 280
2 3 0 5 280
3 2 0 8 280
2 3 2 5 280
2 3 3 1 280
3 2 3 8 280
3 2 4 5 280
2 3 5 1 280
2 3 6 7 280
2 3 7 1 280
9 1 0 0 281
9 1 0 1 281
9 1 0 2 281
9 1 0 3 281
9 1 0 4 281
1 9 9 0 281
9 1 0 5 281
3 2 0 6 281
3 2 0 8 281
3 2 3 6 281
3 2 3 8 281
2 3 6 6 281
3 3 0 0 282
9 1 0 3 282
3 3 0 4 282
1 9 9 0 282
9 1 0 7 282
9 1 0 8 282
3 3 3 0 282
3 3 3 4 282
9 1 0 9 282
2 3 6 0 282
3 2 6 4 282
9 1 0 0 283
9 1 0 1 283
1 9 9 0 283
2 3 0 2 283
3 2 0 5 283
2 3 0 7 283
2 3 2 2 283
3 2 2 7 283
3 2 3 5 283
3 2 4 2 283
2 3 5 7 283
3 2 6 4 283
2 3 7 6 283
3 3 0 0 284
9 1 0 3 284
1 9 9 0 284
3 3 0 4 284
9 1 0 7 284
9 1 0 8 284
9 1 0 9 284
3 2 3 0 284
2 3 3 4 284
3 2 5 4 284
2 3 6 0 284
9 1 0 0 285
1 9 0 1 285
3 3 1 1 285
9 1 1 4 285
9 1 1 5 285
3 2 1 6 285
3 2 1 8 285
2 3 4 1 285
3 2 4 6 285
3 2 4 8 285
2 3 6 1 285
2 3 7 6 285
2 3 8 1 285
9 1 0 0 286
9 1 0 1 286
1 9 9 0 286
3 3 0 2 286
9 1 0 5 286
9 1 0 6 286
3 2 0 7 286
2 3 3 2 286
3 2 3 7 286
2 3 5 2 286
2 3 6 7 286
2 3 7 2 286
1 9 0 0 287
9 1 0 9 287
9 1 1 0 287
1 9 9 1 287
2 3 1 1 287
2 3 1 4 287
3 2 1 7 287
2 3 3 1 287
2 3 3 4 287
3 2 4 7 287
3 2 5 1 287
2 3 5 3 287
2 3 7 3 287
2 3 7 6 287
3 3 0 0 288
9 1 0 3 288
3 3 0 4 288
1 9 9 0 288
9 1 0 7 288
9 1 0 8 288
3 2 3 0 288
3 2 3 4 288
3 2 6 0 288
2 3 6 4 288
9 1 0 9 288
3 3 0 0 289
9 1 0 3 289
1 9 9 0 289
3 2 0 4 289
3 2 0 6 289
3 2 0 8 289
2 3 3 0 289
3 2 3 4 289
2 3 3 6 289
2 3 5 0 289
3 2 5 6 289
2 3 7 0 289
3 2 5 8 289
3 2 6 4 289
9 1 0 0 290
9 1 0 1 290
9 1 0 2 290
9 1 0 3 290
9 1 0 4 290
9 1 0 5 290
1 9 9 0 290
3 3 0 6 290
3 3 3 6 290
9 1 0 9 290
2 3 6 6 290
1 9 0 0 291
9 1 0 9 291
9 1 1 0 291
3 3 1 1 291
3 3 1 4 291
1 9 9 1 291
3 2 1 7 291
2 3 4 1 291
2 3 4 4 291
2 3 6 1 291
3 2 4 7 291
2 3 6 4 291
1 9 0 0 292
9 1 0 9 292
3 3 1 0 292
9 1 1 3 292
3 3 1 4 292
9 1 1 7 292
9 1 1 8 292
3 2 4 0 292
2 3 4 4 292
3 2 6 4 292
3 2 7 0 292
1 9 0 0 293
1 9 1 0 293
9 1 0 9 293
3 2 2 0 293
3 2 2 2 293
2 3 2 4 293
2 3 4 4 293
3 2 2 7 293
2 3 5 0 293
3 2 5 7 293
2 3 6 3 293
2 3 7 0 293
2 3 8 3 293
2 3 8 6 293
9 1 0 0 294
9 1 0 1 294
9 1 0 2 294
9 1 0 3 294
9 1 0 4 294
9 1 0 5 294
9 1 0 6 294
1 9 9 0 294
3 3 0 7 294
2 3 3 7 294
3 2 5 7 294
1 9 0 0 295
9 1 0 9 295
9 1 1 0 295
9 1 1 1 295
3 3 1 2 295
3 3 1 5 295
3 3 4 2 295
3 2 4 5 295
2 3 7 2 295
3 2 4 7 295
3 2 7 5 295
3 2 7 7 295
9 1 0 0 296
9 1 0 1 296
9 1 0 2 296
3 3 0 3 296
3 3 0 6 296
9 1 0 9 296
1 9 9 0 296
2 3 3 3 296
2 3 3 6 296
3 2 5 3 296
2 3 5 5 296
2 4 7 5 296
9 1 0 0 297
9 1 0 1 297
3 3 0 2 297
9 1 0 5 297
3 3 0 6 297
9 1 0 9 297
3 2 3 2 297
3 2 3 6 297
3 2 6 2 297
3 2 6 6 297
1 9 9 0 297
9 1 0 0 298
3 3 0 1 298
9 1 0 4 298
9 1 0 5 298
9 1 0 6 298
3 3 0 7 298
3 3 3 1 298
3 3 3 7 298
4 2 6 1 298
4 2 6 7 298
9 1 0 0 299
1 9 0 1 299
9 1 1 1 299
9 1 1 2 299
9 1 1 3 299
9 1 1 4 299
4 2 1 5 299
4 2 1 7 299
2 4 5 5 299
2 4 7 5 299
9 1 1 9 299
3 3 0 0 300
9 1 0 3 300
3 3 0 4 300
9 1 0 7 300
9 1 0 8 300
1 9 9 0 300
9 1 0 9 300
4 2 3 0 300
3 3 3 4 300
3 3 6 4 300
9 1 0 0 301
9 1 0 1 301
9 1 0 2 301
9 1 0 3 301
9 1 0 4 301
9 1 0 5 301
9 1 0 6 301
9 1 0 7 301
9 1 0 8 301
9 1 0 9 301
1 9 9 0 301
9 1 0 0 302
9 1 0 1 302
9 1 0 2 302
9 1 0 3 302
9 1 0 4 302
1 9 9 0 302
2 4 0 5 302
4 2 2 5 302
4 2 2 7 302
9 1 0 9 302
2 4 6 5 302
3 3 0 0 303
3 3 0 3 303
9 1 0 6 303
1 9 9 0 303
9 1 0 7 303
9 1 0 8 303
9 1 0 9 303
2 4 3 0 303
4 2 3 4 303
2 4 5 0 303
2 4 7 0 303
9 1 0 0 304
3 3 0 1 304
9 1 0 4 304
1 9 9 0 304
9 1 0 5 304
9 1 0 6 304
9 1 0 7 304
9 1 0 8 304
9 1 0 9 304
3 3 3 1 304
3 3 6 1 304
9 1 0 0 305
9 1 0 1 305
9 1 0 2 305
1 9 9 0 305
9 1 0 3 305
9 1 0 4 305
2 4 0 5 305
2 4 2 5 305
4 2 4 5 305
4 2 4 7 305
9 1 0 9 305
9 1 0 0 306
9 1 0 1 306
9 1 0 2 306
9 1 0 3 306
9 1 0 4 306
9 1 0 5 306
9 1 0 6 306
1 9 9 0 306
9 1 0 7 306
9 1 0 8 306
9 1 0 9 306
3 3 0 0 307
3 3 0 3 307
9 1 0 6 307
1 9 9 0 307
9 1 0 7 307
9 1 0 8 307
2 4 3 0 307
4 2 3 4 307
4 2 5 0 307
4 2 5 2 307
9 1 0 9 307
1 9 0 0 308
9 1 0 9 308
9 1 1 0 308
9 1 1 1 308
9 1 1 2 308
9 1 1 3 308
9 1 1 4 308
2 4 1 5 308
4 2 3 5 308
4 2 3 7 308
2 4 7 5 308
1 9 0 0 309
9 1 0 9 309
9 1 1 0 309
9 1 1 1 309
9 1 1 2 309
9 1 1 3 309
9 1 1 4 309
9 1 1 5 309
3 3 1 6 309
3 3 4 6 309
3 3 7 6 309
9 1 0 0 310
9 1 0 1 310
9 1 0 2 310
9 1 0 3 310
9 1 0 4 310
9 1 0 5 310
9 1 0 6 310
1 9 9 0 310
9 1 0 7 310
9 1 0 8 310
9 1 0 9 310
3 3 0 0 311
9 1 0 3 311
9 1 0 4 311
9 1 0 5 311
1 9 9 0 311
9 1 0 6 311
4 2 0 7 311
4 2 3 0 311
3 3 4 7 311
9 1 0 0 312
9 1 0 1 312
9 1 0 2 312
3 3 0 3 312
9 1 0 6 312
3 3 0 7 312
4 2 3 3 312
4 2 3 7 312
4 2 0 0 313
4 2 0 2 313
2 4 0 4 313
4 2 0 8 313
2 4 2 4 313
2 4 4 0 313
2 4 4 4 313
2 4 6 0 313
2 4 6 4 313
2 4 8 0 313
4 2 4 8 313
2 4 8 4 313
4 2 0 0 314
4 2 0 2 314
4 2 0 4 314
4 2 0 6 314
4 2 0 8 314
4 2 4 0 314
2 4 4 2 314
4 2 4 6 314
4 2 4 8 314
4 2 6 2 314
4 2 6 4 314
2 4 8 6 314
2 4 0 0 315
2 4 0 4 315
4 2 0 8 315
4 2 2 0 315
4 2 2 2 315
2 4 2 4 315
4 2 4 4 315
4 2 4 6 315
4 2 4 8 315
2 4 6 0 315
2 4 8 0 315
2 4 8 4 315
2 4 0 0 316
2 4 0 4 316
4 2 0 8 316
2 4 2 0 316
2 4 2 4 316
2 4 4 0 316
4 2 4 4 316
2 4 4 6 316
4 2 6 0 316
4 2 6 2 316
4 2 6 6 316
4 2 6 8 316
4 2 0 0 317
2 4 0 2 317
2 4 0 6 317
2 4 2 2 317
2 4 2 6 317
4 2 4 0 317
2 4 4 2 317
2 4 4 6 317
2 4 6 2 317
4 2 6 6 317
4 2 6 8 317
2 4 8 0 317
4 2 0 0 318
4 2 0 2 318
2 4 0 4 318
4 2 0 8 318
2 4 2 4 318
2 4 4 0 318
4 2 4 4 318
4 2 4 6 318
4 2 4 8 318
4 2 6 0 318
2 4 8 2 318
2 4 8 6 318
2 4 0 0 319
2 4 0 4 319
2 4 2 0 319
2 4 2 4 319
2 4 4 0 319
4 2 0 8 319
4 2 4 4 319
4 2 4 6 319
2 4 6 0 319
2 4 8 0 319
2 4 8 4 319
4 2 4 8 319
4 2 0 0 320
4 2 0 2 320
2 4 0 4 320
4 2 0 8 320
4 2 2 4 320
4 2 2 6 320
2 4 4 0 320
2 4 6 0 320
2 4 6 4 320
2 4 8 0 320
2 4 8 4 320
4 2 4 8 320
2 4 0 0 321
4 2 0 4 321
2 4 0 6 321
2 4 2 0 321
2 4 2 6 321
4 2 4 0 321
2 4 4 2 321
2 4 4 6 321
4 2 6 2 321
2 4 6 4 321
4 2 6 8 321
2 4 8 4 321
4 2 0 0 322
2 4 0 2 322
4 2 0 6 322
2 4 2 2 322
2 4 4 0 322
4 2 0 8 322
2 4 4 4 322
4 2 4 8 322
2 4 6 0 322
2 4 6 4 322
2 4 8 0 322
2 4 8 4 322
4 2 0 0 323
4 2 0 2 323
4 2 0 4 323
4 2 0 6 323
4 2 0 8 323
4 2 4 0 323
4 2 4 2 323
2 4 4 4 323
2 4 6 4 323
4 2 4 8 323
2 4 8 0 323
2 4 8 4 323
4 2 0 0 324
4 2 0 2 324
4 2 0 4 324
2 4 0 6 324
4 2 2 6 324
2 4 4 0 324
2 4 6 0 324
4 2 2 8 324
2 4 6 4 324
2 4 8 0 324
2 4 8 4 324
4 2 6 8 324
2 4 0 0 325
2 4 0 4 325
4 2 0 8 325
4 2 2 0 325
2 4 2 2 325
2 4 4 2 325
2 4 4 6 325
4 2 6 0 325
4 2 6 2 325
4 2 6 4 325
4 2 6 6 325
4 2 6 8 325
2 4 0 0 326
4 2 0 4 326
4 2 0 6 326
4 2 0 8 326
4 2 2 0 326
2 4 4 2 326
4 2 4 6 326
2 4 6 0 326
