% State of a bin packing problem:
%
% Bin number: 79
% Total uncovered points: 552
% Total covered points: 7348
% Number of boxes: 1000
% Unused boxes: 0
% Runtime: None
%
% Bin size:
10 10
%
% Boxes (width, height) not in some bins:
%
% Boxes (width, height, x_position, y_position, bin_id) in bins:
8 8 0 0 0
1 1 0 8 0
1 1 0 9 0
1 1 1 8 0
1 1 1 9 0
1 1 2 8 0
1 1 2 9 0
1 1 3 8 0
1 1 3 9 0
1 1 4 8 0
1 1 4 9 0
1 1 5 8 0
1 1 5 9 0
1 1 6 8 0
1 1 6 9 0
1 1 7 8 0
1 1 7 9 0
1 1 8 0 0
1 1 9 0 0
1 1 8 1 0
1 1 9 1 0
1 1 8 2 0
1 1 9 2 0
1 1 8 3 0
1 1 9 3 0
1 1 8 4 0
1 1 9 4 0
1 1 8 5 0
1 1 9 5 0
1 1 8 6 0
1 1 9 6 0
1 1 8 7 0
1 1 9 7 0
1 1 8 8 0
1 1 8 9 0
1 1 9 8 0
1 1 9 9 0
7 9 0 0 1
1 1 0 9 1
1 1 1 9 1
1 1 2 9 1
1 1 3 9 1
1 1 4 9 1
1 1 5 9 1
1 1 6 9 1
1 1 7 0 1
1 1 8 0 1
1 1 9 0 1
1 1 7 1 1
1 1 8 1 1
1 1 9 1 1
1 1 7 2 1
1 1 8 2 1
1 1 9 2 1
1 1 7 3 1
1 1 8 3 1
1 1 9 3 1
1 1 7 4 1
1 1 8 4 1
1 1 9 4 1
1 1 7 5 1
1 1 8 5 1
1 1 9 5 1
1 1 7 6 1
1 1 8 6 1
1 1 9 6 1
1 1 7 7 1
1 1 7 8 1
1 1 7 9 1
1 1 8 7 1
1 1 9 7 1
1 1 8 8 1
1 1 8 9 1
1 1 9 8 1
8 6 0 0 2
1 1 8 0 2
1 1 9 0 2
1 1 8 1 2
1 1 9 1 2
1 1 8 2 2
1 1 9 2 2
1 1 8 3 2
1 1 9 3 2
1 1 8 4 2
1 1 8 5 2
1 1 9 4 2
1 1 9 5 2
2 1 0 6 2
1 2 0 7 2
2 1 2 6 2
1 2 1 7 2
1 2 2 7 2
1 2 3 7 2
2 1 0 9 2
2 1 2 9 2
2 1 4 6 2
1 2 4 7 2
2 1 6 6 2
1 2 5 7 2
2 1 8 6 2
2 1 4 9 2
1 2 6 7 2
2 1 7 7 2
1 2 7 8 2
1 2 8 8 2
1 2 9 7 2
9 5 0 0 3
8 5 0 5 3
1 1 9 0 3
1 1 9 1 3
1 1 9 2 3
1 1 9 3 3
1 1 9 4 3
1 1 8 5 3
1 1 9 5 3
1 1 8 6 3
1 1 9 6 3
1 1 8 7 3
1 1 9 7 3
1 1 8 8 3
1 1 8 9 3
1 1 9 8 3
1 1 9 9 3
7 6 0 0 4
1 1 7 0 4
1 1 8 0 4
1 1 9 0 4
1 1 7 1 4
1 1 8 1 4
1 1 9 1 4
1 1 7 2 4
1 1 8 2 4
1 1 9 2 4
1 1 7 3 4
1 1 7 4 4
1 1 7 5 4
1 1 8 3 4
1 1 9 3 4
1 1 8 4 4
1 1 8 5 4
1 1 9 4 4
1 1 9 5 4
1 2 0 6 4
2 1 1 6 4
1 2 0 8 4
2 1 1 7 4
2 1 1 8 4
2 1 1 9 4
1 2 3 6 4
2 1 4 6 4
2 1 4 7 4
1 2 3 8 4
2 1 4 8 4
1 2 6 6 4
2 1 4 9 4
1 2 6 8 4
2 1 7 6 4
1 2 7 7 4
1 2 8 7 4
1 2 9 6 4
1 2 9 8 4
2 1 7 9 4
5 8 0 0 5
1 1 0 8 5
1 1 0 9 5
1 1 1 8 5
1 1 1 9 5
1 1 2 8 5
1 1 2 9 5
1 1 3 8 5
1 1 3 9 5
1 1 4 8 5
1 1 4 9 5
1 2 5 0 5
1 2 6 0 5
1 2 7 0 5
1 2 8 0 5
1 2 9 0 5
1 2 5 2 5
2 1 6 2 5
1 2 8 2 5
1 2 9 2 5
2 1 6 3 5
2 1 5 4 5
1 2 5 5 5
2 1 7 4 5
2 1 6 5 5
1 2 5 7 5
2 1 8 5 5
1 2 6 6 5
2 1 7 6 5
1 2 6 8 5
1 2 7 7 5
2 1 8 7 5
1 2 8 8 5
1 2 9 8 5
2 1 0 0 6
1 2 0 1 6
2 1 2 0 6
6 6 1 1 6
2 1 4 0 6
1 2 0 3 6
2 1 6 0 6
2 1 8 0 6
1 2 0 5 6
1 2 0 7 6
1 2 1 7 6
1 2 2 7 6
2 1 0 9 6
1 2 3 7 6
1 2 4 7 6
1 2 5 7 6
2 1 2 9 6
2 1 4 9 6
1 2 6 7 6
2 1 7 1 6
2 1 7 2 6
1 2 9 1 6
1 2 7 3 6
2 1 8 3 6
2 1 8 4 6
2 1 7 5 6
1 2 7 6 6
1 2 7 8 6
2 1 8 6 6
1 2 8 7 6
1 2 9 7 6
6 6 0 0 7
4 8 6 0 7
2 1 6 8 7
2 1 6 9 7
2 1 8 8 7
2 1 8 9 7
1 2 0 6 7
2 1 1 6 7
2 1 1 7 7
2 1 0 8 7
1 2 2 8 7
2 1 0 9 7
2 1 3 6 7
1 2 3 7 7
1 2 4 7 7
1 2 5 6 7
2 1 3 9 7
1 2 5 8 7
6 6 0 0 8
2 1 0 6 8
2 1 0 7 8
1 2 0 8 8
2 1 2 6 8
1 2 1 8 8
1 2 2 7 8
1 2 3 7 8
1 2 4 6 8
2 1 2 9 8
2 1 4 8 8
1 2 5 6 8
2 1 4 9 8
1 3 6 0 8
1 3 7 0 8
1 3 8 0 8
1 3 9 0 8
1 3 6 3 8
1 3 7 3 8
1 3 8 3 8
3 1 6 6 8
3 1 6 7 8
3 1 6 8 8
1 3 9 3 8
3 1 6 9 8
1 3 9 6 8
6 6 0 0 9
1 2 0 6 9
1 2 0 8 9
2 1 1 6 9
2 1 1 7 9
1 2 1 8 9
1 2 2 8 9
1 2 3 6 9
2 1 4 6 9
1 2 3 8 9
2 1 4 7 9
2 1 4 8 9
2 1 4 9 9
1 3 6 0 9
1 3 7 0 9
1 3 8 0 9
1 3 9 0 9
3 1 6 3 9
1 3 6 4 9
3 1 7 4 9
3 1 7 5 9
3 1 7 6 9
3 1 6 7 9
3 1 6 8 9
1 3 9 7 9
3 1 6 9 9
7 5 0 0 10
7 5 0 5 10
1 2 7 0 10
3 1 7 2 10
3 1 7 3 10
1 3 7 4 10
1 3 8 4 10
3 1 7 7 10
1 3 9 4 10
3 1 7 8 10
3 1 7 9 10
2 2 8 0 10
5 7 0 0 11
5 7 5 0 11
1 3 0 7 11
1 3 1 7 11
1 3 2 7 11
3 1 3 7 11
3 1 3 8 11
3 1 3 9 11
1 3 6 7 11
3 1 7 7 11
3 1 7 8 11
3 1 7 9 11
8 4 0 0 12
6 6 0 4 12
1 2 8 0 12
1 2 9 0 12
1 2 8 2 12
1 2 9 2 12
1 2 6 4 12
1 2 7 4 12
1 2 8 4 12
2 1 6 6 12
1 2 9 4 12
2 1 8 6 12
2 1 6 7 12
2 1 6 8 12
1 2 8 7 12
2 1 6 9 12
1 2 9 7 12
2 1 8 9 12
8 4 0 0 13
5 6 0 4 13
5 6 5 4 13
1 3 8 0 13
1 3 9 0 13
5 6 0 0 14
1 3 0 6 14
1 3 1 6 14
1 3 2 6 14
1 3 3 6 14
1 3 4 6 14
3 1 0 9 14
1 3 5 0 14
3 1 6 0 14
1 3 5 3 14
1 3 5 6 14
3 1 3 9 14
1 3 6 1 14
3 1 7 1 14
3 1 7 2 14
1 3 6 4 14
3 1 7 3 14
1 3 6 7 14
1 3 7 4 14
3 1 7 7 14
1 3 8 4 14
1 3 9 4 14
3 1 7 8 14
3 1 7 9 14
6 5 0 0 15
6 5 0 5 15
4 8 6 0 15
3 1 6 8 15
3 1 6 9 15
1 3 0 0 16
3 1 1 0 16
3 1 4 0 16
5 6 1 1 16
1 3 0 3 16
3 1 7 0 16
1 3 0 6 16
1 3 1 7 16
3 1 2 7 16
3 1 2 8 16
4 1 6 1 16
4 1 6 2 16
4 1 6 3 16
4 1 6 4 16
2 2 6 5 16
2 2 8 5 16
2 2 5 7 16
2 2 7 7 16
4 1 2 9 16
5 6 0 0 17
5 6 5 0 17
1 4 0 6 17
4 1 1 6 17
2 2 1 7 17
2 2 3 7 17
2 2 5 6 17
2 2 5 8 17
1 4 7 6 17
1 4 8 6 17
1 4 9 6 17
4 1 1 9 17
7 4 0 0 18
7 4 0 4 18
3 1 0 8 18
3 1 0 9 18
3 1 3 8 18
3 1 3 9 18
1 4 7 0 18
1 4 8 0 18
1 4 9 0 18
2 2 7 4 18
1 4 7 6 18
2 2 8 6 18
2 2 8 8 18
7 4 0 0 19
7 4 0 4 19
2 2 0 8 19
2 2 2 8 19
2 2 4 8 19
2 2 7 0 19
1 4 7 2 19
1 4 8 2 19
2 2 7 6 19
2 2 6 8 19
2 2 8 8 19
1 4 9 0 19
1 4 9 4 19
4 7 0 0 20
2 2 0 7 20
2 2 2 7 20
2 2 4 0 20
4 1 0 9 20
4 1 6 0 20
4 1 6 1 20
2 2 4 2 20
4 1 6 2 20
2 2 4 4 20
4 1 6 3 20
2 2 4 6 20
4 1 6 4 20
4 1 6 5 20
1 4 6 6 20
2 2 4 8 20
1 4 7 6 20
2 2 8 6 20
2 2 8 8 20
4 7 0 0 21
4 1 0 7 21
4 1 0 8 21
4 1 0 9 21
4 1 4 0 21
4 1 4 1 21
2 2 8 0 21
4 1 4 2 21
4 1 4 3 21
4 1 4 4 21
4 1 4 5 21
4 1 4 6 21
4 1 4 7 21
1 4 8 2 21
4 1 4 8 21
4 1 4 9 21
2 2 8 6 21
2 2 8 8 21
1 4 9 2 21
7 4 0 0 22
7 4 0 4 22
1 4 7 0 22
1 4 8 0 22
2 2 0 8 22
2 2 2 8 22
1 4 9 0 22
1 4 7 4 22
4 1 4 8 22
4 1 4 9 22
1 4 8 4 22
1 4 9 4 22
2 2 8 8 22
4 7 0 0 23
4 7 4 0 23
4 1 0 7 23
4 1 0 8 23
4 1 0 9 23
1 4 8 0 23
2 2 8 4 23
4 1 4 7 23
1 4 9 0 23
2 2 4 8 23
1 4 8 6 23
1 4 9 6 23
2 2 6 8 23
1 4 0 0 24
1 4 0 4 24
4 1 1 0 24
5 5 1 1 24
4 1 5 0 24
2 2 1 6 24
1 4 3 6 24
2 2 0 8 24
2 2 4 6 24
2 2 4 8 24
4 1 6 1 24
4 1 6 2 24
4 1 6 3 24
1 4 6 4 24
1 4 7 4 24
1 4 8 4 24
4 1 6 8 24
4 1 6 9 24
1 4 9 4 24
5 5 0 0 25
5 5 0 5 25
5 5 5 0 25
1 4 5 5 25
4 1 6 5 25
4 1 6 6 25
2 2 6 7 25
2 2 8 7 25
4 1 5 9 25
4 1 0 0 26
2 2 0 1 26
4 1 4 0 26
5 5 2 1 26
6 4 2 6 26
2 2 8 6 26
2 2 8 8 26
1 5 0 3 26
1 5 1 3 26
1 5 7 1 26
1 5 8 0 26
1 5 9 0 26
6 4 0 0 27
8 3 0 4 27
4 1 6 0 27
8 3 0 7 27
1 5 8 4 27
1 5 9 4 27
2 3 6 1 27
2 3 8 1 27
4 6 0 0 28
4 6 4 0 28
6 4 0 6 28
1 5 8 0 28
1 5 9 0 28
2 3 6 6 28
2 3 8 5 28
4 6 0 0 29
4 6 4 0 29
5 1 0 6 29
5 1 0 7 29
1 5 8 0 29
1 5 9 0 29
5 1 0 8 29
5 1 0 9 29
5 1 5 6 29
5 1 5 7 29
5 1 5 8 29
5 1 5 9 29
3 8 0 0 30
6 4 3 0 30
4 6 3 4 30
1 5 7 4 30
1 5 8 4 30
1 5 9 0 30
1 5 9 5 30
3 2 0 8 30
5 1 0 0 31
5 1 5 0 31
6 4 0 1 31
6 4 0 5 31
4 6 6 1 31
5 1 0 9 31
2 3 6 7 31
2 3 8 7 31
4 6 0 0 32
3 7 4 0 32
1 5 7 0 32
1 5 8 0 32
1 5 9 0 32
1 5 7 5 32
1 5 8 5 32
1 5 9 5 32
3 2 4 7 32
3 2 0 6 32
3 2 0 8 32
7 3 0 0 33
3 7 0 3 33
6 4 3 3 33
5 1 3 7 33
5 1 3 8 33
5 1 3 9 33
2 3 8 7 33
3 2 7 0 33
5 1 0 0 34
5 1 5 0 34
5 1 0 1 34
7 3 0 2 34
7 3 0 5 34
3 7 7 2 34
5 1 5 1 34
5 1 0 8 34
5 1 0 9 34
1 5 0 0 35
1 5 0 5 35
7 3 1 0 35
7 3 1 3 35
1 5 8 0 35
1 5 9 0 35
6 1 1 6 35
2 3 7 6 35
6 1 1 7 35
6 1 1 8 35
6 1 1 9 35
3 7 0 0 36
3 7 3 0 36
3 7 6 0 36
1 5 9 0 36
5 1 0 7 36
5 1 0 8 36
2 3 5 7 36
2 3 7 7 36
4 5 0 0 37
5 4 4 0 37
1 6 4 4 37
1 6 5 4 37
1 6 6 4 37
1 6 7 4 37
1 6 8 4 37
1 6 9 0 37
3 2 0 5 37
2 3 0 7 37
2 3 2 7 37
5 4 0 0 38
5 4 5 0 38
1 6 0 4 38
3 2 1 4 38
1 6 4 4 38
3 2 1 6 38
2 3 5 4 38
3 2 1 8 38
3 2 7 4 38
2 3 5 7 38
3 2 7 6 38
3 2 7 8 38
4 5 0 0 39
5 4 4 0 39
6 1 4 4 39
6 1 0 5 39
2 3 6 5 39
2 3 8 5 39
2 3 0 6 39
3 2 6 8 39
2 3 2 6 39
2 3 4 6 39
6 1 0 9 39
3 2 0 0 40
3 2 3 0 40
6 1 0 2 40
4 5 0 3 40
5 4 4 3 40
3 2 0 8 40
2 3 6 0 40
3 2 4 7 40
3 2 7 7 40
2 3 8 0 40
6 1 4 9 40
5 4 0 0 41
5 4 5 0 41
5 4 0 4 41
3 2 0 8 41
1 6 5 4 41
2 3 6 4 41
2 3 8 4 41
2 3 6 7 41
2 3 8 7 41
5 4 0 0 42
4 5 0 4 42
1 6 4 4 42
3 2 5 0 42
1 6 5 2 42
3 2 6 2 42
3 2 6 4 42
2 3 6 6 42
2 3 8 6 42
6 3 0 0 43
6 3 0 3 43
6 1 0 6 43
3 2 0 7 43
3 2 3 7 43
6 1 0 9 43
1 6 6 0 43
3 2 6 6 43
3 2 6 8 43
3 2 7 0 43
3 2 7 2 43
3 2 7 4 43
3 6 0 0 44
6 3 3 0 44
6 1 3 3 44
3 2 0 6 44
2 3 3 4 44
3 2 0 8 44
2 3 3 7 44
1 6 5 4 44
2 3 6 4 44
3 2 6 7 44
2 3 8 4 44
3 2 0 0 45
3 2 3 0 45
3 2 6 0 45
6 3 0 2 45
9 2 0 5 45
2 3 6 2 45
6 3 0 7 45
2 3 8 2 45
3 2 6 7 45
3 6 0 0 46
3 6 3 0 46
2 9 6 0 46
6 1 0 6 46
6 1 0 7 46
6 1 0 8 46
1 6 8 0 46
6 1 0 9 46
2 3 8 6 46
1 6 9 0 46
3 2 0 0 47
3 2 3 0 47
3 6 0 2 47
6 3 3 2 47
3 2 0 8 47
6 3 3 5 47
6 1 3 8 47
1 6 9 2 47
6 1 3 9 47
3 2 6 0 47
3 6 0 0 48
4 4 3 0 48
2 3 0 6 48
2 3 7 0 48
1 6 3 4 48
2 3 4 4 48
2 3 4 7 48
2 3 6 4 48
4 2 6 7 48
8 2 0 0 49
9 2 0 2 49
1 6 0 4 49
1 6 1 4 49
7 1 2 4 49
7 1 2 5 49
4 4 2 6 49
4 4 6 6 49
1 7 0 0 50
7 1 1 0 50
1 7 1 1 50
4 4 2 1 50
4 4 6 1 50
8 2 2 5 50
7 1 2 7 50
8 2 1 8 50
1 7 0 0 51
2 8 1 0 51
2 8 3 0 51
2 8 5 0 51
2 8 7 0 51
7 1 1 8 51
7 1 1 9 51
1 7 9 0 51
2 8 0 0 52
3 5 2 0 52
4 4 5 0 52
5 3 5 4 52
3 5 2 5 52
5 3 5 7 52
7 1 0 0 53
1 7 0 1 53
7 1 1 1 53
3 5 1 2 53
3 5 4 2 53
5 3 1 7 53
1 7 7 2 53
1 7 8 1 53
1 7 9 1 53
5 3 0 0 54
5 3 5 0 54
5 3 0 3 54
5 3 0 6 54
5 3 5 3 54
5 3 5 6 54
8 1 0 9 54
7 1 0 0 55
1 7 0 1 55
7 1 1 1 55
3 5 1 2 55
3 5 4 2 55
5 3 1 7 55
3 5 7 2 55
4 2 6 7 55
1 7 0 0 56
1 7 1 0 56
3 5 2 0 56
3 5 2 5 56
3 5 5 0 56
5 3 5 5 56
4 2 5 8 56
2 4 8 0 56
3 5 0 0 57
3 5 0 5 57
3 5 3 0 57
2 4 6 0 57
5 3 3 5 57
1 8 8 0 57
1 8 9 0 57
7 2 3 8 57
3 5 0 0 58
2 7 3 0 58
2 4 0 5 58
1 8 5 0 58
2 4 6 0 58
4 2 6 4 58
4 2 6 6 58
2 4 8 0 58
4 2 5 8 58
2 7 0 0 59
2 7 2 0 59
4 2 0 7 59
2 7 4 0 59
1 8 6 0 59
2 4 7 0 59
2 4 7 4 59
1 8 9 0 59
4 2 6 8 59
7 2 0 0 60
8 1 0 2 60
8 1 0 3 60
8 1 0 4 60
7 2 0 5 60
7 2 0 7 60
2 4 7 5 60
8 1 0 9 60
4 3 0 0 61
2 6 0 3 61
2 7 2 3 61
4 2 4 0 61
2 4 4 2 61
2 4 4 6 61
4 2 6 2 61
2 4 6 4 61
2 4 8 4 61
4 2 6 8 61
2 4 0 0 62
2 4 0 4 62
4 2 2 0 62
6 2 2 2 62
2 6 2 4 62
4 3 4 4 62
4 3 4 7 62
2 4 8 2 62
4 2 6 0 62
2 4 8 6 62
4 3 0 0 63
3 4 0 3 63
3 4 3 3 63
4 2 4 0 63
4 3 0 7 63
3 4 6 3 63
6 2 4 7 63
8 1 0 0 64
1 8 0 1 64
1 8 1 1 64
3 4 2 1 64
2 6 5 1 64
2 6 7 1 64
4 3 5 7 64
2 4 2 5 64
1 8 9 1 64
3 4 0 0 65
4 3 3 0 65
2 6 0 4 65
2 4 3 3 65
2 4 5 3 65
4 2 3 7 65
3 4 7 0 65
2 4 7 4 65
4 3 0 0 66
8 1 0 3 66
8 1 0 4 66
4 2 4 0 66
4 2 0 5 66
2 4 8 0 66
4 2 0 7 66
4 3 4 5 66
2 6 8 4 66
4 2 4 8 66
1 8 0 0 67
1 8 1 0 67
6 2 2 0 67
6 2 2 2 67
6 2 2 4 67
6 2 2 6 67
6 2 0 8 67
2 4 8 0 67
2 4 8 4 67
4 2 6 8 67
3 4 0 0 68
3 4 0 4 68
4 3 3 0 68
4 3 3 3 68
4 3 3 6 68
1 8 7 0 68
2 4 8 0 68
2 4 8 4 68
6 2 0 0 69
6 2 0 2 69
8 1 0 4 69
4 2 6 0 69
4 2 6 2 69
8 1 0 5 69
4 2 0 6 69
3 3 4 6 69
3 3 7 6 69
3 3 0 0 70
3 3 0 3 70
3 3 0 6 70
2 6 3 0 70
4 3 5 0 70
2 6 5 3 70
3 4 7 3 70
3 3 7 7 70
6 2 0 0 71
3 4 0 2 71
3 4 0 6 71
3 3 3 2 71
4 3 6 0 71
3 3 3 5 71
3 4 6 3 71
3 3 6 7 71
2 6 0 0 72
2 6 2 0 72
3 3 0 6 72
2 5 4 0 72
3 3 6 0 72
2 5 4 5 72
2 5 6 3 72
2 5 8 3 72
9 1 0 0 73
9 1 0 1 73
5 2 0 2 73
5 2 5 2 73
2 5 0 4 73
5 2 2 4 73
5 2 2 6 73
2 5 7 4 73
5 2 2 8 73
1 9 0 0 74
3 3 1 0 74
3 3 4 0 74
2 5 1 3 74
2 5 3 3 74
2 5 5 3 74
5 2 1 8 74
2 5 7 0 74
3 3 7 5 74
5 2 0 0 75
5 2 5 0 75
5 2 0 2 75
3 3 0 4 75
5 2 5 2 75
3 3 0 7 75
5 2 3 4 75
3 3 3 6 75
3 3 6 6 75
5 2 0 0 76
5 2 5 0 76
2 5 0 2 76
3 3 2 2 76
2 5 2 5 76
3 3 5 2 76
2 5 4 5 76
2 5 6 5 76
2 5 8 2 76
5 2 0 0 77
5 2 5 0 77
2 5 0 2 77
5 2 2 2 77
2 5 2 4 77
5 2 4 4 77
5 2 4 6 77
5 2 4 8 77
2 5 0 0 78
1 9 2 0 78
5 2 3 0 78
5 2 3 2 78
2 5 0 5 78
2 5 3 4 78
2 5 5 4 78
