% State of a bin packing problem:
%
% Bin number: 507
% Total uncovered points: 8165
% Total covered points: 42535
% Number of boxes: 1000
% Unused boxes: 0
% Runtime: None
%
% Bin size:
10 10
%
% Boxes (width, height) not in some bins:
%
% Boxes (width, height, x_position, y_position, bin_id) in bins:
10 10 0 0 0
10 10 0 0 1
10 10 0 0 2
10 10 0 0 3
10 10 0 0 4
10 10 0 0 5
10 10 0 0 6
10 10 0 0 7
10 10 0 0 8
10 10 0 0 9
10 10 0 0 10
10 10 0 0 11
10 10 0 0 12
10 10 0 0 13
10 10 0 0 14
10 10 0 0 15
10 10 0 0 16
10 10 0 0 17
10 10 0 0 18
10 10 0 0 19
10 10 0 0 20
10 10 0 0 21
10 10 0 0 22
10 10 0 0 23
10 10 0 0 24
10 10 0 0 25
10 10 0 0 26
10 10 0 0 27
10 10 0 0 28
10 10 0 0 29
10 10 0 0 30
10 10 0 0 31
10 10 0 0 32
10 10 0 0 33
10 10 0 0 34
10 10 0 0 35
10 10 0 0 36
10 10 0 0 37
10 10 0 0 38
10 10 0 0 39
10 10 0 0 40
10 10 0 0 41
10 10 0 0 42
10 10 0 0 43
10 10 0 0 44
10 10 0 0 45
10 10 0 0 46
10 10 0 0 47
10 10 0 0 48
10 10 0 0 49
10 10 0 0 50
9 10 0 0 51
10 9 0 0 52
10 9 0 0 53
10 9 0 0 54
10 9 0 0 55
10 9 0 0 56
9 10 0 0 57
9 10 0 0 58
9 10 0 0 59
10 9 0 0 60
10 9 0 0 61
10 9 0 0 62
9 10 0 0 63
10 9 0 0 64
10 9 0 0 65
9 10 0 0 66
9 10 0 0 67
9 10 0 0 68
9 10 0 0 69
9 10 0 0 70
10 9 0 0 71
9 10 0 0 72
10 9 0 0 73
9 10 0 0 74
9 10 0 0 75
9 10 0 0 76
10 9 0 0 77
10 9 0 0 78
10 9 0 0 79
9 10 0 0 80
10 9 0 0 81
9 10 0 0 82
10 9 0 0 83
9 10 0 0 84
9 10 0 0 85
10 9 0 0 86
10 9 0 0 87
10 9 0 0 88
9 10 0 0 89
10 9 0 0 90
9 10 0 0 91
9 10 0 0 92
9 10 0 0 93
9 10 0 0 94
10 9 0 0 95
10 9 0 0 96
10 9 0 0 97
9 10 0 0 98
9 10 0 0 99
10 9 0 0 100
10 9 0 0 101
9 10 0 0 102
10 9 0 0 103
10 9 0 0 104
10 9 0 0 105
10 9 0 0 106
10 9 0 0 107
10 9 0 0 108
9 10 0 0 109
9 10 0 0 110
10 9 0 0 111
10 9 0 0 112
9 10 0 0 113
9 10 0 0 114
10 9 0 0 115
9 10 0 0 116
9 10 0 0 117
10 9 0 0 118
9 10 0 0 119
10 9 0 0 120
10 9 0 0 121
10 9 0 0 122
9 10 0 0 123
9 10 0 0 124
10 9 0 0 125
10 9 0 0 126
10 9 0 0 127
10 9 0 0 128
10 9 0 0 129
10 9 0 0 130
9 10 0 0 131
10 9 0 0 132
9 10 0 0 133
9 10 0 0 134
10 9 0 0 135
10 9 0 0 136
10 9 0 0 137
10 9 0 0 138
10 9 0 0 139
10 9 0 0 140
9 10 0 0 141
9 10 0 0 142
10 9 0 0 143
10 9 0 0 144
10 9 0 0 145
10 9 0 0 146
9 10 0 0 147
10 9 0 0 148
9 10 0 0 149
10 9 0 0 150
10 9 0 0 151
9 10 0 0 152
9 10 0 0 153
10 9 0 0 154
9 10 0 0 155
9 10 0 0 156
9 10 0 0 157
9 10 0 0 158
9 10 0 0 159
9 10 0 0 160
9 10 0 0 161
9 10 0 0 162
9 10 0 0 163
10 9 0 0 164
10 9 0 0 165
9 10 0 0 166
9 10 0 0 167
9 10 0 0 168
9 10 0 0 169
10 9 0 0 170
10 9 0 0 171
9 10 0 0 172
9 9 0 0 173
9 9 0 0 174
9 9 0 0 175
9 9 0 0 176
9 9 0 0 177
9 9 0 0 178
9 9 0 0 179
9 9 0 0 180
9 9 0 0 181
9 9 0 0 182
9 9 0 0 183
9 9 0 0 184
9 9 0 0 185
9 9 0 0 186
9 9 0 0 187
9 9 0 0 188
9 9 0 0 189
9 9 0 0 190
9 9 0 0 191
9 9 0 0 192
9 9 0 0 193
9 9 0 0 194
9 9 0 0 195
9 9 0 0 196
9 9 0 0 197
9 9 0 0 198
9 9 0 0 199
9 9 0 0 200
9 9 0 0 201
9 9 0 0 202
9 9 0 0 203
9 9 0 0 204
9 9 0 0 205
9 9 0 0 206
9 9 0 0 207
9 9 0 0 208
9 9 0 0 209
9 9 0 0 210
9 9 0 0 211
9 9 0 0 212
9 9 0 0 213
9 9 0 0 214
9 9 0 0 215
9 9 0 0 216
9 9 0 0 217
9 9 0 0 218
9 9 0 0 219
9 9 0 0 220
9 9 0 0 221
9 9 0 0 222
9 9 0 0 223
8 10 0 0 224
2 3 8 0 224
2 3 8 3 224
2 3 8 6 224
8 10 0 0 225
2 3 8 0 225
2 3 8 3 225
2 3 8 6 225
8 10 0 0 226
2 3 8 0 226
2 3 8 3 226
2 3 8 6 226
10 8 0 0 227
8 10 0 0 228
2 3 8 0 228
2 3 8 3 228
2 3 8 6 228
10 8 0 0 229
10 8 0 0 230
10 8 0 0 231
10 8 0 0 232
10 8 0 0 233
10 8 0 0 234
8 10 0 0 235
2 3 8 0 235
2 3 8 3 235
2 3 8 6 235
8 10 0 0 236
2 3 8 0 236
2 3 8 3 236
2 3 8 6 236
10 8 0 0 237
8 10 0 0 238
2 3 8 0 238
2 3 8 3 238
2 3 8 6 238
10 8 0 0 239
10 8 0 0 240
10 8 0 0 241
8 10 0 0 242
2 3 8 0 242
2 3 8 3 242
2 3 8 6 242
8 10 0 0 243
2 3 8 0 243
2 3 8 3 243
2 3 8 6 243
10 8 0 0 244
8 10 0 0 245
2 3 8 0 245
2 3 8 3 245
2 3 8 6 245
8 10 0 0 246
2 3 8 0 246
2 3 8 3 246
2 3 8 6 246
8 10 0 0 247
2 3 8 0 247
2 3 8 3 247
2 3 8 6 247
8 10 0 0 248
2 3 8 0 248
2 3 8 3 248
2 3 8 6 248
10 8 0 0 249
8 10 0 0 250
2 3 8 0 250
2 3 8 3 250
2 3 8 6 250
10 8 0 0 251
10 8 0 0 252
8 10 0 0 253
2 3 8 0 253
2 3 8 3 253
2 3 8 6 253
10 8 0 0 254
10 8 0 0 255
8 10 0 0 256
2 3 8 0 256
2 3 8 3 256
2 3 8 6 256
8 10 0 0 257
2 3 8 0 257
2 3 8 3 257
2 3 8 6 257
8 10 0 0 258
2 3 8 0 258
2 3 8 3 258
2 3 8 6 258
10 8 0 0 259
8 10 0 0 260
2 3 8 0 260
2 3 8 3 260
2 3 8 6 260
10 8 0 0 261
8 10 0 0 262
2 3 8 0 262
2 3 8 3 262
2 3 8 6 262
8 10 0 0 263
2 3 8 0 263
2 3 8 3 263
2 3 8 6 263
10 8 0 0 264
8 10 0 0 265
2 3 8 0 265
2 3 8 3 265
2 3 8 6 265
8 10 0 0 266
2 3 8 0 266
2 3 8 3 266
2 3 8 6 266
8 10 0 0 267
2 3 8 0 267
2 3 8 3 267
2 3 8 6 267
8 10 0 0 268
2 3 8 0 268
2 3 8 3 268
2 3 8 6 268
8 10 0 0 269
2 3 8 0 269
2 3 8 3 269
2 3 8 6 269
10 8 0 0 270
8 10 0 0 271
2 3 8 0 271
2 3 8 3 271
8 10 0 0 272
10 8 0 0 273
8 10 0 0 274
10 8 0 0 275
8 10 0 0 276
10 8 0 0 277
10 8 0 0 278
8 10 0 0 279
10 8 0 0 280
8 10 0 0 281
8 10 0 0 282
8 10 0 0 283
10 8 0 0 284
10 8 0 0 285
10 8 0 0 286
10 8 0 0 287
10 8 0 0 288
8 10 0 0 289
10 8 0 0 290
10 8 0 0 291
8 10 0 0 292
8 10 0 0 293
8 10 0 0 294
10 8 0 0 295
10 8 0 0 296
8 10 0 0 297
8 10 0 0 298
8 10 0 0 299
10 8 0 0 300
10 8 0 0 301
10 8 0 0 302
8 10 0 0 303
10 8 0 0 304
8 10 0 0 305
10 8 0 0 306
10 8 0 0 307
10 8 0 0 308
8 10 0 0 309
8 10 0 0 310
8 10 0 0 311
10 8 0 0 312
8 10 0 0 313
8 10 0 0 314
10 8 0 0 315
10 8 0 0 316
8 10 0 0 317
10 8 0 0 318
10 8 0 0 319
8 10 0 0 320
8 10 0 0 321
8 10 0 0 322
8 10 0 0 323
8 9 0 0 324
1 1 0 9 324
1 1 1 9 324
1 1 2 9 324
1 1 3 9 324
1 1 4 9 324
1 1 5 9 324
1 1 6 9 324
1 1 7 9 324
9 8 0 0 325
1 1 9 0 325
1 1 9 1 325
1 1 9 2 325
1 1 9 3 325
1 1 9 4 325
1 1 9 5 325
1 1 9 6 325
1 1 9 7 325
9 8 0 0 326
1 1 9 0 326
1 1 9 1 326
1 1 9 2 326
1 1 9 3 326
1 1 9 4 326
1 1 9 5 326
1 1 9 6 326
1 1 9 7 326
8 9 0 0 327
1 1 0 9 327
1 1 1 9 327
1 1 2 9 327
1 1 3 9 327
1 1 4 9 327
1 1 5 9 327
1 1 6 9 327
1 1 7 9 327
8 9 0 0 328
1 1 0 9 328
1 1 1 9 328
1 1 2 9 328
1 1 3 9 328
1 1 4 9 328
1 1 5 9 328
1 1 6 9 328
1 1 7 9 328
9 8 0 0 329
1 1 9 0 329
1 1 9 1 329
1 1 9 2 329
1 1 9 3 329
1 1 9 4 329
1 2 9 5 329
8 9 0 0 330
2 1 0 9 330
2 1 2 9 330
2 1 4 9 330
2 1 6 9 330
8 9 0 0 331
2 1 0 9 331
2 1 2 9 331
2 1 4 9 331
2 1 6 9 331
8 9 0 0 332
2 1 0 9 332
2 1 2 9 332
2 1 4 9 332
2 1 6 9 332
8 9 0 0 333
2 1 0 9 333
2 1 2 9 333
2 1 4 9 333
2 1 6 9 333
9 8 0 0 334
1 2 9 0 334
1 2 9 2 334
1 2 9 4 334
1 2 9 6 334
8 9 0 0 335
2 1 0 9 335
2 1 2 9 335
2 1 4 9 335
2 1 6 9 335
9 8 0 0 336
1 2 9 0 336
1 2 9 2 336
1 2 9 4 336
1 2 9 6 336
9 8 0 0 337
1 2 9 0 337
1 2 9 2 337
1 2 9 4 337
1 2 9 6 337
8 9 0 0 338
2 1 0 9 338
2 1 2 9 338
2 1 4 9 338
2 1 6 9 338
9 8 0 0 339
1 2 9 0 339
1 2 9 2 339
1 2 9 4 339
1 2 9 6 339
8 9 0 0 340
2 1 0 9 340
2 1 2 9 340
2 1 4 9 340
2 1 6 9 340
8 9 0 0 341
2 1 0 9 341
2 1 2 9 341
2 1 4 9 341
2 1 6 9 341
9 8 0 0 342
1 2 9 0 342
1 2 9 2 342
1 2 9 4 342
1 2 9 6 342
9 8 0 0 343
1 2 9 0 343
1 2 9 2 343
1 2 9 4 343
1 2 9 6 343
8 9 0 0 344
2 1 0 9 344
2 1 2 9 344
2 1 4 9 344
2 1 6 9 344
9 8 0 0 345
1 2 9 0 345
1 2 9 2 345
1 2 9 4 345
1 2 9 6 345
8 9 0 0 346
2 1 0 9 346
2 1 2 9 346
2 1 4 9 346
2 1 6 9 346
8 9 0 0 347
2 1 0 9 347
2 1 2 9 347
2 1 4 9 347
2 1 6 9 347
9 8 0 0 348
1 2 9 0 348
1 2 9 2 348
1 2 9 4 348
1 2 9 6 348
8 9 0 0 349
2 1 0 9 349
2 1 2 9 349
2 1 4 9 349
2 1 6 9 349
9 8 0 0 350
1 2 9 0 350
1 2 9 2 350
1 2 9 4 350
1 2 9 6 350
9 8 0 0 351
1 2 9 0 351
1 2 9 2 351
1 2 9 4 351
1 2 9 6 351
9 8 0 0 352
1 2 9 0 352
1 2 9 2 352
1 2 9 4 352
1 2 9 6 352
8 9 0 0 353
2 1 0 9 353
2 1 2 9 353
2 1 4 9 353
2 1 6 9 353
8 9 0 0 354
2 1 0 9 354
2 1 2 9 354
2 1 4 9 354
2 1 6 9 354
9 8 0 0 355
1 3 9 0 355
1 3 9 3 355
8 9 0 0 356
3 1 0 9 356
3 1 3 9 356
8 9 0 0 357
3 1 0 9 357
3 1 3 9 357
9 8 0 0 358
1 3 9 0 358
1 3 9 3 358
8 9 0 0 359
3 1 0 9 359
3 1 3 9 359
9 8 0 0 360
1 3 9 0 360
1 3 9 3 360
8 9 0 0 361
3 1 0 9 361
3 1 3 9 361
8 9 0 0 362
3 1 0 9 362
3 1 3 9 362
9 8 0 0 363
1 3 9 0 363
1 3 9 3 363
9 8 0 0 364
1 3 9 0 364
1 3 9 3 364
9 8 0 0 365
1 3 9 0 365
1 3 9 3 365
8 9 0 0 366
3 1 0 9 366
3 1 3 9 366
8 9 0 0 367
3 1 0 9 367
3 1 3 9 367
8 9 0 0 368
3 1 0 9 368
3 1 3 9 368
9 8 0 0 369
1 3 9 0 369
1 3 9 3 369
8 9 0 0 370
3 1 0 9 370
3 1 3 9 370
8 9 0 0 371
3 1 0 9 371
3 1 3 9 371
9 8 0 0 372
1 3 9 0 372
1 3 9 3 372
8 9 0 0 373
3 1 0 9 373
3 1 3 9 373
8 9 0 0 374
3 1 0 9 374
3 1 3 9 374
8 9 0 0 375
3 1 0 9 375
3 1 3 9 375
8 9 0 0 376
3 1 0 9 376
3 1 3 9 376
8 9 0 0 377
3 1 0 9 377
3 1 3 9 377
8 9 0 0 378
3 1 0 9 378
3 1 3 9 378
9 8 0 0 379
1 3 9 0 379
1 3 9 3 379
9 8 0 0 380
1 3 9 0 380
1 3 9 3 380
8 9 0 0 381
3 1 0 9 381
3 1 3 9 381
9 8 0 0 382
1 3 9 0 382
1 3 9 3 382
9 8 0 0 383
1 3 9 0 383
1 3 9 3 383
9 8 0 0 384
1 3 9 0 384
1 3 9 3 384
9 8 0 0 385
1 3 9 0 385
1 3 9 3 385
9 8 0 0 386
1 3 9 0 386
1 3 9 3 386
9 8 0 0 387
1 3 9 0 387
1 3 9 3 387
8 9 0 0 388
3 1 0 9 388
3 1 3 9 388
9 8 0 0 389
1 3 9 0 389
1 3 9 3 389
9 8 0 0 390
1 3 9 0 390
1 3 9 3 390
9 8 0 0 391
1 3 9 0 391
1 3 9 3 391
8 9 0 0 392
3 1 0 9 392
3 1 3 9 392
8 9 0 0 393
3 1 0 9 393
3 1 3 9 393
8 9 0 0 394
3 1 0 9 394
3 1 3 9 394
8 9 0 0 395
3 1 0 9 395
3 1 3 9 395
8 9 0 0 396
3 1 0 9 396
3 1 3 9 396
9 8 0 0 397
1 3 9 0 397
1 3 9 3 397
9 8 0 0 398
1 3 9 0 398
1 3 9 3 398
8 9 0 0 399
3 1 0 9 399
3 1 3 9 399
8 9 0 0 400
3 1 0 9 400
3 1 3 9 400
8 9 0 0 401
3 1 0 9 401
3 1 3 9 401
9 8 0 0 402
1 3 9 0 402
1 3 9 3 402
9 8 0 0 403
1 3 9 0 403
1 3 9 3 403
8 9 0 0 404
3 1 0 9 404
3 1 3 9 404
8 9 0 0 405
3 1 0 9 405
9 8 0 0 406
1 3 9 0 406
1 3 9 3 406
8 9 0 0 407
8 9 0 0 408
9 8 0 0 409
1 3 9 0 409
1 3 9 3 409
8 9 0 0 410
9 8 0 0 411
1 3 9 0 411
1 3 9 3 411
9 8 0 0 412
1 3 9 0 412
9 8 0 0 413
8 9 0 0 414
8 9 0 0 415
8 9 0 0 416
9 8 0 0 417
8 9 0 0 418
9 8 0 0 419
8 9 0 0 420
8 9 0 0 421
8 9 0 0 422
9 8 0 0 423
9 8 0 0 424
8 9 0 0 425
8 9 0 0 426
9 8 0 0 427
8 9 0 0 428
8 9 0 0 429
8 9 0 0 430
8 9 0 0 431
8 9 0 0 432
8 9 0 0 433
8 9 0 0 434
8 9 0 0 435
9 8 0 0 436
9 8 0 0 437
9 8 0 0 438
9 8 0 0 439
8 9 0 0 440
8 8 0 0 441
2 2 0 8 441
2 2 2 8 441
2 2 4 8 441
2 2 6 8 441
8 8 0 0 442
2 2 0 8 442
2 2 2 8 442
2 2 4 8 442
2 2 6 8 442
8 8 0 0 443
2 2 0 8 443
2 2 2 8 443
2 2 4 8 443
2 2 6 8 443
8 8 0 0 444
2 2 0 8 444
2 2 2 8 444
2 2 4 8 444
2 2 6 8 444
8 8 0 0 445
2 2 0 8 445
2 2 2 8 445
2 2 4 8 445
2 2 6 8 445
8 8 0 0 446
2 2 0 8 446
2 2 2 8 446
2 2 4 8 446
2 2 6 8 446
8 8 0 0 447
2 2 0 8 447
2 2 2 8 447
2 2 4 8 447
2 2 6 8 447
8 8 0 0 448
2 2 0 8 448
2 2 2 8 448
2 2 4 8 448
2 2 6 8 448
8 8 0 0 449
2 2 0 8 449
2 2 2 8 449
2 2 4 8 449
2 2 6 8 449
8 8 0 0 450
2 2 0 8 450
2 2 2 8 450
2 2 4 8 450
2 2 6 8 450
8 8 0 0 451
2 2 0 8 451
2 2 2 8 451
2 2 4 8 451
2 2 6 8 451
8 8 0 0 452
2 2 0 8 452
2 2 2 8 452
2 2 4 8 452
2 2 6 8 452
8 8 0 0 453
2 2 0 8 453
2 2 2 8 453
2 2 4 8 453
8 8 0 0 454
3 2 0 8 454
3 2 3 8 454
8 8 0 0 455
3 2 0 8 455
3 2 3 8 455
8 8 0 0 456
3 2 0 8 456
3 2 3 8 456
8 8 0 0 457
3 2 0 8 457
3 2 3 8 457
8 8 0 0 458
3 2 0 8 458
3 2 3 8 458
8 8 0 0 459
3 2 0 8 459
3 2 3 8 459
8 8 0 0 460
3 2 0 8 460
3 2 3 8 460
8 8 0 0 461
3 2 0 8 461
3 2 3 8 461
8 8 0 0 462
3 2 0 8 462
3 2 3 8 462
8 8 0 0 463
3 2 0 8 463
3 2 3 8 463
8 8 0 0 464
3 2 0 8 464
3 2 3 8 464
8 8 0 0 465
3 2 0 8 465
3 2 3 8 465
8 8 0 0 466
3 2 0 8 466
3 2 3 8 466
8 8 0 0 467
3 2 0 8 467
3 2 3 8 467
8 8 0 0 468
3 2 0 8 468
3 2 3 8 468
8 8 0 0 469
3 2 0 8 469
3 2 3 8 469
8 8 0 0 470
3 2 0 8 470
3 2 3 8 470
8 8 0 0 471
3 2 0 8 471
3 2 3 8 471
8 8 0 0 472
3 2 0 8 472
3 2 3 8 472
8 8 0 0 473
3 2 0 8 473
3 2 3 8 473
8 8 0 0 474
3 2 0 8 474
3 2 3 8 474
8 8 0 0 475
3 2 0 8 475
3 2 3 8 475
8 8 0 0 476
3 2 0 8 476
3 2 3 8 476
8 8 0 0 477
3 2 0 8 477
3 2 3 8 477
8 8 0 0 478
3 2 0 8 478
3 2 3 8 478
8 8 0 0 479
3 2 0 8 479
3 2 3 8 479
8 8 0 0 480
8 8 0 0 481
8 8 0 0 482
8 8 0 0 483
8 8 0 0 484
8 8 0 0 485
8 8 0 0 486
8 8 0 0 487
8 8 0 0 488
8 8 0 0 489
8 8 0 0 490
8 8 0 0 491
8 8 0 0 492
8 8 0 0 493
8 8 0 0 494
8 8 0 0 495
8 8 0 0 496
8 8 0 0 497
8 8 0 0 498
8 8 0 0 499
3 3 0 0 500
3 3 0 3 500
2 2 0 6 500
2 2 0 8 500
3 3 3 0 500
3 3 6 0 500
3 3 3 3 500
3 3 2 6 500
3 3 6 3 500
3 3 5 6 500
3 3 0 0 501
3 3 0 3 501
3 3 0 6 501
3 3 3 0 501
3 3 6 0 501
3 3 3 3 501
3 3 3 6 501
3 3 6 3 501
3 3 6 6 501
3 3 0 0 502
3 3 0 3 502
3 3 0 6 502
3 3 3 0 502
3 3 6 0 502
3 3 3 3 502
3 3 3 6 502
3 3 6 3 502
3 3 6 6 502
3 3 0 0 503
3 3 0 3 503
3 3 0 6 503
3 3 3 0 503
3 3 6 0 503
3 3 3 3 503
3 3 3 6 503
3 3 6 3 503
3 3 6 6 503
3 3 0 0 504
3 3 0 3 504
3 3 0 6 504
3 3 3 0 504
3 3 6 0 504
3 3 3 3 504
3 3 3 6 504
3 3 6 3 504
3 3 6 6 504
3 3 0 0 505
3 3 0 3 505
3 3 0 6 505
3 3 3 0 505
3 3 6 0 505
3 3 3 3 505
3 3 3 6 505
3 3 6 3 505
3 3 6 6 505
3 3 0 0 506
3 3 0 3 506
3 3 0 6 506
3 3 3 0 506
3 3 6 0 506
3 3 3 3 506
3 3 3 6 506
3 3 6 3 506
