% State of a bin packing problem:
%
% Bin number: 218
% Total uncovered points: 2225
% Total covered points: 19575
% Number of boxes: 1000
% Unused boxes: 0
% Runtime: None
%
% Bin size:
10 10
%
% Boxes (width, height) not in some bins:
%
% Boxes (width, height, x_position, y_position, bin_id) in bins:
7 9 0 0 0
3 1 0 9 0
3 1 3 9 0
3 2 7 0 0
2 3 7 2 0
2 3 7 5 0
3 2 7 8 0
1 6 9 2 0
8 7 0 0 1
1 4 8 0 1
1 4 9 0 1
5 1 0 7 1
6 1 0 8 1
6 1 0 9 1
2 3 8 4 1
3 2 6 8 1
6 9 0 0 2
2 1 0 9 2
3 1 2 9 2
4 2 6 0 2
2 4 6 2 2
4 2 6 6 2
4 2 6 8 2
2 4 8 2 2
6 9 0 0 3
3 1 0 9 3
3 1 3 9 3
1 8 6 0 3
2 4 7 0 3
2 4 7 4 3
4 2 6 8 3
1 8 9 0 3
7 7 0 0 4
1 5 7 0 4
1 5 8 0 4
1 5 9 0 4
3 2 7 5 4
6 1 0 7 4
3 2 0 8 4
3 2 3 8 4
2 3 6 7 4
2 3 8 7 4
7 7 0 0 5
1 5 7 0 5
1 5 8 0 5
1 6 9 0 5
2 3 0 7 5
2 3 2 7 5
2 3 4 7 5
3 2 6 7 5
7 7 0 0 6
2 3 7 0 6
2 3 7 3 6
3 2 0 7 6
3 2 3 7 6
6 1 0 9 6
2 3 6 7 6
7 7 0 0 7
2 3 7 0 7
3 2 7 3 7
3 2 7 5 7
6 1 0 7 7
3 2 0 8 7
3 2 3 8 7
3 2 6 7 7
7 7 0 0 8
2 3 7 0 8
2 3 7 3 8
3 2 0 7 8
7 1 3 7 8
7 1 3 8 8
8 1 0 9 8
8 6 0 0 9
1 3 8 0 9
1 3 9 0 9
1 3 8 3 9
4 2 0 6 9
4 2 0 8 9
4 2 4 6 9
4 2 4 8 9
2 4 8 6 9
6 8 0 0 10
3 1 0 8 10
3 1 3 8 10
4 1 0 9 10
4 2 6 0 10
4 2 6 2 10
4 2 6 4 10
4 2 6 6 10
4 2 6 8 10
8 6 0 0 11
2 2 8 0 11
2 2 8 2 11
2 2 8 4 11
2 4 0 6 11
2 4 2 6 11
2 4 4 6 11
4 2 6 6 11
4 2 6 8 11
8 6 0 0 12
1 4 8 0 12
1 4 9 0 12
2 2 8 4 12
8 1 0 6 12
3 3 0 7 12
3 3 3 7 12
3 3 6 7 12
6 8 0 0 13
4 1 0 8 13
4 1 0 9 13
2 2 4 8 13
2 4 6 0 13
2 4 8 0 13
2 4 6 4 13
2 4 8 4 13
4 2 6 8 13
6 8 0 0 14
4 1 0 8 14
4 1 0 9 14
2 2 4 8 14
1 8 6 0 14
2 4 7 0 14
2 4 7 4 14
4 2 6 8 14
6 8 0 0 15
4 1 0 8 15
4 1 0 9 15
2 4 6 0 15
2 4 8 0 15
2 4 6 4 15
2 4 8 4 15
5 2 4 8 15
6 8 0 0 16
4 1 0 8 16
5 1 0 9 16
2 4 6 0 16
3 3 6 4 16
3 3 6 7 16
8 6 0 0 17
1 4 8 0 17
1 4 9 0 17
3 3 0 6 17
3 3 3 6 17
3 3 6 6 17
6 8 0 0 18
5 1 0 8 18
5 1 0 9 18
3 3 6 0 18
3 3 6 3 18
3 3 6 6 18
6 8 0 0 19
5 1 0 8 19
5 1 0 9 19
3 3 6 0 19
3 3 6 3 19
3 3 6 6 19
5 9 0 0 20
1 1 0 9 20
1 1 1 9 20
2 1 2 9 20
3 3 5 0 20
3 3 5 3 20
3 3 5 6 20
2 5 8 0 20
2 5 8 5 20
9 5 0 0 21
9 5 0 5 21
1 2 9 0 21
1 3 9 2 21
1 3 9 5 21
3 3 0 0 22
3 3 3 0 22
3 3 6 0 22
6 7 0 3 22
4 7 6 3 22
6 7 0 0 23
3 3 0 7 23
4 8 6 0 23
7 6 0 0 24
9 4 0 6 24
2 5 7 0 24
6 7 0 0 25
5 2 0 7 25
4 8 6 0 25
7 6 0 0 26
2 5 7 0 26
8 4 0 6 26
6 7 0 0 27
5 2 0 7 27
4 7 6 0 27
4 3 6 7 27
7 6 0 0 28
2 5 7 0 28
8 4 0 6 28
6 7 0 0 29
5 2 0 7 29
4 7 6 0 29
4 3 6 7 29
7 6 0 0 30
2 5 7 0 30
8 4 0 6 30
7 6 0 0 31
8 4 0 6 31
2 5 7 0 31
7 6 0 0 32
2 5 7 0 32
6 2 0 6 32
6 2 0 8 32
3 4 6 6 32
6 7 0 0 33
5 2 0 7 33
4 7 6 0 33
4 3 6 7 33
7 6 0 0 34
2 5 7 0 34
7 4 0 6 34
3 4 7 6 34
8 5 0 0 35
8 5 0 5 35
2 5 8 0 35
2 5 8 5 35
6 6 0 0 36
2 5 6 0 36
7 4 0 6 36
3 4 7 6 36
2 6 8 0 36
6 6 0 0 37
4 3 6 0 37
4 3 6 3 37
6 2 0 6 37
6 2 0 8 37
4 3 6 6 37
6 6 0 0 38
3 4 6 0 38
7 4 0 6 38
3 4 7 6 38
6 6 0 0 39
4 3 6 0 39
4 3 6 3 39
7 4 0 6 39
3 4 7 6 39
6 6 0 0 40
4 3 6 0 40
4 3 6 3 40
7 4 0 6 40
3 4 7 6 40
6 6 0 0 41
3 4 6 0 41
7 4 0 6 41
3 4 7 6 41
6 6 0 0 42
3 4 6 0 42
7 4 0 6 42
3 4 7 6 42
6 6 0 0 43
3 4 6 0 43
7 4 0 6 43
3 4 7 6 43
6 6 0 0 44
6 2 0 6 44
4 7 6 0 44
6 2 0 8 44
4 3 6 7 44
6 6 0 0 45
2 6 6 0 45
7 4 0 6 45
3 4 7 6 45
2 6 8 0 45
6 6 0 0 46
7 4 0 6 46
3 4 7 6 46
4 3 6 0 46
4 3 6 3 46
6 6 0 0 47
6 2 0 6 47
4 7 6 0 47
6 2 0 8 47
4 3 6 7 47
6 6 0 0 48
7 4 0 6 48
3 4 7 6 48
4 3 6 0 48
4 3 6 3 48
6 6 0 0 49
7 4 0 6 49
3 4 7 6 49
4 3 6 0 49
4 3 6 3 49
6 6 0 0 50
7 4 0 6 50
3 4 7 6 50
2 6 6 0 50
2 6 8 0 50
7 5 0 0 51
7 5 0 5 51
2 7 7 0 51
5 7 0 0 52
5 7 5 0 52
5 2 0 7 52
5 2 5 7 52
7 5 0 0 53
2 5 7 0 53
7 5 0 5 53
2 5 7 5 53
5 7 0 0 54
5 7 5 0 54
5 2 0 7 54
5 2 5 7 54
5 7 0 0 55
5 2 0 7 55
5 7 5 0 55
5 2 5 7 55
7 5 0 0 56
7 5 0 5 56
2 7 7 0 56
7 5 0 0 57
7 5 0 5 57
2 7 7 0 57
5 7 0 0 58
5 7 5 0 58
5 2 0 7 58
5 2 5 7 58
5 7 0 0 59
5 7 5 0 59
5 2 0 7 59
5 2 5 7 59
7 5 0 0 60
7 5 0 5 60
2 7 7 0 60
7 5 0 0 61
7 5 0 5 61
3 5 7 0 61
3 5 7 5 61
5 7 0 0 62
5 2 0 7 62
5 7 5 0 62
5 2 5 7 62
7 5 0 0 63
7 5 0 5 63
3 5 7 0 63
3 5 7 5 63
7 5 0 0 64
7 5 0 5 64
3 5 7 0 64
3 5 7 5 64
7 5 0 0 65
7 5 0 5 65
3 5 7 0 65
3 5 7 5 65
5 7 0 0 66
5 2 0 7 66
5 6 5 0 66
5 2 5 6 66
5 2 5 8 66
7 5 0 0 67
2 5 7 0 67
6 5 0 5 67
2 5 6 5 67
2 5 8 5 67
6 5 0 0 68
6 5 0 5 68
4 7 6 0 68
4 3 6 7 68
5 6 0 0 69
5 6 5 0 69
7 4 0 6 69
3 4 7 6 69
5 6 0 0 70
5 6 5 0 70
7 4 0 6 70
3 4 7 6 70
6 5 0 0 71
6 5 0 5 71
4 7 6 0 71
4 3 6 7 71
5 6 0 0 72
5 6 5 0 72
7 4 0 6 72
3 4 7 6 72
6 5 0 0 73
6 5 0 5 73
4 7 6 0 73
4 3 6 7 73
5 6 0 0 74
5 6 5 0 74
7 4 0 6 74
3 4 7 6 74
6 5 0 0 75
6 5 0 5 75
4 7 6 0 75
4 3 6 7 75
5 6 0 0 76
5 2 0 6 76
5 6 5 0 76
5 2 0 8 76
5 2 5 6 76
5 2 5 8 76
5 6 0 0 77
5 6 5 0 77
6 2 0 6 77
6 2 0 8 77
4 3 6 6 77
6 5 0 0 78
6 5 0 5 78
4 7 6 0 78
4 3 6 7 78
5 6 0 0 79
5 6 5 0 79
7 4 0 6 79
3 4 7 6 79
5 6 0 0 80
5 6 5 0 80
7 4 0 6 80
3 4 7 6 80
6 5 0 0 81
6 5 0 5 81
4 7 6 0 81
4 3 6 7 81
6 5 0 0 82
6 5 0 5 82
4 7 6 0 82
4 3 6 7 82
5 6 0 0 83
5 6 5 0 83
6 2 0 6 83
6 2 0 8 83
4 3 6 6 83
5 6 0 0 84
5 6 5 0 84
7 4 0 6 84
3 4 7 6 84
6 5 0 0 85
6 5 0 5 85
4 7 6 0 85
4 3 6 7 85
6 5 0 0 86
6 5 0 5 86
4 7 6 0 86
4 3 6 7 86
5 6 0 0 87
5 6 5 0 87
7 4 0 6 87
3 4 7 6 87
5 6 0 0 88
3 4 0 6 88
5 6 5 0 88
6 2 3 6 88
6 2 3 8 88
6 5 0 0 89
6 5 0 5 89
4 7 6 0 89
4 3 6 7 89
5 6 0 0 90
3 4 0 6 90
5 6 5 0 90
7 4 3 6 90
6 5 0 0 91
6 5 0 5 91
4 7 6 0 91
4 3 6 7 91
5 6 0 0 92
5 6 5 0 92
7 4 0 6 92
6 5 0 0 93
3 4 6 0 93
6 5 0 5 93
4 3 6 5 93
5 6 0 0 94
5 6 5 0 94
6 2 0 6 94
6 2 0 8 94
4 4 6 6 94
5 6 0 0 95
5 6 5 0 95
4 3 0 6 95
4 3 4 6 95
5 6 0 0 96
5 6 5 0 96
7 2 0 6 96
7 2 0 8 96
5 6 0 0 97
5 6 5 0 97
7 2 0 6 97
7 2 0 8 97
6 5 0 0 98
3 4 6 0 98
6 5 0 5 98
3 4 6 5 98
5 6 0 0 99
5 6 5 0 99
7 2 0 6 99
7 2 0 8 99
5 6 0 0 100
5 6 5 0 100
5 3 0 6 100
5 3 5 6 100
5 6 0 0 101
5 6 5 0 101
5 3 0 6 101
5 3 5 6 101
5 6 0 0 102
5 6 5 0 102
5 3 0 6 102
5 3 5 6 102
6 5 0 0 103
6 5 0 5 103
4 7 6 0 103
4 3 6 7 103
5 6 0 0 104
3 4 0 6 104
5 5 5 0 104
5 5 5 5 104
6 5 0 0 105
3 4 6 0 105
5 5 0 5 105
5 5 5 5 105
5 5 0 0 106
5 5 5 0 106
5 5 0 5 106
5 5 5 5 106
5 5 0 0 107
5 5 5 0 107
5 5 0 5 107
5 5 5 5 107
5 5 0 0 108
5 5 5 0 108
5 5 0 5 108
5 5 5 5 108
5 5 0 0 109
5 5 5 0 109
5 5 0 5 109
5 5 5 5 109
5 5 0 0 110
5 5 5 0 110
5 5 0 5 110
5 5 5 5 110
5 5 0 0 111
5 5 5 0 111
5 5 0 5 111
5 5 5 5 111
5 5 0 0 112
5 5 5 0 112
5 5 0 5 112
5 5 5 5 112
5 5 0 0 113
5 5 5 0 113
5 5 0 5 113
5 5 5 5 113
5 5 0 0 114
5 5 5 0 114
5 5 0 5 114
5 5 5 5 114
5 5 0 0 115
5 5 5 0 115
5 5 0 5 115
5 5 5 5 115
5 5 0 0 116
5 5 5 0 116
5 5 0 5 116
5 5 5 5 116
5 5 0 0 117
5 5 5 0 117
5 5 0 5 117
5 5 5 5 117
5 5 0 0 118
5 5 5 0 118
5 5 0 5 118
3 5 5 5 118
5 5 0 0 119
5 5 5 0 119
5 5 0 5 119
5 5 5 5 119
5 5 0 0 120
5 5 5 0 120
5 5 0 5 120
5 3 5 5 120
5 5 0 0 121
5 5 5 0 121
5 5 0 5 121
5 5 5 5 121
5 5 0 0 122
5 5 5 0 122
5 5 0 5 122
5 3 5 5 122
5 5 0 0 123
6 4 0 5 123
3 5 6 5 123
3 5 5 0 123
4 6 0 0 124
6 4 4 0 124
6 4 4 4 124
4 4 0 6 124
5 3 0 0 125
5 3 5 0 125
6 7 0 3 125
4 6 6 3 125
6 4 0 0 126
6 4 0 4 126
4 6 6 0 126
4 4 6 6 126
5 3 0 0 127
5 3 5 0 127
5 3 0 3 127
6 4 0 6 127
5 3 5 3 127
4 4 6 6 127
4 6 0 0 128
4 6 4 0 128
6 4 0 6 128
4 4 6 6 128
4 6 0 0 129
4 6 4 0 129
5 3 0 6 129
5 3 5 6 129
5 3 0 0 130
3 5 0 3 130
5 3 5 0 130
4 6 3 3 130
3 5 7 3 130
4 6 0 0 131
3 8 4 0 131
3 5 7 0 131
3 5 7 5 131
4 4 0 6 131
4 6 0 0 132
6 4 4 0 132
4 6 4 4 132
4 4 0 6 132
4 6 0 0 133
6 4 4 0 133
5 3 4 4 133
5 3 4 7 133
4 4 0 6 133
3 5 0 0 134
3 5 0 5 134
3 5 3 0 134
4 6 6 0 134
3 5 3 5 134
4 4 6 6 134
6 4 0 0 135
4 6 0 4 135
4 6 4 4 135
4 4 6 0 135
4 6 0 0 136
6 4 4 0 136
5 3 4 4 136
5 3 4 7 136
4 4 0 6 136
3 5 0 0 137
3 5 0 5 137
3 5 3 0 137
4 6 6 0 137
3 5 3 5 137
4 4 6 6 137
6 4 0 0 138
4 6 0 4 138
4 6 4 4 138
4 4 6 0 138
3 5 0 0 139
3 5 0 5 139
4 6 3 0 139
3 5 7 0 139
3 5 7 5 139
4 4 3 6 139
6 4 0 0 140
6 4 0 4 140
4 6 6 0 140
4 4 6 6 140
5 3 0 0 141
5 3 5 0 141
6 4 0 3 141
5 3 0 7 141
5 3 5 7 141
4 4 6 3 141
4 6 0 0 142
6 4 4 0 142
4 6 4 4 142
4 4 0 6 142
6 4 0 0 143
4 6 0 4 143
5 3 4 4 143
5 3 4 7 143
4 4 6 0 143
4 6 0 0 144
4 6 4 0 144
5 3 0 6 144
5 3 5 6 144
3 5 0 0 145
3 5 0 5 145
4 6 3 0 145
3 5 7 0 145
3 5 7 5 145
4 4 3 6 145
4 6 0 0 146
4 6 4 0 146
8 3 0 6 146
2 8 8 0 146
3 5 0 0 147
3 5 0 5 147
5 3 3 0 147
6 4 3 3 147
5 3 3 7 147
6 4 0 0 148
4 6 0 4 148
6 4 4 4 148
4 4 6 0 148
5 3 0 0 149
5 3 5 0 149
3 5 0 3 149
6 4 3 3 149
5 3 3 7 149
3 8 0 0 150
4 6 3 0 150
3 5 7 0 150
3 5 7 5 150
4 4 3 6 150
6 4 0 0 151
4 6 0 4 151
4 6 4 4 151
4 4 6 0 151
3 5 0 0 152
3 5 0 5 152
3 5 3 0 152
3 5 3 5 152
4 6 6 0 152
4 4 6 6 152
6 4 0 0 153
6 4 0 4 153
4 6 6 0 153
4 4 6 6 153
5 3 0 0 154
6 4 0 3 154
5 3 5 0 154
5 3 0 7 154
5 3 5 7 154
4 4 6 3 154
4 6 0 0 155
6 4 4 0 155
6 4 4 4 155
4 4 0 6 155
3 5 0 0 156
5 3 3 0 156
3 5 0 5 156
6 4 3 3 156
5 3 3 7 156
6 4 0 0 157
4 6 0 4 157
6 4 4 4 157
4 4 6 0 157
3 5 0 0 158
3 5 0 5 158
3 5 3 0 158
4 6 6 0 158
3 5 3 5 158
4 4 6 6 158
5 3 0 0 159
6 4 0 3 159
8 3 0 7 159
5 3 5 0 159
4 4 6 3 159
4 6 0 0 160
4 6 4 0 160
6 4 0 6 160
4 4 6 6 160
5 3 0 0 161
3 5 0 3 161
5 3 5 0 161
4 6 3 3 161
3 5 7 3 161
6 4 0 0 162
6 4 0 4 162
3 7 6 0 162
5 3 0 0 163
3 5 0 3 163
7 3 3 3 163
7 3 3 6 163
3 5 0 0 164
3 7 3 0 164
3 7 6 0 164
7 3 3 7 164
3 7 0 0 165
3 7 3 0 165
3 7 6 0 165
8 3 0 7 165
7 3 0 0 166
3 7 0 3 166
7 3 3 3 166
7 3 3 6 166
3 7 0 0 167
3 7 3 0 167
2 8 6 0 167
6 3 0 7 167
4 4 0 0 168
4 4 4 0 168
4 4 0 4 168
4 4 4 4 168
7 3 0 0 169
7 3 0 3 169
5 4 0 6 169
4 4 5 6 169
3 6 7 0 169
5 4 0 0 170
4 5 0 4 170
4 4 5 0 170
4 5 4 4 170
4 4 0 0 171
4 4 4 0 171
4 5 0 4 171
4 4 4 4 171
5 4 0 0 172
4 5 0 4 172
4 4 5 0 172
5 4 4 4 172
4 4 0 0 173
4 4 4 0 173
5 4 0 4 173
4 4 5 4 173
4 5 0 0 174
5 4 4 0 174
4 4 0 5 174
4 5 4 4 174
4 4 0 0 175
4 4 4 0 175
5 4 0 4 175
4 4 5 4 175
4 5 0 0 176
4 5 0 5 176
3 7 4 0 176
3 6 7 0 176
4 4 0 0 177
4 4 4 0 177
4 4 0 4 177
5 4 4 4 177
5 4 0 0 178
4 5 0 4 178
5 4 5 0 178
4 4 4 4 178
4 4 0 0 179
4 4 4 0 179
4 4 0 4 179
4 5 4 4 179
5 4 0 0 180
4 5 0 4 180
4 5 4 4 180
4 4 5 0 180
4 4 0 0 181
4 4 4 0 181
4 4 0 4 181
5 4 4 4 181
5 4 0 0 182
4 5 0 4 182
5 4 5 0 182
4 4 4 4 182
6 3 0 0 183
6 3 0 3 183
4 5 6 0 183
5 4 0 6 183
5 4 5 6 183
3 6 0 0 184
6 3 3 0 184
4 5 3 3 184
3 6 7 3 184
4 5 0 0 185
5 4 4 0 185
5 4 4 4 185
4 5 0 5 185
6 3 0 0 186
6 3 0 3 186
4 5 6 0 186
5 4 0 6 186
5 4 5 6 186
6 3 0 0 187
6 3 0 3 187
4 5 6 0 187
5 4 0 6 187
5 4 5 6 187
3 6 0 0 188
6 3 3 0 188
4 5 3 3 188
3 6 7 3 188
4 5 0 0 189
5 4 4 0 189
4 5 0 5 189
6 3 4 4 189
6 3 4 7 189
3 6 0 0 190
3 6 3 0 190
5 4 0 6 190
4 5 6 0 190
4 5 6 5 190
3 6 0 0 191
3 6 3 0 191
5 4 0 6 191
3 6 6 0 191
5 4 5 6 191
5 4 0 0 192
5 4 5 0 192
5 4 0 4 192
3 6 5 4 192
3 6 0 0 193
6 3 3 0 193
6 3 3 3 193
5 4 0 6 193
5 4 5 6 193
4 5 0 0 194
5 4 4 0 194
5 4 4 4 194
4 5 0 5 194
3 6 0 0 195
3 6 3 0 195
3 6 6 0 195
5 4 0 6 195
5 4 5 6 195
4 5 0 0 196
5 4 4 0 196
4 5 0 5 196
3 6 4 4 196
3 6 7 4 196
3 6 0 0 197
6 3 3 0 197
6 3 3 3 197
5 4 0 6 197
5 4 5 6 197
5 4 0 0 198
4 5 0 4 198
4 5 4 4 198
5 4 5 0 198
3 6 0 0 199
3 6 3 0 199
3 6 6 0 199
5 4 0 6 199
5 4 5 6 199
6 3 0 0 200
6 3 0 3 200
4 5 6 0 200
5 4 0 6 200
5 4 5 6 200
4 5 0 0 201
4 5 0 5 201
4 5 4 0 201
4 5 4 5 201
3 6 0 0 202
3 6 3 0 202
3 6 6 0 202
6 3 0 6 202
4 5 0 0 203
4 5 0 5 203
4 5 4 0 203
6 3 4 5 203
6 3 0 0 204
5 4 0 3 204
3 6 5 3 204
5 4 0 0 205
4 5 0 4 205
4 5 4 4 205
5 4 5 0 205
5 4 0 0 206
4 5 0 4 206
4 5 4 4 206
5 4 5 0 206
5 4 0 0 207
4 5 0 4 207
5 4 5 0 207
4 5 4 4 207
5 4 0 0 208
5 4 5 0 208
5 4 0 4 208
4 5 5 4 208
5 4 0 0 209
4 5 0 4 209
4 5 4 4 209
5 4 5 0 209
4 5 0 0 210
4 5 0 5 210
5 4 4 0 210
5 4 4 4 210
5 4 0 0 211
5 4 5 0 211
4 5 0 4 211
4 5 4 4 211
5 4 0 0 212
4 5 0 4 212
5 4 5 0 212
5 4 4 4 212
4 5 0 0 213
5 4 4 0 213
5 4 4 4 213
4 5 0 5 213
4 5 0 0 214
4 5 0 5 214
5 4 4 0 214
5 4 4 4 214
5 4 0 0 215
4 5 0 4 215
5 4 5 0 215
4 5 4 4 215
5 4 0 0 216
4 5 0 4 216
4 5 4 4 216
4 5 0 0 217
