% State of a bin packing problem:
%
% Bin number: 425
% Total uncovered points: 11942
% Total covered points: 30558
% Number of boxes: 1000
% Unused boxes: 0
% Runtime: None
%
% Bin size:
10 10
%
% Boxes (width, height) not in some bins:
%
% Boxes (width, height, x_position, y_position, bin_id) in bins:
7 7 0 0 0
7 7 0 0 1
7 7 0 0 2
7 7 0 0 3
7 7 0 0 4
7 7 0 0 5
7 7 0 0 6
7 7 0 0 7
7 7 0 0 8
7 7 0 0 9
7 7 0 0 10
7 7 0 0 11
7 7 0 0 12
7 7 0 0 13
7 7 0 0 14
7 7 0 0 15
7 7 0 0 16
7 7 0 0 17
7 7 0 0 18
7 7 0 0 19
7 7 0 0 20
7 7 0 0 21
7 7 0 0 22
7 7 0 0 23
7 7 0 0 24
7 7 0 0 25
7 7 0 0 26
7 7 0 0 27
7 7 0 0 28
7 7 0 0 29
7 7 0 0 30
7 7 0 0 31
7 7 0 0 32
7 7 0 0 33
7 7 0 0 34
7 7 0 0 35
7 7 0 0 36
7 7 0 0 37
7 7 0 0 38
7 7 0 0 39
7 7 0 0 40
7 7 0 0 41
7 7 0 0 42
7 7 0 0 43
7 7 0 0 44
7 7 0 0 45
7 7 0 0 46
7 7 0 0 47
7 7 0 0 48
7 7 0 0 49
7 7 0 0 50
7 7 0 0 51
7 7 0 0 52
7 7 0 0 53
7 7 0 0 54
7 7 0 0 55
7 7 0 0 56
7 7 0 0 57
7 7 0 0 58
7 7 0 0 59
7 7 0 0 60
7 7 0 0 61
7 7 0 0 62
7 7 0 0 63
7 7 0 0 64
7 7 0 0 65
7 7 0 0 66
7 7 0 0 67
7 7 0 0 68
7 7 0 0 69
7 7 0 0 70
7 7 0 0 71
7 7 0 0 72
7 7 0 0 73
7 7 0 0 74
7 7 0 0 75
7 7 0 0 76
7 7 0 0 77
7 7 0 0 78
7 6 0 0 79
4 4 0 6 79
4 4 4 6 79
7 6 0 0 80
4 4 0 6 80
4 4 4 6 80
7 6 0 0 81
4 4 0 6 81
4 4 4 6 81
7 6 0 0 82
4 4 0 6 82
4 4 4 6 82
6 7 0 0 83
4 4 6 0 83
4 4 6 4 83
6 7 0 0 84
4 4 6 0 84
4 4 6 4 84
7 6 0 0 85
4 4 0 6 85
4 4 4 6 85
7 6 0 0 86
4 4 0 6 86
5 4 4 6 86
6 7 0 0 87
4 5 6 0 87
4 5 6 5 87
6 7 0 0 88
4 5 6 0 88
4 5 6 5 88
6 7 0 0 89
4 5 6 0 89
4 5 6 5 89
7 6 0 0 90
5 4 0 6 90
5 4 5 6 90
6 7 0 0 91
4 5 6 0 91
4 5 6 5 91
6 7 0 0 92
4 5 6 0 92
4 5 6 5 92
6 7 0 0 93
4 5 6 0 93
4 5 6 5 93
7 6 0 0 94
5 4 0 6 94
5 4 5 6 94
6 7 0 0 95
4 5 6 0 95
4 5 6 5 95
7 6 0 0 96
5 4 0 6 96
5 4 5 6 96
7 6 0 0 97
5 4 0 6 97
5 4 5 6 97
6 7 0 0 98
4 5 6 0 98
4 5 6 5 98
7 6 0 0 99
5 4 0 6 99
5 4 5 6 99
7 6 0 0 100
5 4 0 6 100
5 4 5 6 100
6 7 0 0 101
4 5 6 0 101
4 5 6 5 101
7 6 0 0 102
5 4 0 6 102
5 4 5 6 102
7 6 0 0 103
5 4 0 6 103
5 4 5 6 103
7 6 0 0 104
5 4 0 6 104
5 4 5 6 104
7 6 0 0 105
5 4 0 6 105
5 4 5 6 105
6 7 0 0 106
4 5 6 0 106
4 5 6 5 106
7 6 0 0 107
5 4 0 6 107
5 4 5 6 107
7 6 0 0 108
5 4 0 6 108
5 4 5 6 108
6 7 0 0 109
4 5 6 0 109
4 5 6 5 109
6 7 0 0 110
4 5 6 0 110
4 5 6 5 110
6 7 0 0 111
4 5 6 0 111
4 5 6 5 111
6 7 0 0 112
4 5 6 0 112
4 5 6 5 112
7 6 0 0 113
5 4 0 6 113
5 4 5 6 113
7 6 0 0 114
5 4 0 6 114
5 4 5 6 114
6 7 0 0 115
4 5 6 0 115
4 5 6 5 115
6 7 0 0 116
4 5 6 0 116
4 5 6 5 116
7 6 0 0 117
5 4 0 6 117
5 4 5 6 117
7 6 0 0 118
5 4 0 6 118
5 4 5 6 118
7 6 0 0 119
5 4 0 6 119
5 4 5 6 119
6 7 0 0 120
4 5 6 0 120
4 5 6 5 120
6 7 0 0 121
4 5 6 0 121
4 5 6 5 121
6 7 0 0 122
4 5 6 0 122
4 5 6 5 122
6 7 0 0 123
4 5 6 0 123
4 5 6 5 123
7 6 0 0 124
5 4 0 6 124
5 4 5 6 124
6 7 0 0 125
4 5 6 0 125
4 5 6 5 125
7 6 0 0 126
5 4 0 6 126
5 4 5 6 126
6 7 0 0 127
4 5 6 0 127
4 5 6 5 127
7 6 0 0 128
5 4 0 6 128
5 4 5 6 128
7 6 0 0 129
5 4 0 6 129
5 4 5 6 129
7 6 0 0 130
5 4 0 6 130
5 4 5 6 130
7 6 0 0 131
5 4 0 6 131
5 4 5 6 131
7 6 0 0 132
5 4 0 6 132
5 4 5 6 132
7 6 0 0 133
5 4 0 6 133
5 4 5 6 133
6 7 0 0 134
4 5 6 0 134
4 5 6 5 134
7 6 0 0 135
5 4 0 6 135
5 4 5 6 135
7 6 0 0 136
5 4 0 6 136
5 4 5 6 136
6 7 0 0 137
4 5 6 0 137
4 5 6 5 137
6 7 0 0 138
4 5 6 0 138
4 5 6 5 138
6 7 0 0 139
4 5 6 0 139
4 5 6 5 139
7 6 0 0 140
5 4 0 6 140
5 4 5 6 140
6 7 0 0 141
4 5 6 0 141
4 5 6 5 141
6 7 0 0 142
4 5 6 0 142
4 5 6 5 142
6 7 0 0 143
4 5 6 0 143
4 5 6 5 143
6 7 0 0 144
4 6 6 0 144
7 6 0 0 145
5 4 0 6 145
5 4 5 6 145
6 7 0 0 146
4 6 6 0 146
7 6 0 0 147
5 4 0 6 147
5 4 5 6 147
7 6 0 0 148
5 4 0 6 148
5 4 5 6 148
6 7 0 0 149
4 6 6 0 149
6 7 0 0 150
4 6 6 0 150
7 6 0 0 151
5 4 0 6 151
5 4 5 6 151
7 6 0 0 152
5 4 0 6 152
5 4 5 6 152
7 6 0 0 153
5 4 0 6 153
5 4 5 6 153
6 7 0 0 154
4 6 6 0 154
6 7 0 0 155
4 6 6 0 155
7 6 0 0 156
5 4 0 6 156
5 4 5 6 156
6 7 0 0 157
4 6 6 0 157
6 7 0 0 158
4 6 6 0 158
7 6 0 0 159
5 4 0 6 159
7 6 0 0 160
6 4 0 6 160
7 6 0 0 161
6 4 0 6 161
7 6 0 0 162
6 4 0 6 162
6 7 0 0 163
4 6 6 0 163
6 7 0 0 164
4 6 6 0 164
7 6 0 0 165
6 4 0 6 165
6 7 0 0 166
4 6 6 0 166
7 6 0 0 167
6 4 0 6 167
7 6 0 0 168
6 4 0 6 168
7 6 0 0 169
6 4 0 6 169
6 7 0 0 170
4 6 6 0 170
7 6 0 0 171
6 4 0 6 171
6 7 0 0 172
4 6 6 0 172
7 6 0 0 173
6 4 0 6 173
7 6 0 0 174
6 4 0 6 174
7 6 0 0 175
6 4 0 6 175
6 7 0 0 176
4 6 6 0 176
7 6 0 0 177
6 4 0 6 177
7 6 0 0 178
6 4 0 6 178
6 7 0 0 179
4 6 6 0 179
7 6 0 0 180
6 4 0 6 180
7 6 0 0 181
6 4 0 6 181
7 6 0 0 182
6 4 0 6 182
6 7 0 0 183
4 6 6 0 183
7 6 0 0 184
6 4 0 6 184
6 7 0 0 185
4 6 6 0 185
6 7 0 0 186
4 6 6 0 186
7 6 0 0 187
6 4 0 6 187
6 7 0 0 188
4 6 6 0 188
7 6 0 0 189
6 4 0 6 189
6 7 0 0 190
4 6 6 0 190
6 7 0 0 191
4 6 6 0 191
7 6 0 0 192
6 4 0 6 192
6 7 0 0 193
4 6 6 0 193
6 7 0 0 194
4 6 6 0 194
6 7 0 0 195
4 6 6 0 195
6 7 0 0 196
4 6 6 0 196
6 7 0 0 197
4 6 6 0 197
6 7 0 0 198
4 6 6 0 198
6 7 0 0 199
4 6 6 0 199
6 7 0 0 200
4 6 6 0 200
6 7 0 0 201
4 6 6 0 201
7 6 0 0 202
6 4 0 6 202
7 6 0 0 203
6 4 0 6 203
7 6 0 0 204
6 4 0 6 204
7 6 0 0 205
6 4 0 6 205
7 6 0 0 206
6 4 0 6 206
6 7 0 0 207
4 6 6 0 207
6 7 0 0 208
4 6 6 0 208
7 6 0 0 209
6 4 0 6 209
7 6 0 0 210
6 4 0 6 210
7 6 0 0 211
6 4 0 6 211
6 7 0 0 212
4 6 6 0 212
6 7 0 0 213
4 6 6 0 213
7 6 0 0 214
6 4 0 6 214
6 7 0 0 215
4 6 6 0 215
7 6 0 0 216
6 4 0 6 216
7 6 0 0 217
6 4 0 6 217
6 7 0 0 218
4 6 6 0 218
6 7 0 0 219
4 6 6 0 219
6 6 0 0 220
4 4 6 0 220
6 4 0 6 220
4 6 6 4 220
6 6 0 0 221
4 4 6 0 221
6 4 0 6 221
4 6 6 4 221
6 6 0 0 222
4 4 6 0 222
6 4 0 6 222
4 6 6 4 222
6 6 0 0 223
4 4 6 0 223
6 4 0 6 223
4 6 6 4 223
6 6 0 0 224
4 4 6 0 224
6 4 0 6 224
4 6 6 4 224
6 6 0 0 225
4 4 6 0 225
6 4 0 6 225
4 6 6 4 225
6 6 0 0 226
4 4 6 0 226
6 4 0 6 226
4 6 6 4 226
6 6 0 0 227
4 4 6 0 227
6 4 0 6 227
4 6 6 4 227
6 6 0 0 228
4 4 6 0 228
6 4 0 6 228
4 6 6 4 228
6 6 0 0 229
4 4 6 0 229
6 4 0 6 229
4 6 6 4 229
6 6 0 0 230
4 4 6 0 230
6 4 0 6 230
4 6 6 4 230
6 6 0 0 231
4 4 6 0 231
6 4 0 6 231
4 6 6 4 231
6 6 0 0 232
4 4 6 0 232
6 4 0 6 232
4 6 6 4 232
6 6 0 0 233
4 4 6 0 233
6 4 0 6 233
4 6 6 4 233
6 6 0 0 234
4 4 6 0 234
6 4 0 6 234
4 6 6 4 234
6 6 0 0 235
4 4 6 0 235
6 4 0 6 235
4 6 6 4 235
6 6 0 0 236
4 4 6 0 236
6 4 0 6 236
4 6 6 4 236
6 6 0 0 237
4 4 6 0 237
6 4 0 6 237
4 6 6 4 237
6 6 0 0 238
4 4 6 0 238
6 4 0 6 238
4 6 6 4 238
6 6 0 0 239
4 4 6 0 239
6 4 0 6 239
4 6 6 4 239
6 6 0 0 240
4 4 6 0 240
6 4 0 6 240
4 6 6 4 240
6 6 0 0 241
4 4 6 0 241
6 4 0 6 241
4 6 6 4 241
6 6 0 0 242
4 4 6 0 242
6 4 0 6 242
4 6 6 4 242
6 6 0 0 243
4 4 6 0 243
7 4 0 6 243
6 6 0 0 244
4 4 6 0 244
7 4 0 6 244
6 6 0 0 245
4 4 6 0 245
7 4 0 6 245
6 6 0 0 246
4 4 6 0 246
7 4 0 6 246
6 6 0 0 247
4 4 6 0 247
7 4 0 6 247
6 6 0 0 248
4 4 6 0 248
7 4 0 6 248
6 6 0 0 249
4 4 6 0 249
7 4 0 6 249
6 6 0 0 250
4 4 6 0 250
7 4 0 6 250
6 6 0 0 251
4 4 6 0 251
7 4 0 6 251
6 6 0 0 252
4 4 6 0 252
7 4 0 6 252
6 6 0 0 253
4 4 6 0 253
7 4 0 6 253
6 6 0 0 254
4 4 6 0 254
7 4 0 6 254
6 6 0 0 255
4 4 6 0 255
7 4 0 6 255
6 6 0 0 256
4 4 6 0 256
7 4 0 6 256
6 6 0 0 257
4 4 6 0 257
7 4 0 6 257
6 6 0 0 258
4 4 6 0 258
7 4 0 6 258
6 6 0 0 259
4 4 6 0 259
7 4 0 6 259
6 6 0 0 260
4 4 6 0 260
7 4 0 6 260
6 6 0 0 261
4 4 6 0 261
7 4 0 6 261
6 6 0 0 262
4 4 6 0 262
7 4 0 6 262
6 6 0 0 263
4 4 6 0 263
7 4 0 6 263
6 6 0 0 264
4 4 6 0 264
7 4 0 6 264
6 6 0 0 265
4 4 6 0 265
7 4 0 6 265
6 6 0 0 266
4 4 6 0 266
7 4 0 6 266
6 6 0 0 267
4 4 6 0 267
7 4 0 6 267
6 6 0 0 268
4 4 6 0 268
7 4 0 6 268
6 6 0 0 269
4 4 6 0 269
7 4 0 6 269
6 6 0 0 270
4 4 6 0 270
7 4 0 6 270
6 6 0 0 271
4 4 6 0 271
7 4 0 6 271
6 6 0 0 272
4 4 6 0 272
7 4 0 6 272
6 6 0 0 273
4 4 6 0 273
7 4 0 6 273
6 6 0 0 274
4 4 6 0 274
7 4 0 6 274
6 6 0 0 275
4 4 6 0 275
7 4 0 6 275
7 5 0 0 276
7 5 0 5 276
5 7 0 0 277
5 7 5 0 277
4 6 0 0 278
4 6 4 0 278
7 4 0 6 278
7 5 0 0 279
7 5 0 5 279
5 7 0 0 280
5 7 5 0 280
5 7 0 0 281
5 7 5 0 281
4 6 0 0 282
5 7 4 0 282
7 5 0 0 283
7 5 0 5 283
7 5 0 0 284
7 5 0 5 284
5 7 0 0 285
5 7 5 0 285
5 7 0 0 286
5 7 5 0 286
4 6 0 0 287
5 7 4 0 287
5 7 0 0 288
5 7 5 0 288
7 5 0 0 289
7 5 0 5 289
7 5 0 0 290
7 5 0 5 290
4 6 0 0 291
5 7 4 0 291
5 7 0 0 292
5 7 5 0 292
7 5 0 0 293
7 5 0 5 293
5 7 0 0 294
5 7 5 0 294
5 5 0 0 295
5 5 5 0 295
7 5 0 5 295
5 7 0 0 296
4 6 5 0 296
5 5 0 0 297
5 5 5 0 297
5 5 0 5 297
5 5 5 5 297
5 7 0 0 298
5 7 5 0 298
5 7 0 0 299
5 7 5 0 299
5 5 0 0 300
5 5 5 0 300
5 5 0 5 300
5 5 5 5 300
5 7 0 0 301
5 7 5 0 301
7 5 0 0 302
7 5 0 5 302
5 7 0 0 303
5 7 5 0 303
5 5 0 0 304
5 5 5 0 304
7 5 0 5 304
5 5 0 0 305
5 5 5 0 305
7 5 0 5 305
5 5 0 0 306
5 5 5 0 306
7 5 0 5 306
5 7 0 0 307
5 7 5 0 307
5 5 0 0 308
5 5 5 0 308
5 5 0 5 308
5 5 5 5 308
5 7 0 0 309
5 7 5 0 309
7 5 0 0 310
7 5 0 5 310
5 5 0 0 311
5 5 5 0 311
5 5 0 5 311
5 5 5 5 311
7 5 0 0 312
7 5 0 5 312
5 7 0 0 313
5 7 5 0 313
7 5 0 0 314
7 5 0 5 314
5 5 0 0 315
5 5 5 0 315
5 5 0 5 315
5 5 5 5 315
7 5 0 0 316
7 5 0 5 316
5 7 0 0 317
5 7 5 0 317
5 5 0 0 318
5 5 5 0 318
5 5 0 5 318
5 5 5 5 318
5 7 0 0 319
5 7 5 0 319
5 7 0 0 320
5 7 5 0 320
7 5 0 0 321
7 5 0 5 321
5 5 0 0 322
5 5 5 0 322
5 5 0 5 322
5 5 5 5 322
5 7 0 0 323
5 7 5 0 323
7 5 0 0 324
5 5 0 5 324
5 5 5 5 324
5 7 0 0 325
5 7 5 0 325
5 7 0 0 326
5 7 5 0 326
5 7 0 0 327
5 7 5 0 327
7 5 0 0 328
7 5 0 5 328
5 5 0 0 329
5 5 5 0 329
5 5 0 5 329
5 5 5 5 329
5 7 0 0 330
5 5 5 0 330
5 5 5 5 330
7 5 0 0 331
7 5 0 5 331
7 5 0 0 332
7 5 0 5 332
7 5 0 0 333
7 5 0 5 333
5 7 0 0 334
5 7 5 0 334
4 7 0 0 335
4 7 4 0 335
5 7 0 0 336
5 7 5 0 336
5 7 0 0 337
5 7 5 0 337
7 5 0 0 338
5 5 0 5 338
5 7 0 0 339
4 7 5 0 339
7 5 0 0 340
7 5 0 5 340
7 5 0 0 341
7 5 0 5 341
5 7 0 0 342
5 7 5 0 342
4 7 0 0 343
4 7 4 0 343
5 7 0 0 344
5 7 5 0 344
5 7 0 0 345
4 7 5 0 345
7 5 0 0 346
6 5 0 5 346
5 6 0 0 347
5 6 5 0 347
7 4 0 6 347
4 7 0 0 348
4 7 4 0 348
6 5 0 0 349
6 5 0 5 349
4 7 6 0 349
5 6 0 0 350
5 6 5 0 350
7 4 0 6 350
6 5 0 0 351
6 5 0 5 351
4 7 6 0 351
6 5 0 0 352
6 5 0 5 352
4 7 6 0 352
5 6 0 0 353
5 6 5 0 353
7 4 0 6 353
4 7 0 0 354
4 7 4 0 354
5 6 0 0 355
5 6 5 0 355
7 4 0 6 355
4 7 0 0 356
4 7 4 0 356
5 6 0 0 357
5 6 5 0 357
7 4 0 6 357
4 7 0 0 358
5 6 4 0 358
5 6 0 0 359
5 6 5 0 359
7 4 0 6 359
4 7 0 0 360
4 7 4 0 360
5 6 0 0 361
5 6 5 0 361
7 4 0 6 361
6 5 0 0 362
6 5 0 5 362
4 7 6 0 362
4 7 0 0 363
5 6 4 0 363
5 6 0 0 364
5 6 5 0 364
7 4 0 6 364
4 7 0 0 365
4 7 4 0 365
5 6 0 0 366
5 6 5 0 366
7 4 0 6 366
6 5 0 0 367
6 5 0 5 367
4 7 6 0 367
6 5 0 0 368
6 5 0 5 368
4 7 6 0 368
5 6 0 0 369
5 6 5 0 369
7 4 0 6 369
6 5 0 0 370
6 5 0 5 370
4 7 6 0 370
4 7 0 0 371
4 7 4 0 371
6 5 0 0 372
6 5 0 5 372
4 7 6 0 372
5 6 0 0 373
5 6 5 0 373
7 4 0 6 373
4 7 0 0 374
5 6 4 0 374
5 6 0 0 375
5 6 5 0 375
7 4 0 6 375
4 7 0 0 376
5 6 4 0 376
6 5 0 0 377
6 5 0 5 377
4 7 6 0 377
5 6 0 0 378
5 6 5 0 378
7 4 0 6 378
6 5 0 0 379
6 5 0 5 379
4 7 6 0 379
4 7 0 0 380
4 7 4 0 380
6 5 0 0 381
6 5 0 5 381
4 7 6 0 381
5 6 0 0 382
5 6 5 0 382
7 4 0 6 382
5 6 0 0 383
5 6 5 0 383
7 4 0 6 383
6 5 0 0 384
6 5 0 5 384
4 7 6 0 384
4 7 0 0 385
4 7 4 0 385
5 6 0 0 386
5 6 5 0 386
7 4 0 6 386
6 5 0 0 387
6 5 0 5 387
4 7 6 0 387
5 6 0 0 388
5 6 5 0 388
7 4 0 6 388
4 7 0 0 389
4 7 4 0 389
5 6 0 0 390
5 6 5 0 390
7 4 0 6 390
6 5 0 0 391
6 5 0 5 391
4 7 6 0 391
4 7 0 0 392
4 7 4 0 392
5 6 0 0 393
5 6 5 0 393
7 4 0 6 393
6 5 0 0 394
6 5 0 5 394
4 7 6 0 394
5 6 0 0 395
5 6 5 0 395
7 4 0 6 395
6 5 0 0 396
6 5 0 5 396
4 7 6 0 396
5 6 0 0 397
5 6 5 0 397
7 4 0 6 397
4 7 0 0 398
4 7 4 0 398
5 6 0 0 399
5 6 5 0 399
7 4 0 6 399
4 7 0 0 400
4 7 4 0 400
6 5 0 0 401
6 5 0 5 401
4 7 6 0 401
5 6 0 0 402
5 6 5 0 402
7 4 0 6 402
6 5 0 0 403
6 5 0 5 403
4 7 6 0 403
5 6 0 0 404
5 6 5 0 404
7 4 0 6 404
6 5 0 0 405
6 5 0 5 405
4 7 6 0 405
6 5 0 0 406
6 5 0 5 406
4 7 6 0 406
5 6 0 0 407
4 7 5 0 407
4 7 0 0 408
4 7 4 0 408
5 6 0 0 409
5 6 5 0 409
7 4 0 6 409
5 6 0 0 410
5 6 5 0 410
7 4 0 6 410
6 5 0 0 411
6 5 0 5 411
4 7 6 0 411
5 6 0 0 412
5 6 5 0 412
7 4 0 6 412
6 5 0 0 413
6 5 0 5 413
4 7 6 0 413
5 6 0 0 414
5 6 5 0 414
7 4 0 6 414
4 7 0 0 415
4 7 4 0 415
5 6 0 0 416
5 6 5 0 416
7 4 0 6 416
6 5 0 0 417
6 5 0 5 417
4 7 6 0 417
7 4 0 0 418
7 4 0 4 418
6 5 0 0 419
6 5 0 5 419
4 7 6 0 419
5 6 0 0 420
5 6 5 0 420
7 4 0 6 420
7 4 0 0 421
5 6 0 4 421
5 6 5 4 421
5 6 0 0 422
5 6 5 0 422
7 4 0 6 422
6 5 0 0 423
6 5 0 5 423
5 6 0 0 424
