% State of a bin packing problem:
%
% Bin number: 155
% Total uncovered points: 500
% Total covered points: 15000
% Number of boxes: 2000
% Unused boxes: 0
% Runtime: None
%
% Bin size:
10 10
%
% Boxes (width, height) not in some bins:
%
% Boxes (width, height, x_position, y_position, bin_id) in bins:
3 6 0 0 0
3 6 3 0 0
2 1 6 0 0
1 2 8 0 0
1 2 9 0 0
2 1 6 1 0
2 1 6 2 0
2 1 8 2 0
1 2 6 3 0
2 1 6 5 0
1 2 7 3 0
2 1 8 3 0
2 1 8 4 0
2 1 8 5 0
1 2 0 6 0
1 2 0 8 0
2 1 1 6 0
1 2 1 7 0
2 1 1 9 0
2 1 2 7 0
2 1 3 6 0
1 2 3 8 0
1 2 4 7 0
2 1 4 9 0
1 2 5 6 0
1 2 6 6 0
1 2 6 8 0
1 2 7 6 0
1 2 7 8 0
1 2 8 6 0
2 1 8 8 0
1 2 9 6 0
2 1 8 9 0
2 1 0 0 1
2 1 2 0 1
1 2 4 0 1
3 6 0 1 1
3 6 5 0 1
1 2 3 1 1
1 2 4 2 1
1 2 3 3 1
1 2 4 4 1
2 1 8 0 1
2 1 8 1 1
1 2 3 5 1
2 1 8 2 1
2 1 8 3 1
2 1 8 4 1
2 1 8 5 1
2 1 4 6 1
2 1 6 6 1
2 1 8 6 1
2 1 0 7 1
1 2 0 8 1
1 2 1 8 1
2 1 2 7 1
2 1 2 8 1
2 1 2 9 1
1 2 4 7 1
2 1 4 9 1
1 2 5 7 1
1 2 6 7 1
2 1 6 9 1
2 1 8 7 1
2 1 7 8 1
1 2 9 8 1
3 6 0 0 2
3 6 3 0 2
3 6 6 0 2
1 2 9 0 2
1 2 9 2 2
1 2 9 4 2
2 1 0 6 2
1 2 0 7 2
2 1 0 9 2
2 1 1 7 2
1 2 2 8 2
2 1 2 6 2
1 2 3 7 2
1 2 4 6 2
2 1 3 9 2
2 1 4 8 2
2 1 5 9 2
1 2 5 6 2
1 2 7 6 2
1 2 6 6 2
1 2 7 8 2
1 2 8 6 2
2 1 8 8 2
2 1 8 9 2
1 2 9 6 2
2 1 0 0 3
2 1 2 0 3
2 1 4 0 3
3 6 6 0 3
3 6 0 1 3
3 6 3 1 3
1 2 9 0 3
1 2 9 2 3
1 2 9 4 3
2 1 6 6 3
2 1 8 6 3
2 1 0 7 3
1 2 0 8 3
1 2 1 8 3
2 1 2 7 3
1 2 2 8 3
4 1 3 8 3
2 2 7 7 3
4 1 3 9 3
3 6 0 0 4
3 6 3 0 4
3 6 6 0 4
1 2 9 0 4
1 2 9 2 4
1 2 9 4 4
2 2 0 6 4
2 2 0 8 4
2 2 2 6 4
2 2 2 8 4
1 4 4 6 4
1 4 5 6 4
2 2 6 6 4
2 2 8 6 4
2 2 6 8 4
2 2 8 8 4
4 1 0 0 5
1 4 4 0 5
1 4 0 1 5
3 6 1 1 5
3 6 4 4 5
3 6 7 0 5
4 1 0 7 5
2 2 5 0 5
4 1 0 8 5
2 2 5 2 5
2 2 7 6 5
2 2 7 8 5
1 4 9 6 5
4 1 0 9 5
3 6 0 0 6
3 6 3 0 6
3 6 6 0 6
1 4 9 0 6
2 2 0 6 6
2 2 0 8 6
1 4 9 4 6
1 4 2 6 6
2 2 3 8 6
2 2 5 8 6
2 2 7 8 6
2 2 3 6 6
2 2 5 6 6
2 2 7 6 6
3 6 0 0 7
3 6 3 0 7
4 1 6 0 7
4 1 6 1 7
1 4 6 2 7
1 4 7 2 7
1 4 8 2 7
1 4 9 2 7
2 2 0 6 7
4 1 0 8 7
2 2 2 6 7
2 2 4 6 7
2 2 4 8 7
2 2 6 6 7
4 1 0 9 7
2 2 8 6 7
2 2 6 8 7
2 2 8 8 7
1 4 0 0 8
1 4 0 4 8
2 2 0 8 8
3 6 1 0 8
3 6 4 0 8
3 6 7 0 8
4 1 1 6 8
2 2 5 6 8
2 2 2 7 8
1 4 7 6 8
4 1 2 9 8
2 2 8 6 8
2 2 8 8 8
3 6 0 0 9
3 6 3 0 9
3 6 6 0 9
1 4 9 0 9
1 4 9 4 9
4 1 0 8 9
2 2 4 8 9
2 2 6 8 9
2 2 8 8 9
2 2 0 6 9
2 2 2 6 9
2 2 4 6 9
2 2 6 6 9
4 1 0 9 9
3 6 0 0 10
3 6 3 0 10
2 2 6 0 10
1 4 8 0 10
1 4 9 0 10
1 4 6 2 10
1 4 7 2 10
2 2 8 4 10
2 2 0 6 10
2 2 0 8 10
2 2 2 6 10
2 2 2 8 10
2 2 4 6 10
1 4 6 6 10
2 2 4 8 10
2 2 7 6 10
2 2 7 8 10
1 4 9 6 10
2 2 0 0 11
2 2 2 0 11
2 2 4 0 11
3 6 6 0 11
3 6 0 2 11
3 6 3 2 11
4 1 6 6 11
4 1 6 7 11
2 2 0 8 11
2 2 2 8 11
4 1 4 8 11
2 2 8 8 11
1 4 9 0 11
4 1 4 9 11
3 6 0 0 12
3 6 3 0 12
3 6 6 0 12
2 2 0 6 12
2 2 0 8 12
4 1 2 6 12
1 4 9 0 12
2 2 6 6 12
2 2 8 6 12
2 2 2 7 12
2 2 4 7 12
2 2 6 8 12
2 2 8 8 12
4 1 2 9 12
2 2 0 0 13
2 2 2 0 13
3 6 4 0 13
3 6 7 0 13
3 6 0 2 13
1 4 3 2 13
2 2 0 8 13
4 1 2 8 13
2 2 3 6 13
2 2 5 6 13
2 2 6 8 13
1 4 8 6 13
4 1 2 9 13
1 4 9 6 13
3 6 0 0 14
3 6 3 0 14
3 6 6 0 14
2 2 0 6 14
4 1 0 8 14
2 2 2 6 14
2 2 4 6 14
2 2 4 8 14
1 4 9 0 14
2 2 6 6 14
1 4 9 4 14
4 1 0 9 14
4 1 6 8 14
4 1 6 9 14
2 2 0 0 15
4 1 2 0 15
4 1 6 0 15
3 6 2 1 15
3 6 5 1 15
4 1 0 7 15
2 2 0 2 15
2 2 0 4 15
2 2 8 1 15
2 2 8 3 15
2 2 8 5 15
2 2 4 7 15
2 2 0 8 15
2 2 2 8 15
4 1 4 9 15
2 2 8 7 15
2 2 6 7 15
3 6 0 0 16
3 6 3 0 16
3 6 6 0 16
1 4 9 0 16
1 4 9 4 16
2 2 0 8 16
1 4 2 6 16
4 1 3 8 16
4 1 3 9 16
2 2 0 6 16
1 4 7 6 16
2 2 8 8 16
2 2 3 6 16
2 2 5 6 16
2 2 0 0 17
2 2 2 0 17
2 2 4 0 17
3 6 6 0 17
3 6 0 2 17
3 6 3 2 17
4 1 6 6 17
2 2 6 7 17
2 2 8 7 17
2 2 0 8 17
1 4 9 0 17
4 1 2 8 17
4 1 2 9 17
4 1 6 9 17
3 6 0 0 18
3 6 3 0 18
3 6 6 0 18
2 2 0 6 18
2 2 0 8 18
1 4 9 0 18
1 4 9 4 18
1 4 2 6 18
1 4 3 6 18
2 2 4 8 18
2 2 6 8 18
1 4 8 6 18
2 2 4 6 18
2 2 6 6 18
4 1 0 0 19
1 4 4 0 19
4 1 0 1 19
3 6 0 2 19
3 6 3 4 19
3 6 6 0 19
2 2 0 8 19
2 2 6 6 19
2 2 8 6 19
1 4 5 0 19
1 4 9 0 19
2 2 6 8 19
2 2 8 8 19
3 6 0 0 20
3 6 3 0 20
3 6 6 0 20
1 4 9 0 20
1 4 9 4 20
1 4 0 6 20
1 4 1 6 20
4 1 2 8 20
2 2 6 8 20
1 4 8 6 20
4 1 2 9 20
2 2 2 6 20
2 2 4 6 20
2 2 6 6 20
1 4 0 0 21
1 4 0 4 21
3 6 1 0 21
3 6 4 0 21
3 6 7 0 21
4 1 0 8 21
2 2 1 6 21
2 2 3 6 21
2 2 4 8 21
2 2 5 6 21
4 1 0 9 21
2 2 6 8 21
2 2 7 6 21
1 4 9 6 21
3 6 0 0 22
3 6 3 0 22
3 6 6 0 22
1 4 9 0 22
1 4 9 4 22
2 2 0 8 22
1 4 2 6 22
2 2 0 6 22
2 2 3 8 22
1 4 5 6 22
2 2 3 6 22
1 4 6 6 22
1 4 7 6 22
2 2 8 8 22
2 2 0 0 23
2 2 2 0 23
1 4 4 0 23
3 6 0 2 23
3 6 3 4 23
3 6 6 0 23
2 2 0 8 23
4 1 6 6 23
4 1 6 7 23
2 2 6 8 23
1 4 5 0 23
2 2 8 8 23
1 4 9 0 23
3 6 0 0 24
3 6 3 0 24
3 6 6 0 24
2 2 0 6 24
2 2 0 8 24
2 2 2 6 24
2 2 2 8 24
1 4 9 0 24
2 2 4 6 24
2 2 4 8 24
2 2 6 6 24
4 1 6 8 24
1 4 9 4 24
4 1 6 9 24
2 2 0 0 25
1 4 2 0 25
2 2 0 2 25
3 6 0 4 25
3 6 3 0 25
3 6 6 0 25
1 4 9 0 25
4 1 3 6 25
2 2 7 6 25
1 4 9 4 25
2 2 3 7 25
2 2 5 7 25
4 1 3 9 25
2 2 7 8 25
3 6 0 0 26
3 6 3 0 26
3 6 6 0 26
1 4 9 0 26
4 1 0 6 26
2 2 4 6 26
2 2 0 7 26
2 2 2 7 26
2 2 4 8 26
1 4 9 4 26
2 2 6 8 26
2 2 8 8 26
2 2 6 6 26
4 1 0 9 26
3 6 0 0 27
3 6 3 0 27
2 2 6 0 27
2 2 8 0 27
1 4 6 2 27
1 4 7 2 27
2 2 8 2 27
4 1 0 6 27
2 2 8 4 27
2 2 4 6 27
2 2 0 7 27
2 2 2 7 27
1 4 6 6 27
1 4 7 6 27
2 2 4 8 27
2 2 8 6 27
4 1 0 9 27
2 2 8 8 27
4 1 0 0 28
4 1 4 0 28
1 4 8 0 28
3 6 0 4 28
3 6 3 4 28
3 6 6 4 28
1 4 9 0 28
1 4 9 4 28
2 2 0 1 28
2 2 2 1 28
2 2 4 1 28
2 2 6 1 28
4 1 0 3 28
4 1 4 3 28
3 6 0 0 29
3 6 3 0 29
3 6 6 0 29
1 4 9 0 29
2 2 0 6 29
2 2 0 8 29
2 2 2 6 29
2 2 2 8 29
2 2 4 6 29
4 1 4 8 29
2 2 8 6 29
2 2 8 8 29
4 1 4 9 29
2 2 6 6 29
2 2 0 0 30
1 4 2 0 30
2 2 0 2 30
3 6 0 4 30
3 6 3 0 30
3 6 6 0 30
2 2 3 6 30
2 2 3 8 30
1 4 9 0 30
1 4 9 4 30
4 1 5 8 30
2 2 5 6 30
2 2 7 6 30
4 1 5 9 30
3 6 0 0 31
3 6 3 0 31
3 6 6 0 31
1 4 9 0 31
2 2 0 6 31
1 4 9 4 31
2 2 0 8 31
2 2 2 8 31
2 2 4 8 31
1 4 6 6 31
1 4 7 6 31
1 4 8 6 31
2 2 2 6 31
2 2 4 6 31
2 2 0 0 32
4 1 2 0 32
2 2 6 0 32
3 6 2 1 32
3 6 5 2 32
4 1 0 7 32
1 4 0 2 32
2 2 8 0 32
2 2 8 2 32
4 1 0 8 32
2 2 8 4 32
2 2 8 6 32
1 4 1 2 32
2 2 4 8 32
2 2 6 8 32
2 2 8 8 32
4 1 0 9 32
3 6 0 0 33
3 6 3 0 33
3 6 6 0 33
1 4 9 0 33
1 4 9 4 33
1 4 0 6 33
2 2 1 8 33
4 1 3 8 33
4 1 3 9 33
2 2 7 8 33
2 2 1 6 33
2 2 3 6 33
2 2 5 6 33
2 2 7 6 33
3 6 0 0 34
3 6 3 0 34
1 4 6 0 34
2 2 6 4 34
2 2 7 0 34
2 2 7 2 34
2 2 8 4 34
2 2 0 6 34
1 4 9 0 34
1 4 2 6 34
1 4 3 6 34
2 2 0 8 34
1 4 4 6 34
2 2 5 6 34
1 4 7 6 34
2 2 5 8 34
1 4 8 6 34
1 4 9 6 34
2 2 0 0 35
2 2 2 0 35
3 6 4 0 35
3 6 7 0 35
3 6 0 2 35
5 3 3 6 35
2 2 0 8 35
4 1 2 9 35
2 2 8 6 35
2 2 8 8 35
1 4 3 2 35
5 3 0 0 36
5 3 5 0 36
5 3 0 3 36
2 2 5 3 36
1 4 7 3 36
2 2 5 5 36
4 1 0 6 36
2 2 8 3 36
2 2 8 5 36
1 4 4 6 36
2 2 0 7 36
2 2 2 7 36
5 3 5 7 36
4 1 0 9 36
1 4 0 0 37
2 2 0 4 37
1 4 1 0 37
5 3 0 6 37
5 3 2 0 37
5 3 2 3 37
5 3 5 6 37
1 4 7 0 37
1 4 8 0 37
2 2 7 4 37
4 1 0 9 37
1 4 9 0 37
4 1 4 9 37
5 3 0 0 38
5 3 5 0 38
5 3 0 3 38
2 2 5 3 38
2 2 7 3 38
2 2 5 5 38
1 4 9 3 38
4 1 0 6 38
4 1 0 7 38
2 2 7 5 38
4 1 4 7 38
2 2 8 7 38
2 2 0 8 38
2 2 2 8 38
2 2 4 8 38
2 2 6 8 38
5 3 0 0 39
5 3 5 0 39
1 4 0 3 39
1 4 1 3 39
1 4 2 3 39
4 1 0 7 39
4 1 0 8 39
1 4 3 3 39
2 2 4 3 39
2 2 6 3 39
1 4 8 3 39
2 2 4 7 39
2 2 4 5 39
1 4 9 3 39
1 4 6 5 39
2 2 7 7 39
4 1 0 9 39
4 1 4 9 39
1 4 0 0 40
2 2 0 4 40
2 2 1 0 40
5 3 0 6 40
5 3 2 2 40
5 3 5 5 40
1 4 7 0 40
4 1 3 0 40
1 4 8 0 40
4 1 3 1 40
2 2 5 8 40
2 2 7 8 40
1 4 9 0 40
4 1 0 9 40
5 3 0 0 41
5 3 5 0 41
5 3 0 3 41
2 2 5 3 41
2 2 7 3 41
2 2 5 5 41
2 2 7 5 41
2 2 0 6 41
4 1 0 8 41
4 1 2 7 41
2 2 6 7 41
2 2 4 8 41
2 2 8 7 41
1 4 9 3 41
4 1 0 9 41
4 1 6 9 41
2 2 0 0 42
1 4 2 0 42
2 2 0 2 42
5 3 0 4 42
5 3 3 0 42
5 3 0 7 42
5 3 5 3 42
5 3 5 6 42
2 2 8 0 42
4 1 5 9 42
5 3 0 0 43
5 3 5 0 43
5 3 0 3 43
2 2 5 3 43
2 2 7 3 43
2 2 5 5 43
2 2 7 5 43
1 4 9 3 43
1 4 0 6 43
2 2 1 6 43
2 2 3 6 43
2 2 5 7 43
2 2 1 8 43
2 2 3 8 43
2 2 7 7 43
4 1 5 9 43
1 4 0 0 44
1 4 0 4 44
5 3 1 0 44
5 3 1 3 44
5 3 1 6 44
1 4 6 0 44
2 2 6 4 44
2 2 7 0 44
2 2 7 2 44
2 2 8 4 44
2 2 6 6 44
2 2 8 6 44
2 2 6 8 44
2 2 8 8 44
1 4 9 0 44
4 1 0 9 44
5 3 0 0 45
5 3 5 0 45
5 3 0 3 45
2 2 5 3 45
2 2 7 3 45
2 2 5 5 45
2 2 7 5 45
1 4 9 3 45
2 2 0 6 45
1 4 2 6 45
2 2 0 8 45
2 2 3 6 45
2 2 3 8 45
2 2 5 7 45
2 2 7 7 45
4 1 5 9 45
1 4 0 0 46
1 4 0 4 46
5 3 1 0 46
5 3 1 3 46
5 3 1 6 46
1 4 6 0 46
1 4 6 4 46
1 4 7 0 46
2 2 6 8 46
2 2 7 4 46
2 2 7 6 46
2 2 8 8 46
1 4 9 0 46
1 4 9 4 46
4 1 0 9 46
1 4 8 0 46
5 3 0 0 47
5 3 5 0 47
5 3 0 3 47
2 2 5 3 47
2 2 7 3 47
2 2 5 5 47
1 4 9 3 47
2 2 7 5 47
2 2 0 6 47
2 2 2 6 47
2 2 4 7 47
2 2 0 8 47
2 2 2 8 47
2 2 6 7 47
2 2 8 7 47
4 1 4 9 47
5 3 0 0 48
5 3 5 0 48
2 2 0 3 48
2 2 0 5 48
2 2 0 7 48
2 2 2 3 48
2 2 2 5 48
4 1 0 9 48
4 1 2 7 48
2 2 4 8 48
2 2 4 3 48
2 2 4 5 48
4 1 6 3 48
2 2 6 4 48
2 2 8 4 48
2 2 6 6 48
2 2 8 6 48
2 2 6 8 48
2 2 8 8 48
1 4 0 0 49
1 4 0 4 49
5 3 1 0 49
5 3 1 3 49
5 3 1 6 49
4 1 0 9 49
2 2 6 0 49
2 2 8 0 49
2 2 6 2 49
2 2 8 2 49
2 2 6 4 49
2 2 8 4 49
2 2 6 6 49
4 1 4 9 49
4 1 6 8 49
2 2 8 6 49
5 3 0 0 50
5 3 5 0 50
5 3 0 3 50
2 2 5 3 50
2 2 7 3 50
2 2 5 5 50
1 4 9 3 50
2 2 7 5 50
2 2 0 6 50
1 4 2 6 50
2 2 0 8 50
2 2 3 6 50
2 2 3 8 50
2 2 5 7 50
2 2 7 7 50
4 1 5 9 50
1 4 0 0 51
1 4 0 4 51
5 3 1 0 51
5 3 1 3 51
5 3 1 6 51
2 2 6 0 51
2 2 8 0 51
2 2 6 2 51
2 2 8 2 51
2 2 6 4 51
2 2 8 4 51
2 2 6 6 51
2 2 8 6 51
2 2 6 8 51
2 2 8 8 51
4 1 0 9 51
5 3 0 0 52
5 3 5 0 52
5 3 0 3 52
1 4 5 3 52
2 2 0 6 52
2 2 2 6 52
2 2 4 7 52
1 4 6 3 52
2 2 0 8 52
1 4 7 3 52
2 2 2 8 52
1 4 8 3 52
2 2 6 7 52
2 2 8 7 52
1 4 9 3 52
4 1 4 9 52
5 3 0 0 53
5 3 5 0 53
1 4 0 3 53
2 2 0 7 53
1 4 1 3 53
2 2 2 3 53
2 2 2 5 53
2 2 2 7 53
2 2 4 3 53
2 2 6 3 53
1 4 8 3 53
1 4 9 3 53
2 2 4 7 53
2 2 4 5 53
2 2 6 5 53
2 2 6 7 53
5 1 0 9 53
5 1 5 9 53
5 1 0 0 54
5 1 5 0 54
1 5 0 1 54
5 3 0 6 54
5 3 5 1 54
5 3 5 4 54
5 3 5 7 54
1 5 1 1 54
5 1 0 9 54
1 5 2 1 54
1 5 3 1 54
1 5 4 1 54
5 3 0 0 55
5 3 5 0 55
5 3 0 3 55
5 1 5 3 55
1 5 5 4 55
5 1 0 9 55
5 1 5 9 55
1 5 6 4 55
1 5 7 4 55
1 5 8 4 55
5 1 0 6 55
5 1 0 7 55
5 1 0 8 55
1 5 9 4 55
1 5 0 0 56
5 1 0 5 56
5 1 0 6 56
5 3 0 7 56
5 3 1 0 56
5 3 5 3 56
5 3 5 6 56
5 1 5 9 56
3 2 1 3 56
2 3 6 0 56
2 3 8 0 56
5 3 0 0 57
5 3 5 0 57
5 3 0 3 57
5 1 5 3 57
5 1 5 4 57
5 1 5 5 57
5 1 0 6 57
5 3 5 6 57
5 3 0 7 57
5 1 5 9 57
1 5 0 0 58
1 5 0 5 58
1 5 1 0 58
5 3 1 5 58
5 3 2 0 58
1 5 6 3 58
5 1 1 8 58
5 1 1 9 58
1 5 7 0 58
1 5 7 5 58
1 5 8 0 58
1 5 9 0 58
1 5 8 5 58
1 5 9 5 58
3 2 2 3 58
5 3 0 0 59
5 3 5 0 59
5 3 0 3 59
5 1 5 3 59
5 1 5 4 59
1 5 5 5 59
1 5 6 5 59
5 1 0 6 59
5 1 0 7 59
1 5 7 5 59
1 5 8 5 59
1 5 9 5 59
5 1 0 8 59
5 1 0 9 59
1 5 0 0 60
1 5 0 5 60
5 3 1 0 60
5 3 1 3 60
5 3 1 6 60
5 1 1 9 60
1 5 6 0 60
1 5 6 5 60
1 5 7 0 60
1 5 7 5 60
1 5 8 0 60
1 5 9 0 60
1 5 8 5 60
1 5 9 5 60
5 3 0 0 61
5 3 5 0 61
5 3 0 3 61
1 5 5 3 61
5 1 0 6 61
5 1 0 7 61
1 5 6 3 61
5 1 0 8 61
1 5 7 3 61
1 5 8 3 61
5 1 5 8 61
1 5 9 3 61
5 1 0 9 61
5 1 5 9 61
5 3 0 0 62
5 3 5 0 62
5 1 0 3 62
5 1 5 3 62
5 1 0 4 62
5 1 5 4 62
1 5 0 5 62
1 5 1 5 62
1 5 2 5 62
5 1 3 5 62
1 5 8 5 62
1 5 9 5 62
5 1 3 6 62
5 3 3 7 62
1 5 0 0 63
1 5 0 5 63
1 5 1 0 63
5 3 1 5 63
5 3 2 0 63
1 5 6 3 63
1 5 7 0 63
5 1 1 8 63
1 5 7 5 63
5 1 1 9 63
1 5 8 0 63
1 5 9 0 63
1 5 8 5 63
1 5 9 5 63
3 2 2 3 63
5 3 0 0 64
5 3 5 0 64
5 3 0 3 64
5 1 5 3 64
5 1 5 4 64
5 1 5 5 64
5 1 0 6 64
5 1 5 6 64
5 1 0 7 64
5 1 5 7 64
5 1 0 8 64
5 1 5 8 64
5 1 0 9 64
5 1 5 9 64
5 3 0 0 65
5 3 5 0 65
1 5 0 3 65
1 5 1 3 65
1 5 2 3 65
5 1 0 8 65
5 1 0 9 65
1 5 5 3 65
1 5 3 3 65
5 1 5 8 65
1 5 4 3 65
1 5 6 3 65
5 1 5 9 65
1 5 7 3 65
1 5 8 3 65
1 5 9 3 65
5 1 0 0 66
5 1 5 0 66
5 1 0 1 66
5 3 5 1 66
5 3 0 2 66
5 3 5 4 66
5 3 0 5 66
5 3 5 7 66
5 1 0 8 66
5 1 0 9 66
5 3 0 0 67
6 2 0 3 67
5 3 5 0 67
1 5 6 3 67
1 5 7 3 67
5 1 0 8 67
1 5 5 5 67
5 1 0 9 67
5 1 0 5 67
5 1 0 6 67
5 1 0 7 67
1 5 8 3 67
1 5 9 3 67
3 2 6 8 67
6 2 0 0 68
6 2 0 2 68
5 1 0 4 68
1 5 5 4 68
1 5 0 5 68
5 1 1 9 68
1 5 6 0 68
1 5 6 5 68
1 5 7 0 68
1 5 7 5 68
1 5 8 0 68
1 5 9 0 68
1 5 8 5 68
1 5 9 5 68
2 3 1 5 68
2 3 3 5 68
6 2 0 0 69
6 2 0 2 69
5 1 0 4 69
5 1 5 4 69
5 1 0 5 69
5 1 5 5 69
5 1 0 6 69
5 1 5 6 69
5 1 0 7 69
5 1 5 7 69
6 2 0 8 69
3 2 6 8 69
3 2 6 0 69
3 2 6 2 69
5 1 0 0 70
1 5 5 0 70
1 5 6 0 70
6 2 0 5 70
6 2 0 7 70
1 5 6 5 70
5 1 0 9 70
5 1 0 1 70
1 5 7 0 70
5 1 0 2 70
1 5 7 5 70
1 5 8 0 70
5 1 0 3 70
1 5 9 0 70
5 1 0 4 70
1 5 8 5 70
1 5 9 5 70
6 2 0 0 71
6 2 0 2 71
6 2 0 4 71
5 1 0 6 71
5 1 5 6 71
1 5 6 0 71
5 1 0 7 71
5 1 5 7 71
1 5 7 0 71
5 1 0 8 71
5 1 5 8 71
1 5 8 0 71
1 5 9 0 71
5 1 0 9 71
5 1 5 9 71
6 2 0 0 72
6 2 0 2 72
1 5 6 0 72
1 5 7 0 72
5 1 0 4 72
5 1 0 5 72
5 1 5 5 72
5 1 0 6 72
5 1 5 6 72
1 5 8 0 72
5 1 0 7 72
5 1 5 7 72
1 5 9 0 72
5 1 0 8 72
5 1 5 8 72
9 1 0 9 72
1 5 0 0 73
1 5 0 5 73
6 2 1 0 73
6 2 1 2 73
6 2 1 4 73
6 2 1 6 73
6 2 1 8 73
2 3 7 0 73
3 2 7 3 73
2 3 7 5 73
3 2 7 8 73
6 2 0 0 74
6 2 0 2 74
6 2 0 4 74
2 3 6 0 74
3 2 6 3 74
3 2 6 5 74
3 2 0 6 74
3 2 3 6 74
2 3 8 0 74
3 2 6 7 74
3 2 0 8 74
3 2 3 8 74
2 3 0 0 75
2 3 0 3 75
6 2 0 6 75
6 2 0 8 75
6 2 2 0 75
6 2 2 2 75
6 2 2 4 75
2 3 6 6 75
2 3 8 0 75
2 3 8 3 75
2 3 8 6 75
6 2 0 0 76
6 2 0 2 76
6 2 0 4 76
3 2 6 0 76
2 3 6 2 76
2 3 8 2 76
3 2 6 5 76
3 2 0 6 76
3 2 3 6 76
2 3 6 7 76
3 2 0 8 76
2 3 8 7 76
3 2 3 8 76
2 3 0 0 77
2 3 0 3 77
6 2 0 6 77
6 2 0 8 77
6 2 2 0 77
6 2 2 2 77
6 2 2 4 77
3 2 6 6 77
2 3 8 0 77
2 3 8 3 77
3 2 6 8 77
6 2 0 0 78
6 2 0 2 78
6 2 0 4 78
2 3 6 0 78
2 3 8 0 78
2 3 6 3 78
3 2 0 6 78
2 3 8 3 78
3 2 0 8 78
2 3 3 6 78
3 2 5 6 78
3 2 5 8 78
2 3 8 6 78
3 2 0 0 79
3 2 3 0 79
6 2 0 2 79
6 2 0 4 79
6 2 0 6 79
6 2 0 8 79
3 2 6 0 79
3 2 6 2 79
2 3 6 4 79
3 2 6 7 79
2 3 8 4 79
6 2 0 0 80
6 2 0 2 80
6 2 0 4 80
2 3 6 0 80
2 3 8 0 80
3 2 6 3 80
2 3 6 5 80
3 2 0 8 80
2 3 8 5 80
3 2 3 6 80
3 2 0 6 80
6 2 3 8 80
2 3 0 0 81
2 3 0 3 81
6 2 0 6 81
6 2 0 8 81
6 2 2 0 81
6 2 2 2 81
6 2 2 4 81
2 3 6 6 81
2 3 8 0 81
2 3 8 3 81
2 3 8 6 81
6 2 0 0 82
6 2 0 2 82
6 2 0 4 82
3 2 6 0 82
3 2 6 2 82
3 2 6 4 82
3 2 0 6 82
3 2 0 8 82
2 3 3 6 82
3 2 5 6 82
3 2 5 8 82
2 3 8 6 82
3 2 0 0 83
3 2 3 0 83
2 3 6 0 83
6 2 0 2 83
6 2 0 4 83
6 2 0 6 83
6 2 0 8 83
3 2 6 3 83
2 3 8 0 83
3 2 6 5 83
2 3 6 7 83
2 3 8 7 83
6 2 0 0 84
6 2 0 2 84
6 2 0 4 84
2 3 6 0 84
2 3 8 0 84
3 2 6 3 84
3 2 6 5 84
2 3 0 6 84
2 3 2 6 84
2 4 4 6 84
4 2 6 7 84
4 2 0 0 85
2 4 4 0 85
4 2 0 2 85
6 2 0 4 85
6 2 0 6 85
6 2 0 8 85
4 2 6 0 85
4 2 6 2 85
4 2 6 4 85
4 2 6 6 85
4 2 6 8 85
6 2 0 0 86
6 2 0 2 86
6 2 0 4 86
2 4 6 0 86
4 2 6 4 86
2 4 8 0 86
4 2 0 6 86
2 4 4 6 86
4 2 0 8 86
2 4 6 6 86
2 4 8 6 86
4 2 0 0 87
4 2 4 0 87
4 2 0 2 87
6 2 4 2 87
6 2 0 4 87
6 2 0 6 87
6 2 0 8 87
4 2 6 4 87
4 2 6 6 87
4 2 6 8 87
6 2 0 0 88
6 2 0 2 88
6 2 0 4 88
4 2 6 0 88
2 4 6 2 88
2 4 8 2 88
2 4 0 6 88
2 4 2 6 88
2 4 4 6 88
2 4 6 6 88
2 4 8 6 88
6 2 0 0 89
6 2 0 2 89
4 2 6 0 89
2 4 6 2 89
4 2 0 4 89
4 2 0 6 89
4 2 0 8 89
4 2 4 6 89
4 2 4 8 89
2 4 8 2 89
2 4 8 6 89
2 4 0 0 90
4 2 0 4 90
2 4 2 0 90
6 2 0 6 90
6 2 0 8 90
6 2 4 0 90
6 2 4 2 90
6 2 4 4 90
4 2 6 6 90
4 2 6 8 90
6 2 0 0 91
6 2 0 2 91
6 2 0 4 91
4 2 6 0 91
4 2 6 2 91
2 4 6 4 91
4 2 0 8 91
2 4 4 6 91
4 2 0 6 91
4 2 6 8 91
2 4 8 4 91
4 2 0 0 92
4 2 4 0 92
2 4 8 0 92
6 2 0 4 92
6 2 0 2 92
6 2 0 6 92
6 2 0 8 92
4 2 6 4 92
2 4 6 6 92
2 4 8 6 92
6 2 0 0 93
6 2 0 2 93
6 2 0 4 93
2 4 6 0 93
2 4 8 0 93
2 4 6 4 93
4 2 0 8 93
4 2 0 6 93
4 2 4 8 93
2 4 8 4 93
2 4 0 0 94
2 4 0 4 94
2 4 2 0 94
6 2 0 8 94
6 2 2 4 94
6 2 2 6 94
6 2 4 0 94
6 2 4 2 94
4 2 6 8 94
2 4 8 4 94
6 2 0 0 95
6 2 0 2 95
6 2 0 4 95
2 4 6 0 95
2 4 8 0 95
2 4 6 4 95
4 2 0 8 95
4 2 0 6 95
4 2 4 8 95
2 4 8 4 95
4 2 0 0 96
2 4 4 0 96
4 2 0 2 96
6 2 0 4 96
6 2 0 6 96
2 5 6 0 96
2 5 8 0 96
2 5 6 5 96
2 5 8 5 96
4 2 0 8 96
2 5 0 0 97
2 5 0 5 97
2 5 2 0 97
2 4 2 5 97
2 4 4 0 97
2 4 4 4 97
2 4 6 0 97
4 2 4 8 97
4 2 6 4 97
4 2 6 6 97
2 4 8 0 97
4 2 0 0 98
4 2 4 0 98
2 4 8 0 98
2 5 0 4 98
2 5 2 2 98
2 5 4 2 98
2 5 6 2 98
2 5 8 4 98
9 1 0 9 98
2 5 0 0 99
2 5 0 5 99
2 5 2 0 99
2 4 2 5 99
2 4 4 0 99
2 4 4 4 99
2 4 6 0 99
2 4 8 0 99
2 4 6 4 99
2 5 8 4 99
2 5 0 0 100
2 5 0 5 100
1 9 2 0 100
2 5 3 0 100
2 5 3 5 100
2 5 5 0 100
2 5 5 5 100
2 5 7 0 100
2 5 7 5 100
1 9 9 0 100
9 1 0 0 101
1 9 9 0 101
9 1 0 9 101
2 5 0 1 101
2 5 2 1 101
2 5 4 1 101
2 5 6 1 101
9 1 0 6 101
9 1 0 7 101
9 1 0 8 101
2 5 0 0 102
2 5 0 5 102
2 5 2 0 102
2 5 2 5 102
2 5 4 0 102
2 5 4 5 102
2 5 6 0 102
2 5 8 0 102
2 5 6 5 102
2 5 8 5 102
9 1 0 0 103
9 1 0 1 103
9 1 0 2 103
2 5 0 3 103
2 5 2 3 103
2 5 4 3 103
2 5 6 3 103
2 5 8 3 103
9 1 0 8 103
9 1 0 9 103
2 5 0 0 104
2 5 0 5 104
2 5 2 0 104
3 3 2 5 104
1 9 5 0 104
2 5 6 0 104
2 5 8 0 104
2 5 6 5 104
2 5 8 5 104
9 1 0 0 105
9 1 0 1 105
9 1 0 2 105
2 5 0 3 105
2 5 2 3 105
2 5 4 3 105
2 5 6 3 105
2 5 8 3 105
9 1 0 8 105
9 1 0 9 105
2 5 0 0 106
2 5 0 5 106
2 5 2 0 106
1 9 4 0 106
3 3 5 0 106
3 3 5 3 106
1 9 8 0 106
1 9 9 0 106
3 3 5 6 106
2 5 2 5 106
9 1 0 0 107
1 9 9 0 107
9 1 0 9 107
2 5 0 1 107
2 5 2 1 107
2 5 4 1 107
2 5 6 1 107
3 3 0 6 107
3 3 3 6 107
3 3 6 6 107
2 5 0 0 108
2 5 0 5 108
2 5 2 0 108
1 9 4 0 108
1 9 5 0 108
2 5 2 5 108
2 5 6 0 108
2 5 8 0 108
2 5 6 5 108
2 5 8 5 108
9 1 0 0 109
9 1 0 1 109
9 1 0 2 109
2 5 0 3 109
2 5 2 3 109
2 5 4 3 109
2 5 6 3 109
2 5 8 3 109
9 1 0 8 109
9 1 0 9 109
2 5 0 0 110
2 5 0 5 110
2 5 2 0 110
2 5 2 5 110
2 5 4 0 110
2 5 4 5 110
2 5 6 0 110
2 5 8 0 110
2 5 6 5 110
2 5 8 5 110
9 1 0 0 111
9 1 0 1 111
2 5 0 2 111
2 5 2 2 111
2 5 4 2 111
2 5 6 2 111
2 5 8 2 111
9 1 0 7 111
9 1 0 8 111
9 1 0 9 111
2 5 0 0 112
2 5 0 5 112
2 5 2 0 112
1 9 4 0 112
3 3 5 0 112
1 9 8 0 112
1 9 9 0 112
2 5 2 5 112
2 5 5 3 112
1 9 0 0 113
1 9 1 0 113
9 1 0 9 113
2 5 2 0 113
2 5 4 0 113
2 5 6 0 113
2 5 8 0 113
3 3 2 5 113
3 3 5 5 113
1 9 0 0 114
9 1 0 9 114
9 1 1 0 114
9 1 1 1 114
3 3 1 2 114
9 1 1 5 114
9 1 1 6 114
9 1 1 7 114
9 1 1 8 114
3 3 4 2 114
3 3 7 2 114
9 1 0 0 115
9 1 0 1 115
1 9 9 0 115
9 1 0 9 115
9 1 0 2 115
9 1 0 3 115
9 1 0 4 115
9 1 0 5 115
9 1 0 6 115
9 1 0 7 115
9 1 0 8 115
9 1 0 0 116
3 3 0 1 116
3 3 0 4 116
3 3 0 7 116
3 3 3 1 116
3 3 6 1 116
3 3 3 4 116
3 3 3 7 116
3 3 6 4 116
3 3 6 7 116
1 9 9 0 116
9 1 0 0 117
9 1 0 1 117
9 1 0 2 117
9 1 0 3 117
9 1 0 4 117
9 1 0 5 117
9 1 0 6 117
9 1 0 7 117
1 9 9 0 117
9 1 0 9 117
9 1 0 8 117
3 3 0 0 118
3 3 3 0 118
9 1 0 3 118
9 1 0 4 118
9 1 0 5 118
1 9 9 0 118
3 3 6 0 118
9 1 0 9 118
3 3 0 6 118
3 3 3 6 118
3 3 6 6 118
9 1 0 0 119
9 1 0 1 119
1 9 9 0 119
9 1 0 9 119
9 1 0 2 119
9 1 0 3 119
9 1 0 4 119
9 1 0 5 119
9 1 0 6 119
9 1 0 7 119
9 1 0 8 119
9 1 0 0 120
9 1 0 1 120
9 1 0 2 120
9 1 0 3 120
9 1 0 4 120
9 1 0 5 120
9 1 0 6 120
1 9 9 0 120
9 1 0 9 120
9 1 0 7 120
9 1 0 8 120
9 1 0 0 121
1 9 9 0 121
1 9 0 1 121
3 3 1 1 121
3 3 4 1 121
3 3 1 4 121
3 3 1 7 121
1 9 7 1 121
1 9 8 1 121
3 3 4 4 121
3 3 4 7 121
9 1 0 0 122
9 1 0 1 122
9 1 0 2 122
9 1 0 3 122
9 1 0 4 122
9 1 0 5 122
1 9 9 0 122
9 1 0 9 122
9 1 0 6 122
9 1 0 7 122
9 1 0 8 122
1 9 0 0 123
1 9 1 0 123
9 1 0 9 123
1 9 9 0 123
3 3 2 0 123
1 9 5 0 123
1 9 6 0 123
3 3 2 3 123
1 9 7 0 123
3 3 2 6 123
1 9 8 0 123
9 1 0 0 124
9 1 0 1 124
9 1 0 2 124
9 1 0 3 124
9 1 0 4 124
9 1 0 5 124
9 1 0 6 124
9 1 0 7 124
1 9 9 0 124
9 1 0 9 124
9 1 0 8 124
9 1 0 0 125
9 1 0 1 125
9 1 0 2 125
9 1 0 3 125
9 1 0 4 125
9 1 0 5 125
9 1 0 6 125
9 1 0 7 125
9 1 0 8 125
9 1 0 9 125
1 9 9 0 125
3 3 0 0 126
1 9 3 0 126
9 1 0 9 126
3 3 0 3 126
3 3 0 6 126
1 9 9 0 126
1 9 4 0 126
3 3 5 0 126
3 3 5 3 126
1 9 8 0 126
3 3 5 6 126
9 1 0 0 127
9 1 0 1 127
9 1 0 2 127
9 1 0 3 127
9 1 0 4 127
9 1 0 5 127
3 3 0 6 127
9 1 0 9 127
3 3 3 6 127
1 9 9 0 127
3 3 6 6 127
9 1 0 0 128
9 1 0 1 128
9 1 0 2 128
1 9 9 0 128
9 1 0 9 128
9 1 0 3 128
9 1 0 4 128
9 1 0 5 128
9 1 0 6 128
9 1 0 7 128
9 1 0 8 128
9 1 0 0 129
9 1 0 1 129
9 1 0 2 129
9 1 0 3 129
9 1 0 4 129
9 1 0 5 129
9 1 0 6 129
9 1 0 7 129
9 1 0 8 129
1 9 9 0 129
9 1 0 9 129
1 9 0 0 130
9 1 0 9 130
1 9 9 0 130
1 9 1 0 130
1 9 2 0 130
1 9 3 0 130
3 3 4 0 130
3 3 4 3 130
1 9 7 0 130
1 9 8 0 130
3 3 4 6 130
9 1 0 0 131
9 1 0 1 131
9 1 0 2 131
9 1 0 3 131
3 3 0 4 131
1 9 9 0 131
9 1 0 9 131
3 3 3 4 131
3 3 6 4 131
9 1 0 7 131
9 1 0 8 131
9 1 0 0 132
9 1 0 1 132
9 1 0 2 132
1 9 9 0 132
9 1 0 9 132
9 1 0 3 132
9 1 0 4 132
9 1 0 5 132
9 1 0 6 132
9 1 0 7 132
9 1 0 8 132
9 1 0 0 133
9 1 0 1 133
9 1 0 2 133
3 3 0 3 133
9 1 0 6 133
9 1 0 7 133
9 1 0 8 133
1 9 9 0 133
9 1 0 9 133
3 3 3 3 133
3 3 6 3 133
9 1 0 0 134
9 1 0 1 134
9 1 0 2 134
9 1 0 3 134
9 1 0 4 134
9 1 0 5 134
9 1 0 6 134
1 9 9 0 134
9 1 0 9 134
9 1 0 7 134
9 1 0 8 134
1 9 0 0 135
3 3 1 0 135
1 9 4 0 135
9 1 0 9 135
3 3 1 3 135
3 3 1 6 135
3 3 5 0 135
3 3 5 3 135
3 3 5 6 135
1 9 9 0 135
1 9 8 0 135
9 1 0 0 136
9 1 0 1 136
9 1 0 2 136
9 1 0 3 136
9 1 0 4 136
9 1 0 5 136
9 1 0 6 136
9 1 0 7 136
9 1 0 8 136
9 1 0 9 136
1 9 9 0 136
9 1 0 0 137
9 1 0 1 137
9 1 0 2 137
9 1 0 3 137
3 3 0 4 137
9 1 0 7 137
9 1 0 8 137
3 3 3 4 137
3 3 6 4 137
9 1 0 9 137
1 9 9 0 137
9 1 0 0 138
9 1 0 1 138
9 1 0 2 138
9 1 0 3 138
9 1 0 4 138
9 1 0 5 138
3 3 0 6 138
9 1 0 9 138
1 9 9 0 138
3 3 3 6 138
3 3 6 6 138
1 9 0 0 139
9 1 0 9 139
1 9 9 0 139
1 9 1 0 139
1 9 2 0 139
1 9 3 0 139
3 3 4 0 139
3 3 4 3 139
3 3 4 6 139
1 9 7 0 139
1 9 8 0 139
9 1 0 0 140
9 1 0 1 140
1 9 9 0 140
9 1 0 9 140
9 1 0 2 140
9 1 0 3 140
3 3 0 4 140
9 1 0 7 140
9 1 0 8 140
3 3 3 4 140
3 3 6 4 140
9 1 0 0 141
1 9 9 0 141
9 1 0 9 141
9 1 0 1 141
9 1 0 2 141
9 1 0 3 141
9 1 0 4 141
9 1 0 5 141
9 1 0 6 141
9 1 0 7 141
9 1 0 8 141
9 1 0 0 142
9 1 0 1 142
9 1 0 2 142
9 1 0 3 142
1 9 9 0 142
9 1 0 9 142
9 1 0 4 142
3 3 0 5 142
3 3 3 5 142
3 3 6 5 142
9 1 0 8 142
9 1 0 0 143
9 1 0 1 143
9 1 0 2 143
1 9 9 0 143
9 1 0 9 143
9 1 0 3 143
9 1 0 4 143
9 1 0 5 143
9 1 0 6 143
9 1 0 7 143
9 1 0 8 143
3 3 0 0 144
3 3 3 0 144
3 3 6 0 144
3 3 0 3 144
9 1 0 6 144
9 1 0 7 144
3 3 3 3 144
1 9 9 0 144
9 1 0 9 144
9 1 0 8 144
3 3 6 3 144
9 1 0 0 145
1 9 9 0 145
9 1 0 9 145
9 1 0 1 145
9 1 0 2 145
9 1 0 3 145
9 1 0 4 145
9 1 0 5 145
9 1 0 6 145
9 1 0 7 145
9 1 0 8 145
1 9 0 0 146
9 1 0 9 146
1 9 9 0 146
1 9 1 0 146
1 9 2 0 146
3 3 3 0 146
1 9 6 0 146
3 3 3 3 146
1 9 7 0 146
1 9 8 0 146
3 3 3 6 146
9 1 0 0 147
9 1 0 1 147
9 1 0 2 147
9 1 0 3 147
1 9 9 0 147
9 1 0 9 147
3 3 0 4 147
3 3 3 4 147
3 3 6 4 147
9 1 0 7 147
9 1 0 8 147
9 1 0 0 148
9 1 0 1 148
9 1 0 2 148
1 9 9 0 148
3 3 0 3 148
3 3 0 6 148
9 1 0 9 148
3 3 3 3 148
3 3 6 3 148
3 3 3 6 148
3 3 6 6 148
9 1 0 0 149
9 1 0 1 149
9 1 0 2 149
9 1 0 3 149
9 1 0 4 149
9 1 0 5 149
1 9 9 0 149
9 1 0 9 149
3 3 0 6 149
3 3 3 6 149
3 3 6 6 149
9 1 0 0 150
9 1 0 1 150
9 1 0 2 150
1 9 9 0 150
9 1 0 9 150
9 1 0 3 150
9 1 0 4 150
9 1 0 5 150
9 1 0 6 150
9 1 0 7 150
9 1 0 8 150
1 9 0 0 151
1 9 1 0 151
9 1 0 9 151
1 9 9 0 151
1 9 2 0 151
1 9 3 0 151
1 9 4 0 151
1 9 5 0 151
1 9 6 0 151
1 9 7 0 151
1 9 8 0 151
9 1 0 0 152
9 1 0 1 152
9 1 0 2 152
1 9 9 0 152
9 1 0 9 152
9 1 0 3 152
9 1 0 4 152
9 1 0 5 152
9 1 0 6 152
9 1 0 7 152
9 1 0 8 152
9 1 0 0 153
9 1 0 1 153
9 1 0 2 153
9 1 0 3 153
9 1 0 4 153
9 1 0 5 153
9 1 0 6 153
9 1 0 7 153
1 9 9 0 153
9 1 0 9 153
3 3 0 0 154
1 9 3 0 154
3 3 0 3 154
1 9 4 0 154
3 3 0 6 154
1 9 5 0 154
