% State of a bin packing problem:
%
% Bin number: 264
% Total uncovered points: 2080
% Total covered points: 24320
% Number of boxes: 2000
% Unused boxes: 0
% Runtime: None
%
% Bin size:
10 10
%
% Boxes (width, height) not in some bins:
%
% Boxes (width, height, x_position, y_position, bin_id) in bins:
4 9 0 0 0
4 9 4 0 0
1 2 8 0 0
1 2 8 2 0
1 2 8 4 0
1 2 8 6 0
1 2 8 8 0
1 2 9 0 0
1 2 9 2 0
1 2 9 4 0
1 2 9 6 0
1 2 9 8 0
3 1 0 9 0
3 1 3 9 0
1 2 0 0 1
1 2 1 0 1
1 2 2 0 1
4 9 3 0 1
1 2 0 2 1
1 2 0 4 1
1 2 0 6 1
1 2 0 8 1
1 2 1 2 1
1 2 1 4 1
1 2 1 6 1
1 2 1 8 1
1 2 2 2 1
1 2 2 4 1
1 2 2 6 1
1 2 2 8 1
1 2 7 0 1
1 2 7 2 1
1 2 7 4 1
1 2 7 6 1
1 2 7 8 1
1 2 8 0 1
1 2 8 2 1
1 2 8 4 1
1 2 8 6 1
1 2 8 8 1
1 2 9 0 1
1 2 9 2 1
1 2 9 4 1
1 2 9 6 1
1 2 9 8 1
3 1 3 9 1
4 9 0 0 2
4 9 4 0 2
1 2 8 0 2
1 2 8 2 2
1 2 8 4 2
1 2 8 6 2
1 2 8 8 2
1 2 9 0 2
1 2 9 2 2
1 2 9 4 2
1 2 9 6 2
1 2 9 8 2
3 1 0 9 2
3 1 3 9 2
4 9 0 0 3
4 9 4 0 3
1 2 8 0 3
1 2 8 2 3
1 2 8 4 3
1 2 8 6 3
1 2 8 8 3
1 2 9 0 3
1 2 9 2 3
1 2 9 4 3
1 2 9 6 3
1 2 9 8 3
3 1 0 9 3
3 1 3 9 3
4 9 0 0 4
4 9 4 0 4
1 2 8 0 4
1 2 8 2 4
1 2 8 4 4
1 2 8 6 4
1 2 8 8 4
1 2 9 0 4
1 2 9 2 4
1 2 9 4 4
1 2 9 6 4
1 2 9 8 4
3 1 0 9 4
3 1 3 9 4
4 9 0 0 5
4 9 4 0 5
1 2 8 0 5
1 2 8 2 5
1 2 8 4 5
1 2 8 6 5
1 2 8 8 5
1 2 9 0 5
1 2 9 2 5
1 2 9 4 5
1 2 9 6 5
1 2 9 8 5
3 1 0 9 5
3 1 3 9 5
4 9 0 0 6
4 9 4 0 6
1 2 8 0 6
1 2 8 2 6
1 2 8 4 6
1 2 8 6 6
1 2 8 8 6
1 2 9 0 6
1 2 9 2 6
1 2 9 4 6
1 2 9 6 6
1 2 9 8 6
3 1 0 9 6
3 1 3 9 6
4 9 0 0 7
4 9 4 0 7
1 2 8 0 7
1 2 8 2 7
1 2 8 4 7
1 2 8 6 7
1 2 8 8 7
1 2 9 0 7
1 2 9 2 7
1 2 9 4 7
1 2 9 6 7
1 2 9 8 7
3 1 0 9 7
3 1 3 9 7
4 9 0 0 8
4 9 4 0 8
1 2 8 0 8
1 2 8 2 8
1 2 8 4 8
1 2 8 6 8
1 2 8 8 8
1 2 9 0 8
1 2 9 2 8
1 2 9 4 8
1 2 9 6 8
1 2 9 8 8
3 1 0 9 8
3 1 3 9 8
4 9 0 0 9
4 9 4 0 9
1 2 8 0 9
1 2 8 2 9
1 2 8 4 9
1 2 8 6 9
1 2 8 8 9
1 2 9 0 9
1 2 9 2 9
1 2 9 4 9
1 2 9 6 9
1 2 9 8 9
3 1 0 9 9
3 1 3 9 9
4 9 0 0 10
4 9 4 0 10
1 2 8 0 10
1 2 8 2 10
1 2 8 4 10
1 2 8 6 10
1 2 8 8 10
1 2 9 0 10
1 2 9 2 10
1 2 9 4 10
1 2 9 6 10
1 2 9 8 10
3 1 0 9 10
3 1 3 9 10
4 9 0 0 11
4 9 4 0 11
1 2 8 0 11
1 2 8 2 11
1 2 8 4 11
1 2 8 6 11
1 2 8 8 11
1 2 9 0 11
1 2 9 2 11
1 2 9 4 11
1 2 9 6 11
1 2 9 8 11
3 1 0 9 11
3 1 3 9 11
4 9 0 0 12
4 9 4 0 12
1 2 8 0 12
1 2 8 2 12
1 2 8 4 12
1 2 8 6 12
1 2 8 8 12
1 2 9 0 12
1 2 9 2 12
1 2 9 4 12
1 2 9 6 12
1 2 9 8 12
3 1 0 9 12
3 1 3 9 12
4 9 0 0 13
4 9 4 0 13
1 2 8 0 13
1 2 8 2 13
1 2 8 4 13
1 2 8 6 13
1 2 8 8 13
1 2 9 0 13
1 2 9 2 13
1 2 9 4 13
1 2 9 6 13
1 2 9 8 13
3 1 0 9 13
3 1 3 9 13
4 9 0 0 14
4 9 4 0 14
3 1 0 9 14
3 1 3 9 14
3 1 6 9 14
2 2 8 0 14
2 2 8 2 14
2 2 8 4 14
2 2 8 6 14
4 9 0 0 15
4 9 4 0 15
3 1 0 9 15
3 1 3 9 15
3 1 6 9 15
2 2 8 0 15
2 2 8 2 15
2 2 8 4 15
2 2 8 6 15
4 9 0 0 16
4 9 4 0 16
3 1 0 9 16
2 2 8 0 16
2 2 8 2 16
2 2 8 4 16
1 4 8 6 16
1 4 9 6 16
4 9 0 0 17
4 9 4 0 17
2 2 8 0 17
2 2 8 2 17
1 4 8 4 17
1 4 9 4 17
2 2 8 8 17
8 1 0 9 17
4 9 0 0 18
4 9 4 0 18
2 2 8 0 18
2 2 8 2 18
2 2 8 4 18
2 2 8 6 18
2 2 8 8 18
8 1 0 9 18
4 9 0 0 19
4 9 4 0 19
2 2 8 0 19
1 4 8 2 19
2 2 8 6 19
1 4 9 2 19
2 2 8 8 19
8 1 0 9 19
4 9 0 0 20
4 9 4 0 20
2 2 8 0 20
2 2 8 2 20
1 4 8 4 20
2 2 8 8 20
1 4 9 4 20
8 1 0 9 20
4 9 0 0 21
4 9 4 0 21
2 2 8 0 21
2 2 8 2 21
2 2 8 4 21
2 2 8 6 21
2 2 8 8 21
8 1 0 9 21
4 9 0 0 22
4 9 4 0 22
2 2 8 0 22
2 2 8 2 22
2 2 8 4 22
2 2 8 6 22
2 2 8 8 22
8 1 0 9 22
4 9 0 0 23
4 9 4 0 23
1 4 8 0 23
1 4 8 4 23
1 4 9 0 23
2 2 8 8 23
1 4 9 4 23
8 1 0 9 23
4 9 0 0 24
4 9 4 0 24
2 2 8 0 24
2 2 8 2 24
1 4 8 4 24
1 4 9 4 24
2 2 8 8 24
8 1 0 9 24
4 9 0 0 25
4 9 4 0 25
1 4 8 0 25
1 4 8 4 25
1 4 9 0 25
1 4 9 4 25
2 2 8 8 25
8 1 0 9 25
4 9 0 0 26
4 9 4 0 26
1 4 8 0 26
2 2 8 4 26
1 4 9 0 26
2 2 8 6 26
2 2 8 8 26
8 1 0 9 26
4 9 0 0 27
4 9 4 0 27
1 4 8 0 27
1 4 8 4 27
1 4 9 0 27
2 2 8 8 27
1 4 9 4 27
8 1 0 9 27
4 9 0 0 28
4 9 4 0 28
2 2 8 0 28
2 2 8 2 28
2 2 8 4 28
2 2 8 6 28
2 2 8 8 28
8 1 0 9 28
4 9 0 0 29
4 9 4 0 29
2 2 8 0 29
1 4 8 2 29
1 4 8 6 29
1 4 9 2 29
1 4 9 6 29
8 1 0 9 29
4 9 0 0 30
4 9 4 0 30
2 2 8 0 30
2 2 8 2 30
2 2 8 4 30
2 2 8 6 30
2 2 8 8 30
8 1 0 9 30
4 9 0 0 31
4 9 4 0 31
1 4 8 0 31
1 4 8 4 31
2 2 8 8 31
1 4 9 0 31
1 4 9 4 31
8 1 0 9 31
4 9 0 0 32
4 9 4 0 32
1 4 8 0 32
1 4 8 4 32
1 4 9 0 32
1 4 9 4 32
2 2 8 8 32
8 1 0 9 32
4 9 0 0 33
4 9 4 0 33
1 4 8 0 33
1 4 8 4 33
1 4 9 0 33
1 4 9 4 33
2 2 8 8 33
8 1 0 9 33
4 9 0 0 34
4 9 4 0 34
1 4 8 0 34
1 4 8 4 34
2 2 8 8 34
1 4 9 0 34
1 4 9 4 34
8 1 0 9 34
4 9 0 0 35
4 9 4 0 35
2 2 8 0 35
2 2 8 2 35
1 4 8 4 35
1 4 9 4 35
2 2 8 8 35
8 1 0 9 35
4 9 0 0 36
4 9 4 0 36
2 2 8 0 36
2 2 8 2 36
1 4 8 4 36
1 4 9 4 36
2 2 8 8 36
8 1 0 9 36
4 9 0 0 37
4 9 4 0 37
2 2 8 0 37
2 2 8 2 37
2 2 8 4 37
2 2 8 6 37
2 2 8 8 37
8 1 0 9 37
4 9 0 0 38
4 9 4 0 38
1 4 8 0 38
2 2 8 4 38
2 2 8 6 38
1 4 9 0 38
2 2 8 8 38
8 1 0 9 38
4 9 0 0 39
4 9 4 0 39
1 4 8 0 39
1 4 8 4 39
1 4 9 0 39
1 4 9 4 39
2 2 8 8 39
8 1 0 9 39
4 9 0 0 40
4 9 4 0 40
1 4 8 0 40
2 2 8 4 40
2 2 8 6 40
2 2 8 8 40
1 4 9 0 40
8 1 0 9 40
4 9 0 0 41
4 9 4 0 41
2 2 8 0 41
2 2 8 2 41
2 2 8 4 41
1 4 8 6 41
1 4 9 6 41
8 1 0 9 41
4 9 0 0 42
4 9 4 0 42
2 2 8 0 42
1 4 8 2 42
2 2 8 6 42
1 4 9 2 42
2 2 8 8 42
8 1 0 9 42
4 9 0 0 43
4 9 4 0 43
1 4 8 0 43
2 2 8 4 43
2 2 8 6 43
2 2 8 8 43
1 4 9 0 43
8 1 0 9 43
4 9 0 0 44
4 9 4 0 44
2 2 8 0 44
2 2 8 2 44
1 4 8 4 44
2 2 8 8 44
1 4 9 4 44
8 1 0 9 44
4 9 0 0 45
4 9 4 0 45
2 2 8 0 45
1 4 8 2 45
2 2 8 6 45
2 2 8 8 45
1 4 9 2 45
8 1 0 9 45
4 9 0 0 46
4 9 4 0 46
2 2 8 0 46
2 2 8 2 46
1 4 8 4 46
1 4 9 4 46
2 2 8 8 46
8 1 0 9 46
4 9 0 0 47
4 9 4 0 47
1 5 8 0 47
1 5 8 5 47
1 5 9 0 47
1 5 9 5 47
8 1 0 9 47
4 9 0 0 48
4 9 4 0 48
1 5 8 0 48
1 5 8 5 48
1 5 9 0 48
1 5 9 5 48
8 1 0 9 48
4 9 0 0 49
4 9 4 0 49
1 5 8 0 49
1 5 8 5 49
1 5 9 0 49
1 5 9 5 49
8 1 0 9 49
4 9 0 0 50
4 9 4 0 50
1 5 8 0 50
1 5 8 5 50
1 5 9 0 50
1 5 9 5 50
8 1 0 9 50
4 9 0 0 51
4 9 4 0 51
1 5 8 0 51
1 5 8 5 51
1 5 9 0 51
1 5 9 5 51
8 1 0 9 51
4 9 0 0 52
4 9 4 0 52
1 5 8 0 52
1 5 8 5 52
1 5 9 0 52
1 5 9 5 52
8 1 0 9 52
4 9 0 0 53
4 9 4 0 53
1 5 8 0 53
1 5 8 5 53
1 5 9 0 53
1 5 9 5 53
8 1 0 9 53
4 9 0 0 54
4 9 4 0 54
1 5 8 0 54
1 5 8 5 54
1 5 9 0 54
1 5 9 5 54
8 1 0 9 54
4 9 0 0 55
4 9 4 0 55
1 5 8 0 55
1 5 8 5 55
1 5 9 0 55
1 5 9 5 55
8 1 0 9 55
4 9 0 0 56
4 9 4 0 56
1 5 8 0 56
1 5 8 5 56
1 5 9 0 56
1 5 9 5 56
8 1 0 9 56
4 9 0 0 57
4 9 4 0 57
1 5 8 0 57
1 5 8 5 57
1 5 9 0 57
1 5 9 5 57
8 1 0 9 57
4 9 0 0 58
4 9 4 0 58
1 5 8 0 58
1 5 8 5 58
1 5 9 0 58
1 5 9 5 58
8 1 0 9 58
4 9 0 0 59
4 9 4 0 59
1 5 8 0 59
1 5 8 5 59
1 5 9 0 59
1 5 9 5 59
8 1 0 9 59
4 9 0 0 60
4 9 4 0 60
1 5 8 0 60
1 5 8 5 60
1 5 9 0 60
1 5 9 5 60
8 1 0 9 60
4 9 0 0 61
4 9 4 0 61
1 5 8 0 61
1 5 8 5 61
1 5 9 0 61
1 5 9 5 61
8 1 0 9 61
4 9 0 0 62
4 9 4 0 62
1 5 8 0 62
1 5 8 5 62
1 5 9 0 62
1 5 9 5 62
8 1 0 9 62
4 9 0 0 63
4 9 4 0 63
1 5 8 0 63
1 5 8 5 63
1 5 9 0 63
1 5 9 5 63
8 1 0 9 63
4 9 0 0 64
4 9 4 0 64
1 5 8 0 64
1 5 8 5 64
1 5 9 0 64
1 5 9 5 64
8 1 0 9 64
4 9 0 0 65
4 9 4 0 65
1 5 8 0 65
1 5 8 5 65
1 5 9 0 65
1 5 9 5 65
8 1 0 9 65
4 9 0 0 66
4 9 4 0 66
1 5 8 0 66
1 5 8 5 66
1 5 9 0 66
1 5 9 5 66
8 1 0 9 66
4 9 0 0 67
4 9 4 0 67
2 3 8 0 67
2 3 8 3 67
2 3 8 6 67
8 1 0 9 67
4 9 0 0 68
4 9 4 0 68
2 3 8 0 68
2 3 8 3 68
2 3 8 6 68
8 1 0 9 68
4 9 0 0 69
4 9 4 0 69
2 3 8 0 69
2 3 8 3 69
2 3 8 6 69
8 1 0 9 69
4 9 0 0 70
4 9 4 0 70
2 3 8 0 70
2 3 8 3 70
2 3 8 6 70
8 1 0 9 70
4 9 0 0 71
4 9 4 0 71
2 3 8 0 71
2 3 8 3 71
2 3 8 6 71
8 1 0 9 71
4 9 0 0 72
4 9 4 0 72
2 3 8 0 72
2 3 8 3 72
2 3 8 6 72
8 1 0 9 72
4 9 0 0 73
4 9 4 0 73
2 3 8 0 73
2 3 8 3 73
2 3 8 6 73
8 1 0 9 73
4 9 0 0 74
4 9 4 0 74
2 3 8 0 74
2 3 8 3 74
2 3 8 6 74
8 1 0 9 74
4 9 0 0 75
4 9 4 0 75
2 3 8 0 75
2 3 8 3 75
2 3 8 6 75
8 1 0 9 75
4 9 0 0 76
4 9 4 0 76
2 3 8 0 76
2 3 8 3 76
2 3 8 6 76
8 1 0 9 76
4 9 0 0 77
4 9 4 0 77
2 3 8 0 77
2 3 8 3 77
2 3 8 6 77
8 1 0 9 77
4 9 0 0 78
4 9 4 0 78
8 1 0 9 78
2 7 8 0 78
4 9 0 0 79
4 9 4 0 79
8 1 0 9 79
2 7 8 0 79
4 9 0 0 80
4 9 4 0 80
8 1 0 9 80
2 7 8 0 80
4 9 0 0 81
4 9 4 0 81
8 1 0 9 81
2 7 8 0 81
4 9 0 0 82
4 9 4 0 82
8 1 0 9 82
2 7 8 0 82
4 9 0 0 83
4 9 4 0 83
8 1 0 9 83
2 7 8 0 83
4 9 0 0 84
4 9 4 0 84
8 1 0 9 84
2 7 8 0 84
4 9 0 0 85
4 9 4 0 85
8 1 0 9 85
2 7 8 0 85
4 9 0 0 86
4 9 4 0 86
8 1 0 9 86
2 7 8 0 86
4 9 0 0 87
4 9 4 0 87
8 1 0 9 87
2 7 8 0 87
4 9 0 0 88
4 9 4 0 88
8 1 0 9 88
2 7 8 0 88
4 9 0 0 89
4 9 4 0 89
8 1 0 9 89
2 7 8 0 89
4 9 0 0 90
4 9 4 0 90
8 1 0 9 90
2 7 8 0 90
4 9 0 0 91
4 9 4 0 91
8 1 0 9 91
2 7 8 0 91
4 9 0 0 92
4 9 4 0 92
8 1 0 9 92
2 7 8 0 92
4 9 0 0 93
4 9 4 0 93
8 1 0 9 93
2 7 8 0 93
4 9 0 0 94
4 9 4 0 94
8 1 0 9 94
2 7 8 0 94
4 9 0 0 95
4 9 4 0 95
8 1 0 9 95
2 7 8 0 95
4 9 0 0 96
4 9 4 0 96
8 1 0 9 96
2 7 8 0 96
4 9 0 0 97
4 9 4 0 97
8 1 0 9 97
2 7 8 0 97
4 9 0 0 98
4 9 4 0 98
8 1 0 9 98
2 7 8 0 98
4 9 0 0 99
4 9 4 0 99
8 1 0 9 99
2 7 8 0 99
4 9 0 0 100
4 9 4 0 100
8 1 0 9 100
2 7 8 0 100
4 9 0 0 101
4 9 4 0 101
8 1 0 9 101
2 7 8 0 101
4 9 0 0 102
4 9 4 0 102
8 1 0 9 102
2 7 8 0 102
4 9 0 0 103
4 9 4 0 103
8 1 0 9 103
2 7 8 0 103
4 9 0 0 104
4 9 4 0 104
8 1 0 9 104
2 7 8 0 104
4 9 0 0 105
4 9 4 0 105
8 1 0 9 105
2 7 8 0 105
4 9 0 0 106
4 9 4 0 106
8 1 0 9 106
2 7 8 0 106
4 9 0 0 107
4 9 4 0 107
8 1 0 9 107
2 7 8 0 107
4 9 0 0 108
4 9 4 0 108
8 1 0 9 108
2 7 8 0 108
4 9 0 0 109
4 9 4 0 109
8 1 0 9 109
2 7 8 0 109
4 9 0 0 110
4 9 4 0 110
8 1 0 9 110
2 7 8 0 110
4 9 0 0 111
4 9 4 0 111
8 1 0 9 111
2 7 8 0 111
4 9 0 0 112
4 9 4 0 112
8 1 0 9 112
2 7 8 0 112
4 9 0 0 113
4 9 4 0 113
8 1 0 9 113
2 7 8 0 113
4 9 0 0 114
4 9 4 0 114
8 1 0 9 114
2 7 8 0 114
4 9 0 0 115
4 9 4 0 115
8 1 0 9 115
2 7 8 0 115
4 9 0 0 116
4 9 4 0 116
8 1 0 9 116
2 7 8 0 116
4 9 0 0 117
4 9 4 0 117
8 1 0 9 117
2 7 8 0 117
4 9 0 0 118
4 9 4 0 118
8 1 0 9 118
2 7 8 0 118
4 9 0 0 119
4 9 4 0 119
8 1 0 9 119
2 7 8 0 119
4 6 0 0 120
4 6 4 0 120
6 3 0 6 120
3 1 6 6 120
3 1 6 7 120
3 1 6 8 120
2 2 8 0 120
1 4 8 2 120
1 4 9 2 120
1 4 9 6 120
8 1 0 9 120
4 6 0 0 121
4 6 4 0 121
6 3 0 6 121
3 1 6 6 121
3 1 6 7 121
3 1 6 8 121
2 2 8 0 121
2 2 8 2 121
2 2 8 4 121
1 4 9 6 121
8 1 0 9 121
4 6 0 0 122
4 6 4 0 122
6 3 0 6 122
3 1 6 6 122
3 1 6 7 122
3 1 6 8 122
1 4 8 0 122
2 2 8 4 122
1 4 9 6 122
1 4 9 0 122
8 1 0 9 122
4 6 0 0 123
4 6 4 0 123
6 3 0 6 123
3 1 6 6 123
3 1 6 7 123
3 1 6 8 123
1 4 8 0 123
2 2 8 4 123
1 4 9 6 123
1 4 9 0 123
8 1 0 9 123
4 6 0 0 124
4 6 4 0 124
6 3 0 6 124
3 1 6 6 124
3 1 6 7 124
3 1 6 8 124
1 4 8 0 124
2 2 8 4 124
1 4 9 6 124
1 4 9 0 124
8 1 0 9 124
4 6 0 0 125
4 6 4 0 125
6 3 0 6 125
3 1 6 6 125
3 1 6 7 125
3 1 6 8 125
1 4 8 0 125
2 2 8 4 125
1 4 9 6 125
1 4 9 0 125
8 1 0 9 125
4 6 0 0 126
4 6 4 0 126
6 3 0 6 126
3 1 6 6 126
3 1 6 7 126
3 1 6 8 126
1 4 8 0 126
2 2 8 4 126
1 4 9 6 126
1 4 9 0 126
8 1 0 9 126
4 6 0 0 127
4 6 4 0 127
6 3 0 6 127
3 1 6 6 127
3 1 6 7 127
3 1 6 8 127
1 4 8 0 127
2 2 8 4 127
1 4 9 6 127
1 4 9 0 127
8 1 0 9 127
4 6 0 0 128
4 6 4 0 128
6 3 0 6 128
3 1 6 6 128
3 1 6 7 128
3 1 6 8 128
2 2 8 0 128
2 2 8 2 128
2 2 8 4 128
1 4 9 6 128
8 1 0 9 128
4 6 0 0 129
4 6 4 0 129
6 3 0 6 129
3 1 6 6 129
3 1 6 7 129
3 1 6 8 129
2 2 8 0 129
2 2 8 2 129
2 2 8 4 129
1 4 9 6 129
8 1 0 9 129
4 6 0 0 130
4 6 4 0 130
6 3 0 6 130
3 1 6 6 130
3 1 6 7 130
3 1 6 8 130
2 2 8 0 130
2 2 8 2 130
2 2 8 4 130
1 4 9 6 130
8 1 0 9 130
4 6 0 0 131
4 6 4 0 131
6 3 0 6 131
3 1 6 6 131
3 1 6 7 131
3 1 6 8 131
2 2 8 0 131
2 2 8 2 131
2 2 8 4 131
1 4 9 6 131
8 1 0 9 131
4 6 0 0 132
4 6 4 0 132
6 3 0 6 132
3 1 6 6 132
3 1 6 7 132
3 1 6 8 132
2 2 8 0 132
2 2 8 2 132
1 4 9 4 132
8 1 0 9 132
4 6 0 0 133
4 6 4 0 133
6 3 0 6 133
3 1 6 6 133
3 1 6 7 133
3 1 6 8 133
2 2 8 0 133
1 4 8 2 133
1 4 9 2 133
1 4 9 6 133
8 1 0 9 133
4 6 0 0 134
4 6 4 0 134
6 3 0 6 134
3 1 6 6 134
3 1 6 7 134
3 1 6 8 134
1 4 8 0 134
2 2 8 4 134
1 4 9 6 134
1 4 9 0 134
8 1 0 9 134
4 6 0 0 135
4 6 4 0 135
6 3 0 6 135
3 1 6 6 135
3 1 6 7 135
3 1 6 8 135
2 2 8 0 135
2 2 8 2 135
2 2 8 4 135
1 4 9 6 135
8 1 0 9 135
4 6 0 0 136
4 6 4 0 136
6 3 0 6 136
3 1 6 6 136
3 1 6 7 136
3 1 6 8 136
1 4 8 0 136
2 2 8 4 136
1 4 9 6 136
1 4 9 0 136
8 1 0 9 136
4 6 0 0 137
4 6 4 0 137
6 3 0 6 137
3 1 6 6 137
3 1 6 7 137
3 1 6 8 137
1 4 8 0 137
2 2 8 4 137
1 4 9 6 137
1 4 9 0 137
8 1 0 9 137
4 6 0 0 138
4 6 4 0 138
6 3 0 6 138
3 1 6 6 138
3 1 6 7 138
3 1 6 8 138
1 4 8 0 138
2 2 8 4 138
1 4 9 6 138
1 4 9 0 138
8 1 0 9 138
4 6 0 0 139
4 6 4 0 139
6 3 0 6 139
3 1 6 6 139
3 1 6 7 139
3 1 6 8 139
1 4 8 0 139
2 2 8 4 139
1 4 9 6 139
1 4 9 0 139
8 1 0 9 139
4 6 0 0 140
4 6 4 0 140
6 3 0 6 140
3 1 6 6 140
3 1 6 7 140
3 1 6 8 140
1 4 8 0 140
2 2 8 4 140
1 4 9 6 140
1 4 9 0 140
8 1 0 9 140
4 6 0 0 141
4 6 4 0 141
6 3 0 6 141
3 1 6 6 141
3 1 6 7 141
3 1 6 8 141
1 4 8 0 141
2 2 8 4 141
1 4 9 6 141
1 4 9 0 141
8 1 0 9 141
4 6 0 0 142
4 6 4 0 142
6 3 0 6 142
3 1 6 6 142
3 1 6 7 142
3 1 6 8 142
1 4 8 0 142
2 2 8 4 142
1 4 9 6 142
1 4 9 0 142
8 1 0 9 142
4 6 0 0 143
4 6 4 0 143
6 3 0 6 143
3 1 6 6 143
3 1 6 7 143
3 1 6 8 143
2 2 8 0 143
2 2 8 2 143
2 2 8 4 143
1 4 9 6 143
8 1 0 9 143
4 6 0 0 144
4 6 4 0 144
6 3 0 6 144
3 1 6 6 144
3 1 6 7 144
3 1 6 8 144
2 2 8 0 144
1 4 8 2 144
1 4 9 2 144
1 4 9 6 144
8 1 0 9 144
4 6 0 0 145
4 6 4 0 145
6 3 0 6 145
3 1 6 6 145
3 1 6 7 145
3 1 6 8 145
2 2 8 0 145
1 4 8 2 145
1 4 9 2 145
1 4 9 6 145
8 1 0 9 145
4 6 0 0 146
4 6 4 0 146
6 3 0 6 146
3 1 6 6 146
3 1 6 7 146
3 1 6 8 146
2 2 8 0 146
1 4 8 2 146
1 4 9 2 146
1 4 9 6 146
8 1 0 9 146
4 6 0 0 147
4 6 4 0 147
6 3 0 6 147
3 1 6 6 147
3 1 6 7 147
3 1 6 8 147
1 4 8 0 147
2 2 8 4 147
1 4 9 6 147
1 4 9 0 147
8 1 0 9 147
4 6 0 0 148
4 6 4 0 148
6 3 0 6 148
3 1 6 6 148
3 1 6 7 148
3 1 6 8 148
2 2 8 0 148
2 2 8 2 148
2 2 8 4 148
1 4 9 6 148
8 1 0 9 148
4 6 0 0 149
4 6 4 0 149
6 3 0 6 149
3 1 6 6 149
3 1 6 7 149
3 1 6 8 149
2 2 8 0 149
2 2 8 2 149
1 4 9 4 149
8 1 0 9 149
4 6 0 0 150
4 6 4 0 150
6 3 0 6 150
3 1 6 6 150
3 1 6 7 150
3 1 6 8 150
2 2 8 0 150
1 4 8 2 150
1 4 9 2 150
1 4 9 6 150
8 1 0 9 150
4 6 0 0 151
4 6 4 0 151
6 3 0 6 151
3 1 6 6 151
3 1 6 7 151
3 1 6 8 151
1 4 8 0 151
2 2 8 4 151
1 4 9 6 151
1 4 9 0 151
8 1 0 9 151
4 6 0 0 152
4 6 4 0 152
6 3 0 6 152
3 1 6 6 152
3 1 6 7 152
3 1 6 8 152
2 2 8 0 152
2 2 8 2 152
2 2 8 4 152
1 4 9 6 152
8 1 0 9 152
4 6 0 0 153
4 6 4 0 153
6 3 0 6 153
3 1 6 6 153
3 1 6 7 153
3 1 6 8 153
2 2 8 0 153
1 4 8 2 153
1 4 9 2 153
1 4 9 6 153
8 1 0 9 153
4 6 0 0 154
4 6 4 0 154
6 3 0 6 154
3 1 6 6 154
3 1 6 7 154
3 1 6 8 154
2 2 8 0 154
2 2 8 2 154
2 2 8 4 154
1 4 9 6 154
8 1 0 9 154
4 6 0 0 155
4 6 4 0 155
6 3 0 6 155
3 1 6 6 155
3 1 6 7 155
3 1 6 8 155
2 2 8 0 155
2 2 8 2 155
2 2 8 4 155
1 4 9 6 155
8 1 0 9 155
4 6 0 0 156
4 6 4 0 156
6 3 0 6 156
3 1 6 6 156
3 1 6 7 156
3 1 6 8 156
2 2 8 0 156
2 2 8 2 156
1 4 9 4 156
8 1 0 9 156
4 6 0 0 157
4 6 4 0 157
6 3 0 6 157
3 1 6 6 157
3 1 6 7 157
3 1 6 8 157
1 4 8 0 157
2 2 8 4 157
1 4 9 6 157
1 4 9 0 157
8 1 0 9 157
4 6 0 0 158
4 6 4 0 158
6 3 0 6 158
3 1 6 6 158
3 1 6 7 158
3 1 6 8 158
1 4 8 0 158
2 2 8 4 158
1 4 9 6 158
1 4 9 0 158
8 1 0 9 158
4 6 0 0 159
4 6 4 0 159
6 3 0 6 159
3 1 6 6 159
3 1 6 7 159
3 1 6 8 159
1 4 8 0 159
2 2 8 4 159
1 4 9 6 159
1 4 9 0 159
8 1 0 9 159
6 3 0 0 160
6 3 0 3 160
4 9 6 0 160
3 1 0 6 160
3 1 3 6 160
3 1 0 7 160
3 1 3 7 160
3 1 0 8 160
3 1 3 8 160
8 1 0 9 160
3 2 0 0 161
3 2 0 2 161
3 2 0 4 161
6 3 0 6 161
6 3 3 0 161
6 3 3 3 161
2 3 6 6 161
2 3 8 6 161
8 1 0 9 161
6 3 0 0 162
6 3 0 3 162
6 3 0 6 162
3 2 6 0 162
3 2 6 2 162
2 3 6 4 162
3 2 6 7 162
2 3 8 4 162
8 1 0 9 162
6 3 0 0 163
6 3 0 3 163
3 2 0 6 163
2 3 3 6 163
2 3 5 6 163
3 2 0 8 163
2 3 6 0 163
2 3 6 3 163
3 2 7 6 163
2 3 8 0 163
3 2 7 8 163
2 3 8 3 163
6 3 0 0 164
6 3 0 3 164
3 2 0 6 164
2 3 3 6 164
3 2 0 8 164
3 2 5 6 164
2 3 6 0 164
2 3 6 3 164
3 2 5 8 164
2 7 8 0 164
3 2 0 0 165
3 2 0 2 165
6 3 0 4 165
6 3 3 0 165
6 3 0 7 165
3 2 6 3 165
3 2 6 5 165
2 3 6 7 165
2 3 8 7 165
6 3 0 0 166
6 3 0 3 166
6 3 0 6 166
3 2 6 0 166
3 2 6 2 166
3 2 6 4 166
2 3 6 6 166
2 3 8 6 166
8 1 0 9 166
3 2 0 0 167
3 2 0 2 167
6 3 0 4 167
6 3 3 0 167
6 3 0 7 167
2 3 6 3 167
3 2 6 6 167
2 3 8 3 167
3 2 6 8 167
6 3 0 0 168
6 3 0 3 168
6 3 0 6 168
3 2 6 0 168
2 3 6 2 168
3 2 6 5 168
2 3 8 2 168
2 3 6 7 168
2 3 8 7 168
6 3 0 0 169
6 3 0 3 169
3 2 0 6 169
3 2 3 6 169
3 2 0 8 169
3 2 3 8 169
3 2 6 0 169
2 3 6 2 169
2 3 6 5 169
3 2 6 8 169
2 3 8 2 169
2 3 8 5 169
3 2 0 0 170
3 2 0 2 170
6 3 0 4 170
6 3 3 0 170
6 3 0 7 170
3 2 6 3 170
2 3 6 5 170
2 3 8 5 170
3 2 6 8 170
6 3 0 0 171
6 3 0 3 171
6 3 0 6 171
3 2 6 0 171
3 2 6 2 171
3 2 6 4 171
3 2 6 6 171
3 2 6 8 171
3 2 0 0 172
3 2 0 2 172
3 2 0 4 172
6 3 0 6 172
6 3 3 0 172
6 3 3 3 172
3 2 6 6 172
3 2 6 8 172
6 3 0 0 173
6 3 0 3 173
6 3 0 6 173
3 2 6 0 173
3 2 6 2 173
2 3 6 4 173
3 2 6 7 173
2 3 8 4 173
8 1 0 9 173
3 2 0 0 174
3 2 0 2 174
3 2 0 4 174
6 3 0 6 174
6 3 3 0 174
6 3 3 3 174
2 3 6 6 174
2 3 8 6 174
8 1 0 9 174
6 3 0 0 175
6 3 0 3 175
6 3 0 6 175
3 2 6 0 175
3 2 6 2 175
2 3 6 4 175
2 3 6 7 175
2 3 8 4 175
2 3 8 7 175
3 2 0 0 176
3 2 0 2 176
6 3 0 4 176
6 3 3 0 176
6 3 0 7 176
2 3 6 3 176
3 2 6 6 176
2 3 8 3 176
3 2 6 8 176
6 3 0 0 177
6 3 0 3 177
6 3 0 6 177
3 2 6 0 177
2 3 6 2 177
3 2 6 5 177
3 2 6 7 177
2 3 8 2 177
8 1 0 9 177
6 3 0 0 178
6 3 0 3 178
3 2 0 6 178
2 3 3 6 178
3 2 0 8 178
2 3 5 6 178
3 2 6 0 178
3 2 6 2 178
2 3 7 4 178
2 3 7 7 178
6 3 0 0 179
6 3 0 3 179
3 2 0 6 179
3 2 3 6 179
3 2 0 8 179
3 2 3 8 179
3 2 6 0 179
3 2 6 2 179
3 2 6 4 179
2 3 6 6 179
2 3 8 6 179
3 2 0 0 180
3 2 0 2 180
6 3 0 4 180
6 3 3 0 180
6 3 0 7 180
3 2 6 3 180
3 2 6 5 180
3 2 6 7 180
6 3 0 0 181
6 3 0 3 181
6 3 0 6 181
3 2 6 0 181
3 2 6 2 181
8 1 0 9 181
3 3 6 4 181
8 1 0 0 182
8 1 0 1 182
8 1 0 2 182
6 3 0 3 182
6 3 0 6 182
8 1 0 9 182
3 3 6 3 182
3 3 6 6 182
6 3 0 0 183
6 3 0 3 183
6 3 0 6 183
8 1 0 9 183
3 3 6 0 183
3 3 6 3 183
3 3 6 6 183
8 1 0 0 184
8 1 0 1 184
8 1 0 2 184
6 3 0 3 184
6 3 0 6 184
8 1 0 9 184
3 3 6 3 184
3 3 6 6 184
6 3 0 0 185
6 3 0 3 185
6 3 0 6 185
8 1 0 9 185
3 3 6 0 185
3 3 6 3 185
3 3 6 6 185
8 1 0 0 186
8 1 0 1 186
8 1 0 2 186
6 3 0 3 186
6 3 0 6 186
8 1 0 9 186
3 3 6 3 186
3 3 6 6 186
6 3 0 0 187
6 3 0 3 187
6 3 0 6 187
8 1 0 9 187
3 3 6 0 187
3 3 6 3 187
3 3 6 6 187
8 1 0 0 188
8 1 0 1 188
8 1 0 2 188
6 3 0 3 188
6 3 0 6 188
8 1 0 9 188
3 3 6 3 188
3 3 6 6 188
6 3 0 0 189
6 3 0 3 189
6 3 0 6 189
8 1 0 9 189
3 3 6 0 189
3 3 6 3 189
3 3 6 6 189
8 1 0 0 190
8 1 0 1 190
8 1 0 2 190
6 3 0 3 190
6 3 0 6 190
8 1 0 9 190
3 3 6 3 190
3 3 6 6 190
6 3 0 0 191
6 3 0 3 191
6 3 0 6 191
8 1 0 9 191
3 3 6 0 191
3 3 6 3 191
3 3 6 6 191
8 1 0 0 192
8 1 0 1 192
8 1 0 2 192
6 3 0 3 192
6 3 0 6 192
8 1 0 9 192
3 3 6 3 192
3 3 6 6 192
6 3 0 0 193
6 3 0 3 193
6 3 0 6 193
8 1 0 9 193
3 3 6 0 193
3 3 6 3 193
3 3 6 6 193
8 1 0 0 194
8 1 0 1 194
8 1 0 2 194
6 3 0 3 194
6 3 0 6 194
8 1 0 9 194
3 3 6 3 194
3 3 6 6 194
6 3 0 0 195
6 3 0 3 195
6 3 0 6 195
8 1 0 9 195
3 3 6 0 195
3 3 6 3 195
3 3 6 6 195
8 1 0 0 196
8 1 0 1 196
8 1 0 2 196
6 3 0 3 196
6 3 0 6 196
8 1 0 9 196
3 3 6 3 196
3 3 6 6 196
6 3 0 0 197
6 3 0 3 197
6 3 0 6 197
8 1 0 9 197
3 3 6 0 197
3 3 6 3 197
3 3 6 6 197
8 1 0 0 198
8 1 0 1 198
8 1 0 2 198
6 3 0 3 198
6 3 0 6 198
8 1 0 9 198
3 3 6 3 198
3 3 6 6 198
6 3 0 0 199
6 3 0 3 199
6 3 0 6 199
8 1 0 9 199
3 3 6 0 199
3 3 6 3 199
3 3 6 6 199
8 1 0 0 200
8 1 0 1 200
8 1 0 2 200
6 3 0 3 200
6 3 0 6 200
8 1 0 9 200
3 3 6 3 200
3 3 6 6 200
6 3 0 0 201
6 3 0 3 201
6 3 0 6 201
8 1 0 9 201
3 3 6 0 201
3 3 6 3 201
3 3 6 6 201
8 1 0 0 202
8 1 0 1 202
8 1 0 2 202
6 3 0 3 202
6 3 0 6 202
8 1 0 9 202
3 3 6 3 202
3 3 6 6 202
6 3 0 0 203
6 3 0 3 203
6 3 0 6 203
8 1 0 9 203
3 3 6 0 203
3 3 6 3 203
3 3 6 6 203
8 1 0 0 204
8 1 0 1 204
8 1 0 2 204
6 3 0 3 204
6 3 0 6 204
8 1 0 9 204
3 3 6 3 204
3 3 6 6 204
6 3 0 0 205
6 3 0 3 205
6 3 0 6 205
8 1 0 9 205
3 3 6 0 205
3 3 6 3 205
3 3 6 6 205
8 1 0 0 206
8 1 0 1 206
8 1 0 2 206
6 3 0 3 206
6 3 0 6 206
8 1 0 9 206
3 3 6 3 206
3 3 6 6 206
6 3 0 0 207
6 3 0 3 207
6 3 0 6 207
8 1 0 9 207
3 3 6 0 207
3 3 6 3 207
3 3 6 6 207
8 1 0 0 208
8 1 0 1 208
8 1 0 2 208
6 3 0 3 208
6 3 0 6 208
8 1 0 9 208
3 3 6 3 208
3 3 6 6 208
6 3 0 0 209
6 3 0 3 209
6 3 0 6 209
8 1 0 9 209
3 3 6 0 209
3 3 6 3 209
3 3 6 6 209
8 1 0 0 210
8 1 0 1 210
8 1 0 2 210
6 3 0 3 210
6 3 0 6 210
8 1 0 9 210
3 3 6 3 210
3 3 6 6 210
6 3 0 0 211
6 3 0 3 211
6 3 0 6 211
8 1 0 9 211
3 3 6 0 211
2 7 8 3 211
8 1 0 0 212
8 1 0 1 212
8 1 0 2 212
6 3 0 3 212
6 3 0 6 212
8 1 0 9 212
3 3 6 3 212
3 3 6 6 212
6 3 0 0 213
6 3 0 3 213
6 3 0 6 213
8 1 0 9 213
2 7 6 0 213
2 7 8 0 213
8 1 0 0 214
8 1 0 1 214
8 1 0 2 214
6 3 0 3 214
6 3 0 6 214
8 1 0 9 214
3 3 6 3 214
3 3 6 6 214
6 3 0 0 215
6 3 0 3 215
6 3 0 6 215
8 1 0 9 215
2 7 6 0 215
2 7 8 0 215
8 1 0 0 216
8 1 0 1 216
8 1 0 2 216
6 3 0 3 216
6 3 0 6 216
8 1 0 9 216
3 3 6 3 216
3 3 6 6 216
6 3 0 0 217
6 3 0 3 217
6 3 0 6 217
2 7 6 0 217
2 7 8 0 217
2 7 0 0 218
2 7 2 0 218
2 7 4 0 218
6 3 0 7 218
2 7 6 0 218
2 7 8 0 218
6 3 0 0 219
6 3 0 3 219
6 3 0 6 219
2 7 6 0 219
2 7 8 0 219
2 7 0 0 220
2 7 2 0 220
2 7 4 0 220
6 3 0 7 220
2 7 6 0 220
2 7 8 0 220
6 3 0 0 221
6 3 0 3 221
6 3 0 6 221
2 7 6 0 221
2 7 8 0 221
2 7 0 0 222
2 7 2 0 222
2 7 4 0 222
6 3 0 7 222
2 7 6 0 222
2 7 8 0 222
6 3 0 0 223
6 3 0 3 223
6 3 0 6 223
2 7 6 0 223
2 7 8 0 223
2 7 0 0 224
2 7 2 0 224
2 7 4 0 224
6 3 0 7 224
2 7 6 0 224
2 7 8 0 224
6 3 0 0 225
6 3 0 3 225
6 3 0 6 225
2 7 6 0 225
2 7 8 0 225
2 7 0 0 226
2 7 2 0 226
2 7 4 0 226
6 3 0 7 226
2 7 6 0 226
2 7 8 0 226
6 3 0 0 227
6 3 0 3 227
6 3 0 6 227
2 7 6 0 227
2 7 8 0 227
2 7 0 0 228
2 7 2 0 228
2 7 4 0 228
6 3 0 7 228
2 7 6 0 228
2 7 8 0 228
6 3 0 0 229
6 3 0 3 229
6 3 0 6 229
2 7 6 0 229
2 7 8 0 229
2 7 0 0 230
2 7 2 0 230
2 7 4 0 230
6 3 0 7 230
2 7 6 0 230
2 7 8 0 230
6 3 0 0 231
6 3 0 3 231
6 3 0 6 231
2 7 6 0 231
2 7 8 0 231
2 7 0 0 232
2 7 2 0 232
2 7 4 0 232
6 3 0 7 232
2 7 6 0 232
2 7 8 0 232
6 3 0 0 233
6 3 0 3 233
6 3 0 6 233
2 7 6 0 233
2 7 8 0 233
2 7 0 0 234
2 7 2 0 234
2 7 4 0 234
6 3 0 7 234
2 7 6 0 234
2 7 8 0 234
6 3 0 0 235
6 3 0 3 235
6 3 0 6 235
2 7 6 0 235
2 7 8 0 235
2 7 0 0 236
2 7 2 0 236
2 7 4 0 236
6 3 0 7 236
2 7 6 0 236
2 7 8 0 236
6 3 0 0 237
6 3 0 3 237
6 3 0 6 237
2 7 6 0 237
2 7 8 0 237
2 7 0 0 238
2 7 2 0 238
2 7 4 0 238
6 3 0 7 238
2 7 6 0 238
2 7 8 0 238
6 3 0 0 239
6 3 0 3 239
6 3 0 6 239
2 7 6 0 239
2 7 8 0 239
2 7 0 0 240
2 7 2 0 240
2 7 4 0 240
6 3 0 7 240
2 7 6 0 240
2 7 8 0 240
6 3 0 0 241
6 3 0 3 241
6 3 0 6 241
2 7 6 0 241
2 7 8 0 241
2 7 0 0 242
2 7 2 0 242
2 7 4 0 242
6 3 0 7 242
2 7 6 0 242
2 7 8 0 242
2 7 0 0 243
2 7 2 0 243
6 3 0 7 243
2 7 6 0 243
2 7 4 0 243
2 7 8 0 243
2 7 0 0 244
2 7 2 0 244
2 7 4 0 244
2 7 6 0 244
2 7 8 0 244
2 7 0 0 245
2 7 2 0 245
2 7 4 0 245
2 7 6 0 245
2 7 8 0 245
2 7 0 0 246
2 7 2 0 246
2 7 4 0 246
2 7 6 0 246
2 7 8 0 246
2 7 0 0 247
2 7 2 0 247
2 7 4 0 247
2 7 6 0 247
2 7 8 0 247
2 7 0 0 248
2 7 2 0 248
2 7 4 0 248
2 7 6 0 248
2 7 8 0 248
2 7 0 0 249
2 7 2 0 249
2 7 4 0 249
2 7 6 0 249
2 7 8 0 249
2 7 0 0 250
2 7 2 0 250
2 7 4 0 250
2 7 6 0 250
2 7 8 0 250
2 7 0 0 251
2 7 2 0 251
2 7 4 0 251
2 7 6 0 251
2 7 8 0 251
2 7 0 0 252
2 7 2 0 252
2 7 4 0 252
2 7 6 0 252
2 7 8 0 252
2 7 0 0 253
2 7 2 0 253
2 7 4 0 253
2 7 6 0 253
2 7 8 0 253
2 7 0 0 254
2 7 2 0 254
2 7 4 0 254
2 7 6 0 254
2 7 8 0 254
2 7 0 0 255
2 7 2 0 255
2 7 4 0 255
2 7 6 0 255
2 7 8 0 255
2 7 0 0 256
2 7 2 0 256
2 7 4 0 256
2 7 6 0 256
2 7 8 0 256
2 7 0 0 257
2 7 2 0 257
2 7 4 0 257
2 7 6 0 257
2 7 8 0 257
2 7 0 0 258
2 7 2 0 258
2 7 4 0 258
2 7 6 0 258
2 7 8 0 258
2 7 0 0 259
2 7 2 0 259
2 7 4 0 259
2 7 6 0 259
2 7 8 0 259
2 7 0 0 260
2 7 2 0 260
2 7 4 0 260
2 7 6 0 260
2 7 8 0 260
2 7 0 0 261
2 7 2 0 261
2 7 4 0 261
2 7 6 0 261
2 7 8 0 261
2 7 0 0 262
2 7 2 0 262
2 7 4 0 262
2 7 6 0 262
2 7 8 0 262
2 7 0 0 263
