% State of a bin packing problem:
%
% Bin number: 672
% Total uncovered points: 6260
% Total covered points: 60940
% Number of boxes: 2000
% Unused boxes: 0
% Runtime: None
%
% Bin size:
10 10
%
% Boxes (width, height) not in some bins:
%
% Boxes (width, height, x_position, y_position, bin_id) in bins:
10 10 0 0 0
10 10 0 0 1
10 10 0 0 2
10 10 0 0 3
10 10 0 0 4
10 10 0 0 5
10 10 0 0 6
10 10 0 0 7
10 10 0 0 8
10 10 0 0 9
10 10 0 0 10
10 10 0 0 11
10 10 0 0 12
10 10 0 0 13
10 10 0 0 14
10 10 0 0 15
10 10 0 0 16
10 10 0 0 17
10 10 0 0 18
10 10 0 0 19
10 10 0 0 20
9 10 0 0 21
1 1 9 0 21
1 1 9 1 21
1 1 9 2 21
1 1 9 3 21
1 1 9 4 21
1 1 9 5 21
1 1 9 6 21
1 1 9 7 21
1 1 9 8 21
1 1 9 9 21
9 10 0 0 22
1 1 9 0 22
1 1 9 1 22
1 1 9 2 22
1 1 9 3 22
1 1 9 4 22
1 1 9 5 22
1 2 9 6 22
1 2 9 8 22
9 10 0 0 23
1 2 9 0 23
1 2 9 2 23
1 2 9 4 23
1 2 9 6 23
1 2 9 8 23
9 10 0 0 24
1 2 9 0 24
1 2 9 2 24
1 2 9 4 24
1 2 9 6 24
1 2 9 8 24
10 9 0 0 25
2 1 0 9 25
2 1 2 9 25
2 1 4 9 25
2 1 6 9 25
2 1 8 9 25
10 9 0 0 26
2 1 0 9 26
2 1 2 9 26
2 1 4 9 26
2 1 6 9 26
2 1 8 9 26
9 10 0 0 27
1 3 9 0 27
1 3 9 3 27
1 3 9 6 27
9 10 0 0 28
1 3 9 0 28
1 3 9 3 28
1 3 9 6 28
10 9 0 0 29
2 1 0 9 29
2 1 2 9 29
2 1 4 9 29
2 1 6 9 29
2 1 8 9 29
9 10 0 0 30
1 3 9 0 30
1 3 9 3 30
1 3 9 6 30
9 10 0 0 31
1 3 9 0 31
1 3 9 3 31
1 3 9 6 31
9 10 0 0 32
1 3 9 0 32
1 3 9 3 32
1 3 9 6 32
9 10 0 0 33
1 3 9 0 33
1 3 9 3 33
1 3 9 6 33
10 9 0 0 34
2 1 0 9 34
2 1 2 9 34
3 1 4 9 34
3 1 7 9 34
10 9 0 0 35
3 1 0 9 35
3 1 3 9 35
3 1 6 9 35
9 10 0 0 36
1 3 9 0 36
1 3 9 3 36
1 3 9 6 36
10 9 0 0 37
3 1 0 9 37
3 1 3 9 37
3 1 6 9 37
10 9 0 0 38
3 1 0 9 38
3 1 3 9 38
3 1 6 9 38
10 9 0 0 39
3 1 0 9 39
3 1 3 9 39
3 1 6 9 39
10 9 0 0 40
3 1 0 9 40
3 1 3 9 40
3 1 6 9 40
10 9 0 0 41
3 1 0 9 41
3 1 3 9 41
3 1 6 9 41
10 9 0 0 42
3 1 0 9 42
3 1 3 9 42
3 1 6 9 42
10 9 0 0 43
3 1 0 9 43
3 1 3 9 43
3 1 6 9 43
10 9 0 0 44
3 1 0 9 44
3 1 3 9 44
3 1 6 9 44
9 10 0 0 45
1 3 9 0 45
1 3 9 3 45
1 3 9 6 45
9 10 0 0 46
1 4 9 0 46
1 4 9 4 46
9 10 0 0 47
1 4 9 0 47
1 4 9 4 47
10 9 0 0 48
4 1 0 9 48
4 1 4 9 48
10 9 0 0 49
4 1 0 9 49
4 1 4 9 49
10 9 0 0 50
4 1 0 9 50
4 1 4 9 50
10 9 0 0 51
4 1 0 9 51
4 1 4 9 51
9 10 0 0 52
1 4 9 0 52
1 4 9 4 52
10 9 0 0 53
4 1 0 9 53
4 1 4 9 53
9 10 0 0 54
1 4 9 0 54
1 5 9 4 54
10 9 0 0 55
4 1 0 9 55
4 1 4 9 55
9 10 0 0 56
1 5 9 0 56
1 5 9 5 56
10 9 0 0 57
4 1 0 9 57
4 1 4 9 57
9 10 0 0 58
1 5 9 0 58
1 5 9 5 58
9 10 0 0 59
1 5 9 0 59
1 5 9 5 59
10 9 0 0 60
4 1 0 9 60
4 1 4 9 60
9 9 0 0 61
4 1 0 9 61
4 1 4 9 61
1 5 9 0 61
1 5 9 5 61
9 9 0 0 62
4 1 0 9 62
4 1 4 9 62
1 6 9 0 62
9 9 0 0 63
4 1 0 9 63
5 1 4 9 63
1 6 9 0 63
9 9 0 0 64
5 1 0 9 64
5 1 5 9 64
1 5 9 0 64
9 9 0 0 65
5 1 0 9 65
5 1 5 9 65
1 5 9 0 65
9 9 0 0 66
5 1 0 9 66
5 1 5 9 66
1 5 9 0 66
9 9 0 0 67
5 1 0 9 67
5 1 5 9 67
1 5 9 0 67
9 9 0 0 68
5 1 0 9 68
5 1 5 9 68
1 5 9 0 68
9 9 0 0 69
5 1 0 9 69
5 1 5 9 69
1 5 9 0 69
9 9 0 0 70
5 1 0 9 70
5 1 5 9 70
1 5 9 0 70
9 9 0 0 71
5 1 0 9 71
5 1 5 9 71
1 5 9 0 71
9 9 0 0 72
5 1 0 9 72
5 1 5 9 72
1 5 9 0 72
9 9 0 0 73
5 1 0 9 73
5 1 5 9 73
1 5 9 0 73
9 9 0 0 74
5 1 0 9 74
5 1 5 9 74
1 6 9 0 74
9 9 0 0 75
6 1 0 9 75
1 6 9 0 75
9 9 0 0 76
6 1 0 9 76
1 6 9 0 76
9 9 0 0 77
6 1 0 9 77
1 6 9 0 77
9 9 0 0 78
6 1 0 9 78
1 6 9 0 78
9 9 0 0 79
6 1 0 9 79
1 6 9 0 79
9 9 0 0 80
6 1 0 9 80
1 6 9 0 80
8 10 0 0 81
2 2 8 0 81
2 2 8 2 81
2 2 8 4 81
1 4 8 6 81
1 4 9 6 81
10 8 0 0 82
2 2 0 8 82
2 2 2 8 82
2 2 4 8 82
2 2 6 8 82
2 2 8 8 82
10 8 0 0 83
2 2 0 8 83
2 2 2 8 83
2 2 4 8 83
4 1 6 8 83
4 1 6 9 83
8 10 0 0 84
2 2 8 0 84
2 2 8 2 84
2 2 8 4 84
2 2 8 6 84
8 10 0 0 85
2 3 8 0 85
2 3 8 3 85
2 3 8 6 85
8 10 0 0 86
2 3 8 0 86
2 3 8 3 86
2 3 8 6 86
8 10 0 0 87
2 3 8 0 87
2 3 8 3 87
2 3 8 6 87
8 10 0 0 88
2 3 8 0 88
2 3 8 3 88
2 3 8 6 88
8 10 0 0 89
2 3 8 0 89
2 3 8 3 89
2 3 8 6 89
10 8 0 0 90
3 2 0 8 90
3 2 3 8 90
3 2 6 8 90
10 8 0 0 91
3 2 0 8 91
3 2 3 8 91
3 2 6 8 91
8 10 0 0 92
2 4 8 0 92
2 4 8 4 92
8 10 0 0 93
2 4 8 0 93
2 4 8 4 93
10 8 0 0 94
3 2 0 8 94
3 2 3 8 94
3 2 6 8 94
10 8 0 0 95
3 2 0 8 95
3 2 3 8 95
3 2 6 8 95
10 8 0 0 96
3 2 0 8 96
3 2 3 8 96
3 2 6 8 96
8 10 0 0 97
2 4 8 0 97
2 4 8 4 97
10 8 0 0 98
3 2 0 8 98
3 2 3 8 98
3 2 6 8 98
10 8 0 0 99
3 2 0 8 99
3 2 3 8 99
3 2 6 8 99
10 8 0 0 100
3 2 0 8 100
3 2 3 8 100
3 2 6 8 100
10 8 0 0 101
3 2 0 8 101
3 2 3 8 101
3 2 6 8 101
8 10 0 0 102
2 4 8 0 102
2 4 8 4 102
8 10 0 0 103
2 4 8 0 103
2 4 8 4 103
10 8 0 0 104
3 2 0 8 104
4 2 3 8 104
10 8 0 0 105
4 2 0 8 105
4 2 4 8 105
10 8 0 0 106
4 2 0 8 106
4 2 4 8 106
8 10 0 0 107
2 4 8 0 107
2 4 8 4 107
8 10 0 0 108
2 4 8 0 108
2 4 8 4 108
10 8 0 0 109
4 2 0 8 109
4 2 4 8 109
8 10 0 0 110
2 4 8 0 110
2 4 8 4 110
8 10 0 0 111
2 4 8 0 111
2 4 8 4 111
8 10 0 0 112
2 4 8 0 112
2 5 8 4 112
8 10 0 0 113
1 10 8 0 113
1 10 9 0 113
8 10 0 0 114
1 10 8 0 114
1 10 9 0 114
10 8 0 0 115
4 2 0 8 115
4 2 4 8 115
10 8 0 0 116
4 2 0 8 116
4 2 4 8 116
8 10 0 0 117
2 5 8 0 117
2 5 8 5 117
8 10 0 0 118
1 10 8 0 118
1 10 9 0 118
10 8 0 0 119
4 2 0 8 119
4 2 4 8 119
8 10 0 0 120
1 10 8 0 120
1 10 9 0 120
8 9 0 0 121
6 1 0 9 121
2 5 8 0 121
2 5 8 5 121
8 9 0 0 122
6 1 0 9 122
1 10 8 0 122
1 10 9 0 122
9 8 0 0 123
1 6 9 0 123
4 2 0 8 123
4 2 4 8 123
9 8 0 0 124
1 6 9 0 124
4 2 0 8 124
4 2 4 8 124
9 8 0 0 125
1 6 9 0 125
4 2 0 8 125
4 2 4 8 125
8 9 0 0 126
6 1 0 9 126
1 10 8 0 126
1 10 9 0 126
8 9 0 0 127
6 1 0 9 127
1 10 8 0 127
1 10 9 0 127
9 8 0 0 128
1 6 9 0 128
4 2 0 8 128
4 2 4 8 128
8 9 0 0 129
6 1 0 9 129
1 10 8 0 129
1 10 9 0 129
9 8 0 0 130
1 6 9 0 130
4 2 0 8 130
4 2 4 8 130
9 8 0 0 131
1 6 9 0 131
4 2 0 8 131
5 2 4 8 131
8 9 0 0 132
6 1 0 9 132
2 5 8 0 132
2 5 8 5 132
9 8 0 0 133
1 6 9 0 133
9 1 0 8 133
9 1 0 9 133
9 8 0 0 134
1 6 9 0 134
9 1 0 8 134
9 1 0 9 134
9 8 0 0 135
1 6 9 0 135
5 2 0 8 135
5 2 5 8 135
8 9 0 0 136
6 1 0 9 136
2 5 8 0 136
2 5 8 5 136
8 9 0 0 137
6 1 0 9 137
1 10 8 0 137
1 10 9 0 137
8 9 0 0 138
6 1 0 9 138
2 5 8 0 138
2 5 8 5 138
9 8 0 0 139
1 6 9 0 139
10 1 0 8 139
10 1 0 9 139
8 9 0 0 140
6 1 0 9 140
1 10 8 0 140
1 10 9 0 140
8 9 0 0 141
6 1 0 9 141
2 5 8 0 141
2 5 8 5 141
9 8 0 0 142
1 6 9 0 142
5 2 0 8 142
5 2 5 8 142
9 8 0 0 143
1 6 9 0 143
10 1 0 8 143
10 1 0 9 143
8 9 0 0 144
6 1 0 9 144
2 5 8 0 144
2 5 8 5 144
9 8 0 0 145
1 6 9 0 145
5 2 0 8 145
5 2 5 8 145
8 9 0 0 146
6 1 0 9 146
2 6 8 0 146
9 8 0 0 147
1 6 9 0 147
10 1 0 8 147
10 1 0 9 147
8 9 0 0 148
6 1 0 9 148
2 6 8 0 148
8 9 0 0 149
6 1 0 9 149
2 6 8 0 149
9 8 0 0 150
1 6 9 0 150
5 2 0 8 150
5 2 5 8 150
8 9 0 0 151
6 1 0 9 151
2 6 8 0 151
8 9 0 0 152
6 1 0 9 152
2 6 8 0 152
8 9 0 0 153
6 1 0 9 153
2 6 8 0 153
9 8 0 0 154
1 6 9 0 154
5 2 0 8 154
5 2 5 8 154
9 8 0 0 155
1 7 9 0 155
10 1 0 8 155
10 1 0 9 155
8 9 0 0 156
6 1 0 9 156
2 6 8 0 156
9 8 0 0 157
1 7 9 0 157
5 2 0 8 157
5 2 5 8 157
8 9 0 0 158
6 1 0 9 158
2 6 8 0 158
8 9 0 0 159
6 1 0 9 159
2 6 8 0 159
9 8 0 0 160
1 7 9 0 160
5 2 0 8 160
8 9 0 0 161
7 1 0 9 161
2 6 8 0 161
8 9 0 0 162
7 1 0 9 162
2 6 8 0 162
7 10 0 0 163
3 4 7 0 163
2 6 7 4 163
10 7 0 0 164
5 3 0 7 164
5 3 5 7 164
10 7 0 0 165
5 3 0 7 165
5 3 5 7 165
7 10 0 0 166
3 4 7 0 166
3 4 7 4 166
7 10 0 0 167
3 4 7 0 167
2 6 7 4 167
7 10 0 0 168
3 4 7 0 168
2 6 7 4 168
10 7 0 0 169
5 3 0 7 169
5 3 5 7 169
10 7 0 0 170
5 3 0 7 170
5 3 5 7 170
10 7 0 0 171
5 3 0 7 171
5 3 5 7 171
10 7 0 0 172
5 3 0 7 172
5 3 5 7 172
10 7 0 0 173
5 3 0 7 173
5 3 5 7 173
7 10 0 0 174
3 4 7 0 174
3 4 7 4 174
10 7 0 0 175
5 3 0 7 175
5 3 5 7 175
10 7 0 0 176
5 3 0 7 176
7 10 0 0 177
3 4 7 0 177
2 6 7 4 177
7 10 0 0 178
3 4 7 0 178
2 6 7 4 178
7 10 0 0 179
3 4 7 0 179
3 4 7 4 179
10 7 0 0 180
6 3 0 7 180
7 10 0 0 181
3 4 7 0 181
2 6 7 4 181
10 7 0 0 182
6 3 0 7 182
7 10 0 0 183
3 5 7 0 183
3 5 7 5 183
10 7 0 0 184
6 3 0 7 184
7 10 0 0 185
3 5 7 0 185
3 5 7 5 185
10 7 0 0 186
6 3 0 7 186
7 10 0 0 187
3 5 7 0 187
3 5 7 5 187
7 10 0 0 188
3 5 7 0 188
3 5 7 5 188
7 10 0 0 189
3 5 7 0 189
3 5 7 5 189
10 7 0 0 190
6 3 0 7 190
10 7 0 0 191
6 3 0 7 191
7 10 0 0 192
3 5 7 0 192
3 5 7 5 192
7 10 0 0 193
3 5 7 0 193
3 5 7 5 193
10 7 0 0 194
9 2 0 7 194
10 7 0 0 195
9 2 0 7 195
10 7 0 0 196
9 2 0 7 196
10 7 0 0 197
9 2 0 7 197
7 10 0 0 198
3 5 7 0 198
3 5 7 5 198
10 7 0 0 199
9 2 0 7 199
7 10 0 0 200
3 5 7 0 200
3 5 7 5 200
10 7 0 0 201
9 2 0 7 201
7 10 0 0 202
3 5 7 0 202
3 5 7 5 202
7 10 0 0 203
3 5 7 0 203
3 5 7 5 203
10 7 0 0 204
6 3 0 7 204
10 7 0 0 205
6 3 0 7 205
7 10 0 0 206
3 5 7 0 206
3 5 7 5 206
7 10 0 0 207
3 5 7 0 207
3 5 7 5 207
10 7 0 0 208
6 3 0 7 208
7 10 0 0 209
3 5 7 0 209
3 5 7 5 209
7 10 0 0 210
3 6 7 0 210
8 8 0 0 211
10 1 0 8 211
10 1 0 9 211
2 5 8 0 211
8 8 0 0 212
10 1 0 8 212
2 6 8 0 212
8 8 0 0 213
6 2 0 8 213
2 6 8 0 213
8 8 0 0 214
6 2 0 8 214
2 6 8 0 214
8 8 0 0 215
6 2 0 8 215
2 6 8 0 215
8 8 0 0 216
6 2 0 8 216
2 7 8 0 216
8 8 0 0 217
6 2 0 8 217
2 7 8 0 217
8 8 0 0 218
6 2 0 8 218
2 7 8 0 218
8 8 0 0 219
6 2 0 8 219
2 7 8 0 219
8 8 0 0 220
6 2 0 8 220
2 7 8 0 220
8 8 0 0 221
6 2 0 8 221
2 7 8 0 221
8 8 0 0 222
6 2 0 8 222
2 7 8 0 222
9 7 0 0 223
1 7 9 0 223
9 2 0 7 223
7 9 0 0 224
7 1 0 9 224
3 6 7 0 224
7 9 0 0 225
7 1 0 9 225
3 6 7 0 225
9 7 0 0 226
1 7 9 0 226
6 3 0 7 226
9 7 0 0 227
1 7 9 0 227
9 2 0 7 227
7 9 0 0 228
7 1 0 9 228
3 6 7 0 228
9 7 0 0 229
1 7 9 0 229
6 3 0 7 229
7 9 0 0 230
7 1 0 9 230
3 6 7 0 230
9 7 0 0 231
1 7 9 0 231
9 2 0 7 231
9 7 0 0 232
1 7 9 0 232
9 2 0 7 232
7 9 0 0 233
7 1 0 9 233
3 6 7 0 233
9 7 0 0 234
1 7 9 0 234
9 2 0 7 234
7 9 0 0 235
7 1 0 9 235
3 6 7 0 235
9 7 0 0 236
1 7 9 0 236
9 2 0 7 236
9 7 0 0 237
1 7 9 0 237
6 3 0 7 237
7 9 0 0 238
7 1 0 9 238
3 6 7 0 238
9 7 0 0 239
1 7 9 0 239
9 2 0 7 239
9 7 0 0 240
1 7 9 0 240
6 3 0 7 240
7 9 0 0 241
7 1 0 9 241
3 6 7 0 241
9 7 0 0 242
1 7 9 0 242
6 3 0 7 242
9 7 0 0 243
1 7 9 0 243
9 2 0 7 243
7 9 0 0 244
7 1 0 9 244
3 6 7 0 244
7 9 0 0 245
7 1 0 9 245
3 6 7 0 245
7 9 0 0 246
7 1 0 9 246
3 6 7 0 246
7 9 0 0 247
7 1 0 9 247
3 6 7 0 247
9 7 0 0 248
1 7 9 0 248
9 2 0 7 248
7 9 0 0 249
7 1 0 9 249
3 6 7 0 249
9 7 0 0 250
1 7 9 0 250
9 2 0 7 250
9 7 0 0 251
1 8 9 0 251
3 3 0 7 251
3 3 3 7 251
3 3 6 7 251
9 7 0 0 252
1 8 9 0 252
3 3 0 7 252
3 3 3 7 252
3 3 6 7 252
9 7 0 0 253
1 8 9 0 253
3 3 0 7 253
3 3 3 7 253
3 3 6 7 253
9 7 0 0 254
1 8 9 0 254
3 3 0 7 254
3 3 3 7 254
3 3 6 7 254
7 9 0 0 255
7 1 0 9 255
3 6 7 0 255
9 7 0 0 256
1 8 9 0 256
3 3 0 7 256
3 3 3 7 256
3 3 6 7 256
7 9 0 0 257
7 1 0 9 257
3 6 7 0 257
9 7 0 0 258
1 8 9 0 258
3 3 0 7 258
3 3 3 7 258
9 7 0 0 259
1 8 9 0 259
4 3 0 7 259
6 2 4 8 259
7 9 0 0 260
7 1 0 9 260
3 6 7 0 260
7 9 0 0 261
7 1 0 9 261
3 6 7 0 261
6 10 0 0 262
4 5 6 0 262
4 5 6 5 262
10 6 0 0 263
5 4 0 6 263
5 4 5 6 263
10 6 0 0 264
10 2 0 6 264
10 2 0 8 264
10 6 0 0 265
10 2 0 6 265
10 2 0 8 265
6 10 0 0 266
4 5 6 0 266
4 5 6 5 266
10 6 0 0 267
5 4 0 6 267
5 4 5 6 267
10 6 0 0 268
10 2 0 6 268
10 2 0 8 268
10 6 0 0 269
5 4 0 6 269
5 4 5 6 269
10 6 0 0 270
5 4 0 6 270
5 4 5 6 270
10 6 0 0 271
10 2 0 6 271
10 2 0 8 271
6 10 0 0 272
4 5 6 0 272
4 5 6 5 272
6 10 0 0 273
4 5 6 0 273
4 5 6 5 273
10 6 0 0 274
10 2 0 6 274
10 2 0 8 274
6 10 0 0 275
4 5 6 0 275
4 5 6 5 275
6 10 0 0 276
4 5 6 0 276
4 5 6 5 276
6 10 0 0 277
4 5 6 0 277
6 10 0 0 278
4 10 6 0 278
6 10 0 0 279
4 10 6 0 279
10 6 0 0 280
5 4 0 6 280
5 4 5 6 280
10 6 0 0 281
5 4 0 6 281
5 4 5 6 281
10 6 0 0 282
10 2 0 6 282
10 2 0 8 282
6 10 0 0 283
4 10 6 0 283
10 6 0 0 284
10 2 0 6 284
10 2 0 8 284
10 6 0 0 285
10 2 0 6 285
10 2 0 8 285
6 10 0 0 286
4 10 6 0 286
8 7 0 0 287
2 7 8 0 287
6 3 0 7 287
8 7 0 0 288
2 7 8 0 288
6 3 0 7 288
8 7 0 0 289
2 7 8 0 289
9 2 0 7 289
7 8 0 0 290
6 2 0 8 290
3 6 7 0 290
8 7 0 0 291
2 7 8 0 291
9 2 0 7 291
8 7 0 0 292
2 7 8 0 292
9 2 0 7 292
7 8 0 0 293
6 2 0 8 293
3 6 7 0 293
7 8 0 0 294
6 2 0 8 294
2 10 7 0 294
8 7 0 0 295
2 7 8 0 295
10 2 0 7 295
8 7 0 0 296
2 7 8 0 296
10 2 0 7 296
8 7 0 0 297
2 8 8 0 297
8 2 0 8 297
7 8 0 0 298
6 2 0 8 298
2 10 7 0 298
7 8 0 0 299
6 2 0 8 299
2 10 7 0 299
7 8 0 0 300
6 2 0 8 300
2 10 7 0 300
8 7 0 0 301
2 8 8 0 301
8 2 0 8 301
8 7 0 0 302
2 8 8 0 302
8 2 0 8 302
8 7 0 0 303
2 8 8 0 303
8 2 0 8 303
7 8 0 0 304
6 2 0 8 304
2 10 7 0 304
8 7 0 0 305
2 8 8 0 305
8 2 0 8 305
8 7 0 0 306
2 8 8 0 306
8 2 0 8 306
7 8 0 0 307
6 2 0 8 307
2 10 7 0 307
7 8 0 0 308
6 2 0 8 308
2 10 7 0 308
7 8 0 0 309
6 2 0 8 309
2 10 7 0 309
8 7 0 0 310
2 8 8 0 310
8 2 0 8 310
8 7 0 0 311
2 8 8 0 311
8 2 0 8 311
7 8 0 0 312
6 2 0 8 312
2 10 7 0 312
7 8 0 0 313
6 2 0 8 313
2 10 7 0 313
8 7 0 0 314
2 8 8 0 314
8 2 0 8 314
8 7 0 0 315
2 8 8 0 315
8 2 0 8 315
8 7 0 0 316
2 8 8 0 316
8 2 0 8 316
8 7 0 0 317
2 8 8 0 317
8 2 0 8 317
8 7 0 0 318
2 8 8 0 318
8 2 0 8 318
7 8 0 0 319
6 2 0 8 319
2 10 7 0 319
7 8 0 0 320
6 2 0 8 320
3 7 7 0 320
8 7 0 0 321
2 8 8 0 321
9 2 0 8 321
8 7 0 0 322
2 8 8 0 322
6 3 0 7 322
8 7 0 0 323
2 8 8 0 323
9 2 0 8 323
8 7 0 0 324
2 8 8 0 324
9 2 0 8 324
8 7 0 0 325
2 8 8 0 325
9 2 0 8 325
7 8 0 0 326
6 2 0 8 326
3 7 7 0 326
7 8 0 0 327
6 2 0 8 327
3 7 7 0 327
7 8 0 0 328
6 2 0 8 328
3 7 7 0 328
8 7 0 0 329
2 9 8 0 329
6 3 0 7 329
8 7 0 0 330
2 9 8 0 330
6 3 0 7 330
7 8 0 0 331
6 2 0 8 331
3 7 7 0 331
8 7 0 0 332
2 9 8 0 332
6 3 0 7 332
7 8 0 0 333
6 2 0 8 333
3 7 7 0 333
9 6 0 0 334
1 8 9 0 334
7 2 0 8 334
7 2 0 6 334
6 9 0 0 335
7 1 0 9 335
4 4 6 0 335
4 4 6 4 335
6 9 0 0 336
7 1 0 9 336
4 4 6 0 336
4 4 6 4 336
9 6 0 0 337
1 8 9 0 337
7 2 0 8 337
7 2 0 6 337
6 9 0 0 338
7 1 0 9 338
4 4 6 0 338
4 4 6 4 338
9 6 0 0 339
1 8 9 0 339
7 2 0 8 339
7 2 0 6 339
9 6 0 0 340
1 8 9 0 340
7 2 0 8 340
7 2 0 6 340
9 6 0 0 341
1 8 9 0 341
7 2 0 8 341
7 2 0 6 341
9 6 0 0 342
1 8 9 0 342
7 2 0 8 342
7 2 0 6 342
6 9 0 0 343
7 1 0 9 343
4 4 6 0 343
4 4 6 4 343
6 9 0 0 344
7 1 0 9 344
4 4 6 0 344
4 4 6 4 344
9 6 0 0 345
1 8 9 0 345
7 2 0 8 345
7 2 0 6 345
9 6 0 0 346
1 8 9 0 346
7 2 0 8 346
7 2 0 6 346
9 6 0 0 347
1 8 9 0 347
7 2 0 8 347
7 2 0 6 347
9 6 0 0 348
1 8 9 0 348
7 2 0 8 348
7 2 0 6 348
6 9 0 0 349
8 1 0 9 349
4 4 6 0 349
4 4 6 4 349
9 6 0 0 350
1 8 9 0 350
7 2 0 8 350
7 2 0 6 350
9 6 0 0 351
1 8 9 0 351
7 2 0 8 351
7 2 0 6 351
6 9 0 0 352
8 1 0 9 352
4 4 6 0 352
4 4 6 4 352
9 6 0 0 353
1 8 9 0 353
7 2 0 8 353
8 2 0 6 353
6 9 0 0 354
8 1 0 9 354
4 4 6 0 354
4 4 6 4 354
6 9 0 0 355
8 1 0 9 355
4 4 6 0 355
4 5 6 4 355
6 9 0 0 356
8 1 0 9 356
2 9 8 0 356
2 9 6 0 356
9 6 0 0 357
1 8 9 0 357
8 2 0 8 357
8 2 0 6 357
6 9 0 0 358
8 1 0 9 358
2 9 8 0 358
2 9 6 0 358
6 9 0 0 359
8 1 0 9 359
2 9 8 0 359
2 9 6 0 359
9 6 0 0 360
1 8 9 0 360
8 2 0 8 360
8 2 0 6 360
9 6 0 0 361
1 9 9 0 361
9 1 0 9 361
4 3 0 6 361
4 3 4 6 361
9 6 0 0 362
1 9 9 0 362
9 1 0 9 362
4 3 0 6 362
4 3 4 6 362
6 9 0 0 363
8 1 0 9 363
2 9 8 0 363
2 9 6 0 363
6 9 0 0 364
8 1 0 9 364
2 9 8 0 364
2 9 6 0 364
9 6 0 0 365
1 9 9 0 365
9 1 0 9 365
4 3 0 6 365
4 3 4 6 365
9 6 0 0 366
1 9 9 0 366
9 1 0 9 366
4 3 0 6 366
4 3 4 6 366
9 6 0 0 367
1 9 9 0 367
9 1 0 9 367
4 3 0 6 367
4 3 4 6 367
6 9 0 0 368
8 1 0 9 368
2 9 8 0 368
2 9 6 0 368
9 6 0 0 369
1 9 9 0 369
9 1 0 9 369
5 3 0 6 369
6 9 0 0 370
8 1 0 9 370
2 9 8 0 370
2 9 6 0 370
6 9 0 0 371
8 1 0 9 371
2 9 8 0 371
2 9 6 0 371
6 9 0 0 372
8 1 0 9 372
2 9 8 0 372
2 9 6 0 372
9 6 0 0 373
1 9 9 0 373
9 1 0 9 373
5 3 0 6 373
6 9 0 0 374
8 1 0 9 374
2 10 8 0 374
9 6 0 0 375
1 9 9 0 375
9 1 0 9 375
5 3 0 6 375
9 6 0 0 376
1 9 9 0 376
9 1 0 9 376
5 3 0 6 376
6 9 0 0 377
8 1 0 9 377
2 10 8 0 377
9 6 0 0 378
1 9 9 0 378
9 1 0 9 378
5 3 0 6 378
9 6 0 0 379
1 9 9 0 379
9 1 0 9 379
5 3 0 6 379
9 6 0 0 380
1 9 9 0 380
9 1 0 9 380
5 3 0 6 380
9 6 0 0 381
1 9 9 0 381
9 1 0 9 381
5 3 0 6 381
6 9 0 0 382
9 1 0 9 382
1 9 9 0 382
3 4 6 0 382
3 4 6 4 382
6 9 0 0 383
9 1 0 9 383
1 9 9 0 383
3 4 6 0 383
3 4 6 4 383
9 6 0 0 384
1 9 9 0 384
9 1 0 9 384
5 3 0 6 384
9 6 0 0 385
1 9 9 0 385
9 1 0 9 385
5 3 0 6 385
9 6 0 0 386
1 9 9 0 386
10 1 0 9 386
5 3 0 6 386
6 9 0 0 387
9 1 0 9 387
1 9 9 0 387
3 4 6 0 387
3 4 6 4 387
5 10 0 0 388
5 10 5 0 388
10 5 0 0 389
10 5 0 5 389
10 2 0 0 390
10 2 0 2 390
10 2 0 4 390
5 4 0 6 390
5 4 5 6 390
10 5 0 0 391
10 5 0 5 391
10 5 0 0 392
10 5 0 5 392
5 10 0 0 393
5 10 5 0 393
10 2 0 0 394
10 2 0 2 394
10 2 0 4 394
10 2 0 6 394
10 2 0 8 394
10 5 0 0 395
10 5 0 5 395
10 5 0 0 396
10 5 0 5 396
10 5 0 0 397
10 5 0 5 397
5 10 0 0 398
5 10 5 0 398
10 5 0 0 399
10 5 0 5 399
10 2 0 0 400
10 2 0 2 400
10 2 0 4 400
7 3 0 6 400
5 10 0 0 401
5 10 5 0 401
10 5 0 0 402
10 5 0 5 402
5 10 0 0 403
5 10 5 0 403
10 5 0 0 404
10 5 0 5 404
5 10 0 0 405
5 10 5 0 405
7 3 0 0 406
7 3 0 3 406
7 3 0 6 406
3 7 7 0 406
5 10 0 0 407
5 10 5 0 407
5 10 0 0 408
5 10 5 0 408
10 5 0 0 409
10 5 0 5 409
7 3 0 0 410
10 5 0 3 410
10 5 0 0 411
10 5 0 5 411
5 10 0 0 412
5 10 5 0 412
10 5 0 0 413
10 5 0 5 413
7 3 0 0 414
7 3 0 3 414
7 3 0 6 414
3 7 7 0 414
10 5 0 0 415
10 5 0 5 415
7 3 0 0 416
7 3 0 3 416
3 7 7 0 416
7 3 0 6 416
7 7 0 0 417
7 3 0 7 417
3 7 7 0 417
7 7 0 0 418
7 3 0 7 418
3 7 7 0 418
7 7 0 0 419
7 3 0 7 419
3 7 7 0 419
7 7 0 0 420
7 3 0 7 420
3 7 7 0 420
7 7 0 0 421
7 3 0 7 421
3 7 7 0 421
7 7 0 0 422
7 3 0 7 422
3 7 7 0 422
7 7 0 0 423
7 3 0 7 423
3 7 7 0 423
7 7 0 0 424
7 3 0 7 424
3 7 7 0 424
7 7 0 0 425
7 3 0 7 425
3 7 7 0 425
7 7 0 0 426
7 3 0 7 426
3 8 7 0 426
7 7 0 0 427
7 3 0 7 427
3 8 7 0 427
7 7 0 0 428
7 3 0 7 428
3 8 7 0 428
7 7 0 0 429
7 3 0 7 429
3 8 7 0 429
8 6 0 0 430
10 4 0 6 430
8 6 0 0 431
10 4 0 6 431
8 6 0 0 432
10 4 0 6 432
8 6 0 0 433
10 4 0 6 433
8 6 0 0 434
10 4 0 6 434
6 8 0 0 435
4 10 6 0 435
8 6 0 0 436
6 4 0 6 436
8 6 0 0 437
6 4 0 6 437
6 8 0 0 438
4 10 6 0 438
6 8 0 0 439
4 10 6 0 439
6 8 0 0 440
4 10 6 0 440
6 8 0 0 441
4 10 6 0 441
8 6 0 0 442
6 4 0 6 442
6 8 0 0 443
4 10 6 0 443
8 6 0 0 444
10 4 0 6 444
6 8 0 0 445
4 10 6 0 445
8 6 0 0 446
6 4 0 6 446
8 6 0 0 447
10 4 0 6 447
6 8 0 0 448
4 10 6 0 448
6 8 0 0 449
4 10 6 0 449
6 8 0 0 450
4 10 6 0 450
6 8 0 0 451
4 10 6 0 451
8 6 0 0 452
6 4 0 6 452
8 6 0 0 453
10 4 0 6 453
6 8 0 0 454
4 10 6 0 454
8 6 0 0 455
6 4 0 6 455
8 6 0 0 456
10 4 0 6 456
6 8 0 0 457
4 10 6 0 457
8 6 0 0 458
10 4 0 6 458
6 8 0 0 459
4 6 6 0 459
8 6 0 0 460
10 4 0 6 460
6 8 0 0 461
4 10 6 0 461
6 8 0 0 462
4 10 6 0 462
6 8 0 0 463
4 10 6 0 463
6 8 0 0 464
4 10 6 0 464
8 6 0 0 465
10 4 0 6 465
6 8 0 0 466
4 10 6 0 466
8 6 0 0 467
10 4 0 6 467
6 8 0 0 468
4 10 6 0 468
6 8 0 0 469
4 10 6 0 469
8 6 0 0 470
10 4 0 6 470
6 8 0 0 471
4 10 6 0 471
5 9 0 0 472
5 9 5 0 472
5 9 0 0 473
5 9 5 0 473
9 5 0 0 474
9 5 0 5 474
9 5 0 0 475
9 5 0 5 475
9 5 0 0 476
9 5 0 5 476
5 9 0 0 477
5 9 5 0 477
5 9 0 0 478
5 9 5 0 478
9 5 0 0 479
9 5 0 5 479
5 9 0 0 480
5 9 5 0 480
9 5 0 0 481
9 5 0 5 481
9 5 0 0 482
9 5 0 5 482
5 9 0 0 483
5 9 5 0 483
5 9 0 0 484
5 9 5 0 484
9 5 0 0 485
9 5 0 5 485
9 5 0 0 486
9 5 0 5 486
5 9 0 0 487
5 9 5 0 487
5 9 0 0 488
5 9 5 0 488
9 5 0 0 489
9 5 0 5 489
5 9 0 0 490
5 9 5 0 490
9 5 0 0 491
9 5 0 5 491
6 7 0 0 492
7 3 0 7 492
3 7 6 0 492
6 7 0 0 493
8 3 0 7 493
4 6 6 0 493
6 7 0 0 494
8 3 0 7 494
4 6 6 0 494
6 7 0 0 495
8 3 0 7 495
4 6 6 0 495
6 7 0 0 496
8 3 0 7 496
4 6 6 0 496
7 6 0 0 497
3 8 7 0 497
6 4 0 6 497
6 7 0 0 498
8 3 0 7 498
4 6 6 0 498
6 7 0 0 499
8 3 0 7 499
4 6 6 0 499
7 6 0 0 500
3 8 7 0 500
6 4 0 6 500
6 7 0 0 501
8 3 0 7 501
4 6 6 0 501
7 6 0 0 502
3 8 7 0 502
6 4 0 6 502
7 6 0 0 503
3 8 7 0 503
6 4 0 6 503
7 6 0 0 504
3 8 7 0 504
6 4 0 6 504
6 7 0 0 505
8 3 0 7 505
4 6 6 0 505
7 6 0 0 506
3 8 7 0 506
6 4 0 6 506
6 7 0 0 507
8 3 0 7 507
4 6 6 0 507
6 7 0 0 508
8 3 0 7 508
4 6 6 0 508
7 6 0 0 509
3 8 7 0 509
6 4 0 6 509
6 7 0 0 510
8 3 0 7 510
4 6 6 0 510
7 6 0 0 511
3 8 7 0 511
6 4 0 6 511
6 7 0 0 512
8 3 0 7 512
4 6 6 0 512
7 6 0 0 513
3 8 7 0 513
6 4 0 6 513
6 7 0 0 514
8 3 0 7 514
4 6 6 0 514
6 7 0 0 515
8 3 0 7 515
4 6 6 0 515
6 7 0 0 516
8 3 0 7 516
4 6 6 0 516
7 6 0 0 517
10 4 0 6 517
7 6 0 0 518
10 4 0 6 518
7 6 0 0 519
3 8 7 0 519
7 4 0 6 519
7 6 0 0 520
10 4 0 6 520
7 6 0 0 521
3 8 7 0 521
7 4 0 6 521
7 6 0 0 522
10 4 0 6 522
7 6 0 0 523
10 4 0 6 523
7 6 0 0 524
3 8 7 0 524
7 4 0 6 524
7 6 0 0 525
3 8 7 0 525
7 4 0 6 525
7 6 0 0 526
10 4 0 6 526
7 6 0 0 527
9 4 0 6 527
6 7 0 0 528
4 9 6 0 528
6 7 0 0 529
3 8 6 0 529
5 8 0 0 530
5 8 5 0 530
5 8 0 0 531
5 8 5 0 531
5 8 0 0 532
5 8 5 0 532
8 5 0 0 533
8 5 0 5 533
8 5 0 0 534
8 5 0 5 534
5 8 0 0 535
5 8 5 0 535
8 5 0 0 536
8 5 0 5 536
8 5 0 0 537
8 5 0 5 537
8 5 0 0 538
8 5 0 5 538
5 8 0 0 539
5 8 5 0 539
8 5 0 0 540
8 5 0 5 540
5 8 0 0 541
5 8 5 0 541
8 5 0 0 542
8 5 0 5 542
8 5 0 0 543
8 5 0 5 543
8 5 0 0 544
8 5 0 5 544
5 8 0 0 545
5 8 5 0 545
8 5 0 0 546
8 5 0 5 546
8 5 0 0 547
8 5 0 5 547
5 8 0 0 548
5 8 5 0 548
8 5 0 0 549
8 5 0 5 549
5 8 0 0 550
5 8 5 0 550
5 8 0 0 551
4 9 5 0 551
8 5 0 0 552
8 5 0 5 552
6 6 0 0 553
4 9 6 0 553
6 4 0 6 553
8 3 0 0 554
8 3 0 3 554
9 4 0 6 554
3 8 0 0 555
7 7 3 0 555
9 4 0 0 556
9 4 0 4 556
4 9 0 0 557
4 6 4 0 557
6 4 4 6 557
4 9 0 0 558
4 6 4 0 558
6 4 4 6 558
9 4 0 0 559
9 4 0 4 559
6 6 0 0 560
4 9 6 0 560
6 4 0 6 560
8 3 0 0 561
8 3 0 3 561
9 4 0 6 561
6 6 0 0 562
9 4 0 6 562
4 6 6 0 562
3 8 0 0 563
3 8 3 0 563
3 8 6 0 563
9 4 0 0 564
6 6 0 4 564
4 6 6 4 564
9 4 0 0 565
9 4 0 4 565
9 4 0 0 566
9 4 0 4 566
9 4 0 0 567
6 6 0 4 567
4 6 6 4 567
4 9 0 0 568
6 6 4 0 568
6 4 4 6 568
3 8 0 0 569
4 9 3 0 569
3 8 7 0 569
8 3 0 0 570
8 3 0 3 570
9 4 0 6 570
4 9 0 0 571
4 9 4 0 571
9 4 0 0 572
6 6 0 4 572
4 6 6 4 572
4 9 0 0 573
3 8 4 0 573
3 8 7 0 573
9 4 0 0 574
9 4 0 4 574
4 9 0 0 575
4 9 4 0 575
4 9 0 0 576
6 6 4 0 576
6 4 4 6 576
9 4 0 0 577
8 3 0 4 577
8 3 0 7 577
4 6 0 0 578
4 6 4 0 578
9 4 0 6 578
4 9 0 0 579
6 6 4 0 579
6 4 4 6 579
9 4 0 0 580
9 4 0 4 580
4 9 0 0 581
4 9 4 0 581
7 5 0 0 582
3 8 7 0 582
5 5 0 5 582
5 7 0 0 583
5 7 5 0 583
9 3 0 7 583
5 5 0 0 584
5 5 5 0 584
5 5 0 5 584
5 5 5 5 584
7 5 0 0 585
7 5 0 5 585
3 9 7 0 585
7 5 0 0 586
7 5 0 5 586
3 9 7 0 586
5 7 0 0 587
5 7 5 0 587
9 3 0 7 587
5 5 0 0 588
5 5 5 0 588
5 5 0 5 588
5 5 5 5 588
5 7 0 0 589
5 7 5 0 589
9 3 0 7 589
5 7 0 0 590
5 7 5 0 590
9 3 0 7 590
5 5 0 0 591
5 5 5 0 591
7 5 0 5 591
5 7 0 0 592
5 7 5 0 592
9 3 0 7 592
5 5 0 0 593
5 5 5 0 593
7 5 0 5 593
5 7 0 0 594
5 7 5 0 594
9 3 0 7 594
5 5 0 0 595
5 5 5 0 595
7 5 0 5 595
5 5 0 0 596
5 7 5 0 596
9 3 0 7 596
5 7 0 0 597
5 7 5 0 597
9 3 0 7 597
7 5 0 0 598
7 5 0 5 598
3 9 7 0 598
5 7 0 0 599
5 7 5 0 599
9 3 0 7 599
3 9 0 0 600
3 9 3 0 600
3 9 6 0 600
7 5 0 0 601
7 5 0 5 601
3 9 7 0 601
5 7 0 0 602
5 7 5 0 602
9 3 0 7 602
3 9 0 0 603
3 9 3 0 603
4 8 6 0 603
5 7 0 0 604
9 3 0 7 604
5 7 5 0 604
7 5 0 0 605
7 5 0 5 605
3 9 7 0 605
7 5 0 0 606
7 5 0 5 606
3 9 7 0 606
7 5 0 0 607
7 5 0 5 607
3 9 7 0 607
9 3 0 0 608
7 5 0 3 608
8 4 0 0 609
8 4 0 4 609
4 8 0 0 610
4 8 4 0 610
9 3 0 0 611
9 3 0 3 611
8 4 0 6 611
9 3 0 0 612
8 4 0 3 612
9 3 0 7 612
3 9 0 0 613
3 9 3 0 613
3 9 6 0 613
8 4 0 0 614
8 4 0 4 614
3 9 0 0 615
3 9 3 0 615
4 8 6 0 615
9 3 0 0 616
8 4 0 3 616
9 3 0 7 616
8 4 0 0 617
8 4 0 4 617
3 9 0 0 618
3 9 3 0 618
4 8 6 0 618
8 4 0 0 619
9 3 0 4 619
9 3 0 7 619
4 8 0 0 620
4 8 4 0 620
4 8 0 0 621
4 8 4 0 621
4 8 0 0 622
4 8 4 0 622
4 8 0 0 623
4 8 4 0 623
9 3 0 0 624
9 3 0 3 624
8 4 0 6 624
3 9 0 0 625
4 8 3 0 625
3 10 7 0 625
8 4 0 0 626
8 4 0 4 626
8 4 0 0 627
8 4 0 4 627
4 8 0 0 628
4 7 4 0 628
4 8 0 0 629
4 8 4 0 629
8 4 0 0 630
8 4 0 4 630
8 4 0 0 631
8 4 0 4 631
4 7 0 0 632
4 7 4 0 632
10 3 0 7 632
8 4 0 0 633
8 4 0 4 633
4 8 0 0 634
4 8 4 0 634
8 4 0 0 635
7 4 0 4 635
4 7 0 0 636
4 7 4 0 636
10 3 0 7 636
4 7 0 0 637
4 7 4 0 637
10 3 0 7 637
3 10 0 0 638
5 6 3 0 638
7 4 3 6 638
7 4 0 0 639
7 4 0 4 639
3 10 7 0 639
4 7 0 0 640
6 5 4 0 640
6 5 4 5 640
5 6 0 0 641
5 6 5 0 641
7 4 0 6 641
4 7 0 0 642
4 7 4 0 642
10 3 0 7 642
6 5 0 0 643
6 5 0 5 643
4 7 6 0 643
7 4 0 0 644
7 4 0 4 644
3 10 7 0 644
5 6 0 0 645
5 6 5 0 645
7 4 0 6 645
4 7 0 0 646
4 7 4 0 646
10 3 0 7 646
5 6 0 0 647
4 7 5 0 647
10 3 0 7 647
4 7 0 0 648
4 7 4 0 648
10 3 0 7 648
6 5 0 0 649
3 10 6 0 649
6 5 0 5 649
4 7 0 0 650
4 7 4 0 650
10 3 0 7 650
3 10 0 0 651
4 7 3 0 651
3 10 7 0 651
7 4 0 0 652
7 4 0 4 652
3 10 7 0 652
4 7 0 0 653
4 7 4 0 653
10 3 0 7 653
6 5 0 0 654
6 5 0 5 654
3 10 6 0 654
5 6 0 0 655
5 6 5 0 655
10 3 0 6 655
5 6 0 0 656
5 6 5 0 656
10 3 0 6 656
5 6 0 0 657
3 10 5 0 657
3 10 0 0 658
5 6 3 0 658
5 6 0 0 659
3 10 5 0 659
10 3 0 0 660
5 6 0 3 660
5 6 5 3 660
5 6 0 0 661
5 6 5 0 661
10 3 0 6 661
5 6 0 0 662
5 6 5 0 662
10 3 0 6 662
5 6 0 0 663
3 10 5 0 663
3 10 0 0 664
3 10 3 0 664
3 10 6 0 664
3 10 0 0 665
6 5 3 0 665
6 5 3 5 665
10 3 0 0 666
10 3 0 3 666
10 3 0 6 666
5 6 0 0 667
5 6 5 0 667
10 3 0 6 667
5 6 0 0 668
5 6 5 0 668
10 3 0 6 668
6 5 0 0 669
3 10 6 0 669
5 6 0 0 670
3 10 5 0 670
10 3 0 0 671
