% State of a bin packing problem:
%
% Bin number: 1661
% Total uncovered points: 15940
% Total covered points: 150160
% Number of boxes: 5000
% Unused boxes: 0
% Runtime: None
%
% Bin size:
10 10
%
% Boxes (width, height) not in some bins:
%
% Boxes (width, height, x_position, y_position, bin_id) in bins:
10 10 0 0 0
10 10 0 0 1
10 10 0 0 2
10 10 0 0 3
10 10 0 0 4
10 10 0 0 5
10 10 0 0 6
10 10 0 0 7
10 10 0 0 8
10 10 0 0 9
10 10 0 0 10
10 10 0 0 11
10 10 0 0 12
10 10 0 0 13
10 10 0 0 14
10 10 0 0 15
10 10 0 0 16
10 10 0 0 17
10 10 0 0 18
10 10 0 0 19
10 10 0 0 20
10 10 0 0 21
10 10 0 0 22
10 10 0 0 23
10 10 0 0 24
10 10 0 0 25
10 10 0 0 26
10 10 0 0 27
10 10 0 0 28
10 10 0 0 29
10 10 0 0 30
10 10 0 0 31
10 10 0 0 32
10 10 0 0 33
10 10 0 0 34
10 10 0 0 35
10 10 0 0 36
10 10 0 0 37
10 10 0 0 38
10 10 0 0 39
10 10 0 0 40
10 10 0 0 41
10 10 0 0 42
10 10 0 0 43
10 10 0 0 44
10 10 0 0 45
10 10 0 0 46
10 10 0 0 47
10 9 0 0 48
1 1 0 9 48
1 1 1 9 48
1 1 2 9 48
1 1 3 9 48
1 1 4 9 48
1 1 5 9 48
1 1 6 9 48
1 1 7 9 48
1 1 8 9 48
1 1 9 9 48
10 9 0 0 49
1 1 0 9 49
1 1 1 9 49
1 1 2 9 49
1 1 3 9 49
1 1 4 9 49
1 1 5 9 49
1 1 6 9 49
1 1 7 9 49
1 1 8 9 49
1 1 9 9 49
10 9 0 0 50
1 1 0 9 50
1 1 1 9 50
1 1 2 9 50
1 1 3 9 50
1 1 4 9 50
1 1 5 9 50
1 1 6 9 50
1 1 7 9 50
1 1 8 9 50
1 1 9 9 50
9 10 0 0 51
1 1 9 0 51
1 1 9 1 51
1 1 9 2 51
1 1 9 3 51
1 1 9 4 51
1 1 9 5 51
1 1 9 6 51
1 1 9 7 51
1 1 9 8 51
1 1 9 9 51
10 9 0 0 52
1 1 0 9 52
1 1 1 9 52
1 1 2 9 52
1 1 3 9 52
2 1 4 9 52
2 1 6 9 52
2 1 8 9 52
9 10 0 0 53
1 2 9 0 53
1 2 9 2 53
1 2 9 4 53
1 2 9 6 53
1 2 9 8 53
9 10 0 0 54
1 2 9 0 54
1 2 9 2 54
1 2 9 4 54
1 2 9 6 54
1 2 9 8 54
10 9 0 0 55
2 1 0 9 55
2 1 2 9 55
2 1 4 9 55
2 1 6 9 55
2 1 8 9 55
9 10 0 0 56
1 2 9 0 56
1 2 9 2 56
1 2 9 4 56
1 2 9 6 56
1 2 9 8 56
9 10 0 0 57
1 2 9 0 57
1 2 9 2 57
1 2 9 4 57
1 2 9 6 57
1 2 9 8 57
9 10 0 0 58
1 2 9 0 58
1 2 9 2 58
1 2 9 4 58
1 2 9 6 58
1 2 9 8 58
10 9 0 0 59
2 1 0 9 59
2 1 2 9 59
2 1 4 9 59
2 1 6 9 59
2 1 8 9 59
10 9 0 0 60
2 1 0 9 60
2 1 2 9 60
2 1 4 9 60
2 1 6 9 60
2 1 8 9 60
9 10 0 0 61
1 2 9 0 61
1 2 9 2 61
1 2 9 4 61
1 2 9 6 61
1 2 9 8 61
9 10 0 0 62
1 2 9 0 62
1 2 9 2 62
1 2 9 4 62
1 2 9 6 62
9 10 0 0 63
1 3 9 0 63
1 3 9 3 63
1 3 9 6 63
9 10 0 0 64
1 3 9 0 64
1 3 9 3 64
1 3 9 6 64
9 10 0 0 65
1 3 9 0 65
1 3 9 3 65
1 3 9 6 65
9 10 0 0 66
1 3 9 0 66
1 3 9 3 66
1 3 9 6 66
10 9 0 0 67
2 1 0 9 67
2 1 2 9 67
2 1 4 9 67
2 1 6 9 67
2 1 8 9 67
9 10 0 0 68
1 3 9 0 68
1 3 9 3 68
1 3 9 6 68
9 10 0 0 69
1 3 9 0 69
1 3 9 3 69
1 3 9 6 69
9 10 0 0 70
1 3 9 0 70
1 3 9 3 70
1 3 9 6 70
10 9 0 0 71
2 1 0 9 71
2 1 2 9 71
2 1 4 9 71
2 1 6 9 71
2 1 8 9 71
10 9 0 0 72
2 1 0 9 72
2 1 2 9 72
2 1 4 9 72
2 1 6 9 72
2 1 8 9 72
10 9 0 0 73
2 1 0 9 73
2 1 2 9 73
2 1 4 9 73
2 1 6 9 73
2 1 8 9 73
10 9 0 0 74
2 1 0 9 74
2 1 2 9 74
2 1 4 9 74
2 1 6 9 74
2 1 8 9 74
9 10 0 0 75
1 3 9 0 75
1 3 9 3 75
1 3 9 6 75
10 9 0 0 76
2 1 0 9 76
2 1 2 9 76
2 1 4 9 76
2 1 6 9 76
2 1 8 9 76
9 10 0 0 77
1 3 9 0 77
1 3 9 3 77
1 3 9 6 77
9 10 0 0 78
1 3 9 0 78
1 3 9 3 78
1 3 9 6 78
10 9 0 0 79
2 1 0 9 79
3 1 2 9 79
3 1 5 9 79
10 9 0 0 80
3 1 0 9 80
3 1 3 9 80
3 1 6 9 80
10 9 0 0 81
3 1 0 9 81
3 1 3 9 81
3 1 6 9 81
10 9 0 0 82
3 1 0 9 82
3 1 3 9 82
3 1 6 9 82
9 10 0 0 83
1 3 9 0 83
1 3 9 3 83
1 3 9 6 83
9 10 0 0 84
1 3 9 0 84
1 3 9 3 84
1 3 9 6 84
9 10 0 0 85
1 3 9 0 85
1 3 9 3 85
1 3 9 6 85
9 10 0 0 86
1 3 9 0 86
1 3 9 3 86
1 3 9 6 86
10 9 0 0 87
3 1 0 9 87
3 1 3 9 87
3 1 6 9 87
10 9 0 0 88
3 1 0 9 88
3 1 3 9 88
3 1 6 9 88
9 10 0 0 89
1 3 9 0 89
1 3 9 3 89
1 3 9 6 89
10 9 0 0 90
3 1 0 9 90
3 1 3 9 90
3 1 6 9 90
9 10 0 0 91
1 3 9 0 91
1 3 9 3 91
1 3 9 6 91
10 9 0 0 92
3 1 0 9 92
3 1 3 9 92
3 1 6 9 92
9 10 0 0 93
1 3 9 0 93
1 3 9 3 93
1 3 9 6 93
9 10 0 0 94
1 3 9 0 94
1 4 9 3 94
9 10 0 0 95
1 4 9 0 95
1 4 9 4 95
10 9 0 0 96
3 1 0 9 96
3 1 3 9 96
3 1 6 9 96
9 10 0 0 97
1 4 9 0 97
1 4 9 4 97
9 10 0 0 98
1 4 9 0 98
1 4 9 4 98
10 9 0 0 99
3 1 0 9 99
3 1 3 9 99
3 1 6 9 99
9 10 0 0 100
1 4 9 0 100
1 4 9 4 100
9 10 0 0 101
1 4 9 0 101
1 4 9 4 101
10 9 0 0 102
3 1 0 9 102
3 1 3 9 102
3 1 6 9 102
9 10 0 0 103
1 4 9 0 103
1 4 9 4 103
9 10 0 0 104
1 4 9 0 104
1 4 9 4 104
9 10 0 0 105
1 4 9 0 105
1 4 9 4 105
9 10 0 0 106
1 4 9 0 106
1 4 9 4 106
9 10 0 0 107
1 4 9 0 107
1 4 9 4 107
10 9 0 0 108
3 1 0 9 108
3 1 3 9 108
3 1 6 9 108
10 9 0 0 109
3 1 0 9 109
3 1 3 9 109
3 1 6 9 109
10 9 0 0 110
3 1 0 9 110
3 1 3 9 110
3 1 6 9 110
10 9 0 0 111
3 1 0 9 111
3 1 3 9 111
3 1 6 9 111
10 9 0 0 112
3 1 0 9 112
3 1 3 9 112
3 1 6 9 112
10 9 0 0 113
3 1 0 9 113
3 1 3 9 113
3 1 6 9 113
10 9 0 0 114
3 1 0 9 114
3 1 3 9 114
3 1 6 9 114
10 9 0 0 115
3 1 0 9 115
3 1 3 9 115
3 1 6 9 115
9 10 0 0 116
1 4 9 0 116
1 4 9 4 116
10 9 0 0 117
3 1 0 9 117
3 1 3 9 117
3 1 6 9 117
9 10 0 0 118
1 4 9 0 118
1 4 9 4 118
9 10 0 0 119
1 4 9 0 119
1 4 9 4 119
9 10 0 0 120
1 4 9 0 120
1 4 9 4 120
9 10 0 0 121
1 4 9 0 121
1 4 9 4 121
10 9 0 0 122
3 1 0 9 122
3 1 3 9 122
3 1 6 9 122
10 9 0 0 123
3 1 0 9 123
3 1 3 9 123
3 1 6 9 123
10 9 0 0 124
3 1 0 9 124
3 1 3 9 124
4 1 6 9 124
9 10 0 0 125
1 4 9 0 125
1 4 9 4 125
10 9 0 0 126
4 1 0 9 126
4 1 4 9 126
9 10 0 0 127
1 4 9 0 127
1 4 9 4 127
9 10 0 0 128
1 4 9 0 128
1 4 9 4 128
10 9 0 0 129
4 1 0 9 129
4 1 4 9 129
9 10 0 0 130
1 4 9 0 130
1 4 9 4 130
9 10 0 0 131
1 4 9 0 131
1 4 9 4 131
10 9 0 0 132
4 1 0 9 132
4 1 4 9 132
10 9 0 0 133
4 1 0 9 133
4 1 4 9 133
9 10 0 0 134
1 4 9 0 134
1 4 9 4 134
10 9 0 0 135
4 1 0 9 135
4 1 4 9 135
10 9 0 0 136
4 1 0 9 136
4 1 4 9 136
9 10 0 0 137
1 4 9 0 137
1 4 9 4 137
10 9 0 0 138
4 1 0 9 138
4 1 4 9 138
9 10 0 0 139
1 4 9 0 139
1 4 9 4 139
10 9 0 0 140
4 1 0 9 140
4 1 4 9 140
9 10 0 0 141
1 4 9 0 141
1 4 9 4 141
10 9 0 0 142
4 1 0 9 142
4 1 4 9 142
9 10 0 0 143
1 5 9 0 143
1 5 9 5 143
9 10 0 0 144
1 5 9 0 144
1 5 9 5 144
9 10 0 0 145
1 5 9 0 145
1 5 9 5 145
10 9 0 0 146
4 1 0 9 146
4 1 4 9 146
9 9 0 0 147
4 1 0 9 147
4 1 4 9 147
1 5 9 0 147
1 5 9 5 147
9 9 0 0 148
4 1 0 9 148
4 1 4 9 148
1 5 9 0 148
1 5 9 5 148
9 9 0 0 149
4 1 0 9 149
4 1 4 9 149
1 5 9 0 149
1 5 9 5 149
9 9 0 0 150
4 1 0 9 150
4 1 4 9 150
1 5 9 0 150
1 5 9 5 150
9 9 0 0 151
4 1 0 9 151
4 1 4 9 151
1 5 9 0 151
1 5 9 5 151
9 9 0 0 152
4 1 0 9 152
4 1 4 9 152
1 5 9 0 152
1 5 9 5 152
9 9 0 0 153
4 1 0 9 153
4 1 4 9 153
1 5 9 0 153
1 5 9 5 153
9 9 0 0 154
4 1 0 9 154
4 1 4 9 154
1 5 9 0 154
1 5 9 5 154
9 9 0 0 155
4 1 0 9 155
4 1 4 9 155
1 5 9 0 155
1 5 9 5 155
9 9 0 0 156
4 1 0 9 156
4 1 4 9 156
1 5 9 0 156
1 5 9 5 156
9 9 0 0 157
4 1 0 9 157
4 1 4 9 157
1 5 9 0 157
1 5 9 5 157
9 9 0 0 158
4 1 0 9 158
4 1 4 9 158
1 5 9 0 158
1 5 9 5 158
9 9 0 0 159
4 1 0 9 159
4 1 4 9 159
1 5 9 0 159
1 5 9 5 159
9 9 0 0 160
4 1 0 9 160
4 1 4 9 160
1 5 9 0 160
1 5 9 5 160
9 9 0 0 161
4 1 0 9 161
4 1 4 9 161
1 5 9 0 161
1 5 9 5 161
9 9 0 0 162
4 1 0 9 162
4 1 4 9 162
1 5 9 0 162
1 5 9 5 162
9 9 0 0 163
5 1 0 9 163
5 1 5 9 163
1 5 9 0 163
9 9 0 0 164
5 1 0 9 164
5 1 5 9 164
1 5 9 0 164
9 9 0 0 165
5 1 0 9 165
5 1 5 9 165
1 5 9 0 165
9 9 0 0 166
5 1 0 9 166
5 1 5 9 166
1 5 9 0 166
9 9 0 0 167
5 1 0 9 167
5 1 5 9 167
1 5 9 0 167
9 9 0 0 168
5 1 0 9 168
5 1 5 9 168
1 5 9 0 168
9 9 0 0 169
5 1 0 9 169
5 1 5 9 169
1 5 9 0 169
9 9 0 0 170
5 1 0 9 170
5 1 5 9 170
1 5 9 0 170
9 9 0 0 171
5 1 0 9 171
5 1 5 9 171
1 5 9 0 171
9 9 0 0 172
5 1 0 9 172
5 1 5 9 172
1 5 9 0 172
9 9 0 0 173
5 1 0 9 173
5 1 5 9 173
1 5 9 0 173
9 9 0 0 174
5 1 0 9 174
5 1 5 9 174
1 6 9 0 174
9 9 0 0 175
5 1 0 9 175
5 1 5 9 175
1 6 9 0 175
9 9 0 0 176
5 1 0 9 176
5 1 5 9 176
1 6 9 0 176
9 9 0 0 177
5 1 0 9 177
5 1 5 9 177
1 6 9 0 177
9 9 0 0 178
5 1 0 9 178
5 1 5 9 178
1 6 9 0 178
9 9 0 0 179
5 1 0 9 179
5 1 5 9 179
1 6 9 0 179
9 9 0 0 180
5 1 0 9 180
5 1 5 9 180
1 6 9 0 180
9 9 0 0 181
5 1 0 9 181
5 1 5 9 181
1 6 9 0 181
9 9 0 0 182
5 1 0 9 182
5 1 5 9 182
1 6 9 0 182
9 9 0 0 183
5 1 0 9 183
5 1 5 9 183
1 6 9 0 183
9 9 0 0 184
5 1 0 9 184
5 1 5 9 184
1 6 9 0 184
9 9 0 0 185
5 1 0 9 185
5 1 5 9 185
1 6 9 0 185
9 9 0 0 186
5 1 0 9 186
5 1 5 9 186
1 6 9 0 186
9 9 0 0 187
5 1 0 9 187
5 1 5 9 187
1 6 9 0 187
9 9 0 0 188
5 1 0 9 188
5 1 5 9 188
1 6 9 0 188
9 9 0 0 189
5 1 0 9 189
5 1 5 9 189
1 6 9 0 189
9 9 0 0 190
5 1 0 9 190
5 1 5 9 190
1 6 9 0 190
9 9 0 0 191
5 1 0 9 191
5 1 5 9 191
1 6 9 0 191
9 9 0 0 192
5 1 0 9 192
5 1 5 9 192
1 6 9 0 192
8 10 0 0 193
2 2 8 0 193
2 2 8 2 193
2 2 8 4 193
2 2 8 6 193
2 2 8 8 193
10 8 0 0 194
2 2 0 8 194
2 2 2 8 194
2 2 4 8 194
2 2 6 8 194
2 2 8 8 194
10 8 0 0 195
2 2 0 8 195
2 2 2 8 195
2 2 4 8 195
2 2 6 8 195
2 2 8 8 195
8 10 0 0 196
2 2 8 0 196
2 2 8 2 196
2 2 8 4 196
2 2 8 6 196
2 2 8 8 196
10 8 0 0 197
2 2 0 8 197
2 2 2 8 197
2 2 4 8 197
2 2 6 8 197
2 2 8 8 197
8 10 0 0 198
2 2 8 0 198
2 2 8 2 198
2 2 8 4 198
2 2 8 6 198
2 2 8 8 198
8 10 0 0 199
2 2 8 0 199
2 2 8 2 199
2 2 8 4 199
2 2 8 6 199
2 2 8 8 199
8 10 0 0 200
2 2 8 0 200
2 2 8 2 200
2 2 8 4 200
2 2 8 6 200
2 2 8 8 200
10 8 0 0 201
2 2 0 8 201
2 2 2 8 201
6 1 4 8 201
6 1 4 9 201
10 8 0 0 202
3 2 0 8 202
3 2 3 8 202
3 2 6 8 202
10 8 0 0 203
3 2 0 8 203
3 2 3 8 203
3 2 6 8 203
8 10 0 0 204
2 3 8 0 204
2 3 8 3 204
2 3 8 6 204
10 8 0 0 205
3 2 0 8 205
3 2 3 8 205
3 2 6 8 205
10 8 0 0 206
3 2 0 8 206
3 2 3 8 206
3 2 6 8 206
8 10 0 0 207
2 3 8 0 207
2 3 8 3 207
2 3 8 6 207
8 10 0 0 208
2 3 8 0 208
2 3 8 3 208
2 3 8 6 208
8 10 0 0 209
2 3 8 0 209
2 3 8 3 209
2 3 8 6 209
8 10 0 0 210
2 3 8 0 210
2 3 8 3 210
2 3 8 6 210
8 10 0 0 211
2 3 8 0 211
2 3 8 3 211
2 3 8 6 211
10 8 0 0 212
3 2 0 8 212
3 2 3 8 212
3 2 6 8 212
10 8 0 0 213
3 2 0 8 213
3 2 3 8 213
3 2 6 8 213
10 8 0 0 214
3 2 0 8 214
3 2 3 8 214
3 2 6 8 214
8 10 0 0 215
2 3 8 0 215
2 3 8 3 215
2 3 8 6 215
8 10 0 0 216
2 3 8 0 216
2 3 8 3 216
2 3 8 6 216
8 10 0 0 217
2 3 8 0 217
2 3 8 3 217
2 3 8 6 217
8 10 0 0 218
2 3 8 0 218
2 3 8 3 218
2 3 8 6 218
10 8 0 0 219
3 2 0 8 219
3 2 3 8 219
3 2 6 8 219
10 8 0 0 220
3 2 0 8 220
3 2 3 8 220
3 2 6 8 220
8 10 0 0 221
2 3 8 0 221
2 3 8 3 221
2 3 8 6 221
10 8 0 0 222
3 2 0 8 222
3 2 3 8 222
3 2 6 8 222
8 10 0 0 223
2 3 8 0 223
2 3 8 3 223
2 3 8 6 223
8 10 0 0 224
2 3 8 0 224
2 3 8 3 224
2 3 8 6 224
10 8 0 0 225
3 2 0 8 225
3 2 3 8 225
3 2 6 8 225
10 8 0 0 226
3 2 0 8 226
3 2 3 8 226
3 2 6 8 226
10 8 0 0 227
3 2 0 8 227
3 2 3 8 227
3 2 6 8 227
8 10 0 0 228
2 3 8 0 228
2 3 8 3 228
2 3 8 6 228
10 8 0 0 229
3 2 0 8 229
3 2 3 8 229
3 2 6 8 229
8 10 0 0 230
2 3 8 0 230
2 3 8 3 230
2 4 8 6 230
8 10 0 0 231
2 4 8 0 231
2 4 8 4 231
10 8 0 0 232
3 2 0 8 232
3 2 3 8 232
3 2 6 8 232
8 10 0 0 233
2 4 8 0 233
2 4 8 4 233
8 10 0 0 234
2 4 8 0 234
2 4 8 4 234
10 8 0 0 235
3 2 0 8 235
3 2 3 8 235
3 2 6 8 235
8 10 0 0 236
2 4 8 0 236
2 4 8 4 236
10 8 0 0 237
3 2 0 8 237
3 2 3 8 237
3 2 6 8 237
8 10 0 0 238
2 4 8 0 238
2 4 8 4 238
8 10 0 0 239
2 4 8 0 239
2 4 8 4 239
8 10 0 0 240
2 4 8 0 240
2 4 8 4 240
10 8 0 0 241
3 2 0 8 241
3 2 3 8 241
3 2 6 8 241
8 10 0 0 242
2 4 8 0 242
2 4 8 4 242
8 10 0 0 243
2 4 8 0 243
2 4 8 4 243
10 8 0 0 244
3 2 0 8 244
3 2 3 8 244
3 2 6 8 244
10 8 0 0 245
3 2 0 8 245
3 2 3 8 245
3 2 6 8 245
8 10 0 0 246
2 4 8 0 246
2 4 8 4 246
10 8 0 0 247
3 2 0 8 247
3 2 3 8 247
3 2 6 8 247
10 8 0 0 248
4 2 0 8 248
4 2 4 8 248
8 10 0 0 249
2 4 8 0 249
2 4 8 4 249
8 10 0 0 250
2 4 8 0 250
2 4 8 4 250
10 8 0 0 251
4 2 0 8 251
4 2 4 8 251
10 8 0 0 252
4 2 0 8 252
4 2 4 8 252
10 8 0 0 253
4 2 0 8 253
4 2 4 8 253
8 10 0 0 254
2 4 8 0 254
2 4 8 4 254
10 8 0 0 255
4 2 0 8 255
4 2 4 8 255
8 10 0 0 256
2 4 8 0 256
2 4 8 4 256
8 10 0 0 257
2 4 8 0 257
2 4 8 4 257
10 8 0 0 258
4 2 0 8 258
4 2 4 8 258
8 10 0 0 259
2 4 8 0 259
2 4 8 4 259
10 8 0 0 260
4 2 0 8 260
4 2 4 8 260
8 10 0 0 261
2 4 8 0 261
2 4 8 4 261
10 8 0 0 262
4 2 0 8 262
4 2 4 8 262
8 10 0 0 263
2 4 8 0 263
2 4 8 4 263
8 10 0 0 264
2 4 8 0 264
2 4 8 4 264
8 10 0 0 265
2 4 8 0 265
2 4 8 4 265
10 8 0 0 266
4 2 0 8 266
4 2 4 8 266
8 10 0 0 267
2 4 8 0 267
2 4 8 4 267
10 8 0 0 268
4 2 0 8 268
4 2 4 8 268
8 10 0 0 269
2 4 8 0 269
2 4 8 4 269
10 8 0 0 270
4 2 0 8 270
4 2 4 8 270
8 10 0 0 271
2 4 8 0 271
2 4 8 4 271
8 10 0 0 272
2 4 8 0 272
2 4 8 4 272
10 8 0 0 273
4 2 0 8 273
4 2 4 8 273
10 8 0 0 274
4 2 0 8 274
4 2 4 8 274
8 10 0 0 275
2 4 8 0 275
2 5 8 4 275
10 8 0 0 276
4 2 0 8 276
4 2 4 8 276
8 10 0 0 277
1 10 8 0 277
1 10 9 0 277
8 10 0 0 278
2 5 8 0 278
2 5 8 5 278
10 8 0 0 279
4 2 0 8 279
4 2 4 8 279
10 8 0 0 280
4 2 0 8 280
4 2 4 8 280
8 10 0 0 281
2 5 8 0 281
2 5 8 5 281
8 10 0 0 282
1 10 8 0 282
1 10 9 0 282
10 8 0 0 283
4 2 0 8 283
4 2 4 8 283
10 8 0 0 284
4 2 0 8 284
4 2 4 8 284
10 8 0 0 285
4 2 0 8 285
4 2 4 8 285
8 10 0 0 286
2 5 8 0 286
2 5 8 5 286
10 8 0 0 287
4 2 0 8 287
4 2 4 8 287
8 10 0 0 288
1 10 8 0 288
1 10 9 0 288
10 8 0 0 289
4 2 0 8 289
4 2 4 8 289
8 9 0 0 290
5 1 0 9 290
5 1 5 9 290
1 9 8 0 290
1 9 9 0 290
8 9 0 0 291
6 1 0 9 291
1 10 8 0 291
1 10 9 0 291
9 8 0 0 292
1 6 9 0 292
4 2 0 8 292
4 2 4 8 292
8 9 0 0 293
6 1 0 9 293
1 10 8 0 293
1 10 9 0 293
8 9 0 0 294
6 1 0 9 294
1 10 8 0 294
1 10 9 0 294
9 8 0 0 295
1 6 9 0 295
4 2 0 8 295
4 2 4 8 295
8 9 0 0 296
6 1 0 9 296
2 5 8 0 296
2 5 8 5 296
9 8 0 0 297
1 6 9 0 297
4 2 0 8 297
4 2 4 8 297
9 8 0 0 298
1 6 9 0 298
4 2 0 8 298
4 2 4 8 298
8 9 0 0 299
6 1 0 9 299
2 5 8 0 299
2 5 8 5 299
8 9 0 0 300
6 1 0 9 300
1 10 8 0 300
1 10 9 0 300
9 8 0 0 301
1 6 9 0 301
4 2 0 8 301
4 2 4 8 301
8 9 0 0 302
6 1 0 9 302
1 10 8 0 302
1 10 9 0 302
8 9 0 0 303
6 1 0 9 303
2 5 8 0 303
2 5 8 5 303
9 8 0 0 304
1 6 9 0 304
4 2 0 8 304
4 2 4 8 304
8 9 0 0 305
6 1 0 9 305
1 10 8 0 305
1 10 9 0 305
9 8 0 0 306
1 6 9 0 306
4 2 0 8 306
5 2 4 8 306
9 8 0 0 307
1 6 9 0 307
10 1 0 8 307
10 1 0 9 307
8 9 0 0 308
6 1 0 9 308
1 10 8 0 308
1 10 9 0 308
8 9 0 0 309
6 1 0 9 309
2 5 8 0 309
2 5 8 5 309
8 9 0 0 310
6 1 0 9 310
1 10 8 0 310
1 10 9 0 310
9 8 0 0 311
1 6 9 0 311
10 1 0 8 311
10 1 0 9 311
8 9 0 0 312
6 1 0 9 312
2 5 8 0 312
2 5 8 5 312
8 9 0 0 313
6 1 0 9 313
1 10 8 0 313
1 10 9 0 313
9 8 0 0 314
1 6 9 0 314
10 1 0 8 314
10 1 0 9 314
9 8 0 0 315
1 6 9 0 315
10 1 0 8 315
10 1 0 9 315
9 8 0 0 316
1 6 9 0 316
5 2 0 8 316
5 2 5 8 316
9 8 0 0 317
1 6 9 0 317
5 2 0 8 317
5 2 5 8 317
9 8 0 0 318
1 6 9 0 318
5 2 0 8 318
5 2 5 8 318
8 9 0 0 319
6 1 0 9 319
2 5 8 0 319
2 5 8 5 319
8 9 0 0 320
6 1 0 9 320
1 10 8 0 320
1 10 9 0 320
9 8 0 0 321
1 6 9 0 321
5 2 0 8 321
5 2 5 8 321
8 9 0 0 322
6 1 0 9 322
2 5 8 0 322
2 5 8 5 322
8 9 0 0 323
6 1 0 9 323
1 10 8 0 323
1 10 9 0 323
9 8 0 0 324
1 6 9 0 324
5 2 0 8 324
5 2 5 8 324
9 8 0 0 325
1 6 9 0 325
10 1 0 8 325
10 1 0 9 325
8 9 0 0 326
6 1 0 9 326
2 5 8 0 326
2 5 8 5 326
9 8 0 0 327
1 6 9 0 327
5 2 0 8 327
5 2 5 8 327
8 9 0 0 328
6 1 0 9 328
2 5 8 0 328
2 5 8 5 328
8 9 0 0 329
6 1 0 9 329
2 5 8 0 329
2 5 8 5 329
8 9 0 0 330
6 1 0 9 330
1 10 8 0 330
1 10 9 0 330
8 9 0 0 331
6 1 0 9 331
1 10 8 0 331
1 10 9 0 331
9 8 0 0 332
1 6 9 0 332
5 2 0 8 332
5 2 5 8 332
8 9 0 0 333
6 1 0 9 333
1 10 8 0 333
1 10 9 0 333
9 8 0 0 334
1 6 9 0 334
10 1 0 8 334
10 1 0 9 334
9 8 0 0 335
1 6 9 0 335
10 1 0 8 335
10 1 0 9 335
8 9 0 0 336
6 1 0 9 336
1 10 8 0 336
1 10 9 0 336
9 8 0 0 337
1 6 9 0 337
5 2 0 8 337
5 2 5 8 337
8 9 0 0 338
6 1 0 9 338
2 5 8 0 338
2 5 8 5 338
8 9 0 0 339
6 1 0 9 339
1 10 8 0 339
1 10 9 0 339
9 8 0 0 340
1 6 9 0 340
10 1 0 8 340
10 1 0 9 340
9 8 0 0 341
1 6 9 0 341
10 1 0 8 341
10 1 0 9 341
8 9 0 0 342
6 1 0 9 342
1 10 8 0 342
1 10 9 0 342
9 8 0 0 343
1 6 9 0 343
5 2 0 8 343
5 2 5 8 343
9 8 0 0 344
1 6 9 0 344
10 1 0 8 344
10 1 0 9 344
9 8 0 0 345
1 6 9 0 345
10 1 0 8 345
10 1 0 9 345
8 9 0 0 346
6 1 0 9 346
2 5 8 0 346
2 5 8 5 346
9 8 0 0 347
1 6 9 0 347
10 1 0 8 347
10 1 0 9 347
8 9 0 0 348
6 1 0 9 348
1 10 8 0 348
1 10 9 0 348
9 8 0 0 349
1 6 9 0 349
5 2 0 8 349
5 2 5 8 349
8 9 0 0 350
6 1 0 9 350
1 10 8 0 350
1 10 9 0 350
9 8 0 0 351
1 6 9 0 351
10 1 0 8 351
10 1 0 9 351
8 9 0 0 352
6 1 0 9 352
2 5 8 0 352
2 5 8 5 352
9 8 0 0 353
1 6 9 0 353
5 2 0 8 353
5 2 5 8 353
9 8 0 0 354
1 6 9 0 354
10 1 0 8 354
10 1 0 9 354
9 8 0 0 355
1 6 9 0 355
5 2 0 8 355
5 2 5 8 355
9 8 0 0 356
1 6 9 0 356
5 2 0 8 356
5 2 5 8 356
9 8 0 0 357
1 6 9 0 357
10 1 0 8 357
10 1 0 9 357
8 9 0 0 358
6 1 0 9 358
2 5 8 0 358
2 5 8 5 358
9 8 0 0 359
1 7 9 0 359
10 1 0 8 359
10 1 0 9 359
9 8 0 0 360
1 7 9 0 360
5 2 0 8 360
5 2 5 8 360
8 9 0 0 361
6 1 0 9 361
1 10 8 0 361
1 10 9 0 361
8 9 0 0 362
6 1 0 9 362
2 5 8 0 362
2 5 8 5 362
8 9 0 0 363
6 1 0 9 363
1 10 8 0 363
1 10 9 0 363
8 9 0 0 364
6 1 0 9 364
2 5 8 0 364
2 5 8 5 364
8 9 0 0 365
6 1 0 9 365
2 5 8 0 365
2 5 8 5 365
8 9 0 0 366
6 1 0 9 366
2 5 8 0 366
2 5 8 5 366
9 8 0 0 367
1 7 9 0 367
5 2 0 8 367
5 2 5 8 367
9 8 0 0 368
1 7 9 0 368
5 2 0 8 368
5 2 5 8 368
9 8 0 0 369
1 7 9 0 369
10 1 0 8 369
10 1 0 9 369
8 9 0 0 370
6 1 0 9 370
1 10 8 0 370
1 10 9 0 370
9 8 0 0 371
1 7 9 0 371
5 2 0 8 371
5 2 5 8 371
9 8 0 0 372
1 7 9 0 372
10 1 0 8 372
10 1 0 9 372
9 8 0 0 373
1 7 9 0 373
5 2 0 8 373
5 2 5 8 373
9 8 0 0 374
1 7 9 0 374
10 1 0 8 374
10 1 0 9 374
9 8 0 0 375
1 7 9 0 375
10 1 0 8 375
10 1 0 9 375
9 8 0 0 376
1 7 9 0 376
5 2 0 8 376
5 2 5 8 376
8 9 0 0 377
6 1 0 9 377
1 10 8 0 377
1 10 9 0 377
9 8 0 0 378
1 7 9 0 378
5 2 0 8 378
5 2 5 8 378
9 8 0 0 379
1 7 9 0 379
10 1 0 8 379
10 1 0 9 379
9 8 0 0 380
1 7 9 0 380
10 1 0 8 380
10 1 0 9 380
9 8 0 0 381
1 7 9 0 381
5 2 0 8 381
8 9 0 0 382
6 1 0 9 382
2 5 8 0 382
2 5 8 5 382
8 9 0 0 383
6 1 0 9 383
2 5 8 0 383
2 5 8 5 383
8 9 0 0 384
6 1 0 9 384
1 10 8 0 384
8 9 0 0 385
6 1 0 9 385
2 6 8 0 385
8 9 0 0 386
6 1 0 9 386
2 6 8 0 386
8 9 0 0 387
6 1 0 9 387
2 6 8 0 387
8 9 0 0 388
6 1 0 9 388
2 6 8 0 388
9 8 0 0 389
1 7 9 0 389
10 1 0 8 389
10 1 0 9 389
9 8 0 0 390
1 7 9 0 390
6 2 0 8 390
9 8 0 0 391
1 7 9 0 391
6 2 0 8 391
9 8 0 0 392
1 7 9 0 392
6 2 0 8 392
10 7 0 0 393
3 3 0 7 393
3 3 3 7 393
3 3 6 7 393
10 7 0 0 394
3 3 0 7 394
3 3 3 7 394
3 3 6 7 394
10 7 0 0 395
3 3 0 7 395
3 3 3 7 395
3 3 6 7 395
7 10 0 0 396
3 3 7 0 396
3 3 7 3 396
3 3 7 6 396
7 10 0 0 397
3 3 7 0 397
3 3 7 3 397
3 3 7 6 397
10 7 0 0 398
3 3 0 7 398
3 3 3 7 398
3 3 6 7 398
7 10 0 0 399
3 3 7 0 399
3 3 7 3 399
3 3 7 6 399
7 10 0 0 400
3 3 7 0 400
3 3 7 3 400
3 3 7 6 400
7 10 0 0 401
3 3 7 0 401
3 3 7 3 401
3 3 7 6 401
7 10 0 0 402
3 3 7 0 402
3 3 7 3 402
3 3 7 6 402
7 10 0 0 403
3 3 7 0 403
3 3 7 3 403
3 3 7 6 403
10 7 0 0 404
3 3 0 7 404
3 3 3 7 404
3 3 6 7 404
7 10 0 0 405
3 3 7 0 405
3 3 7 3 405
3 3 7 6 405
10 7 0 0 406
3 3 0 7 406
3 3 3 7 406
3 3 6 7 406
10 7 0 0 407
3 3 0 7 407
3 3 3 7 407
3 3 6 7 407
7 10 0 0 408
3 3 7 0 408
3 3 7 3 408
3 3 7 6 408
10 7 0 0 409
4 3 0 7 409
4 3 4 7 409
10 7 0 0 410
4 3 0 7 410
4 3 4 7 410
7 10 0 0 411
3 4 7 0 411
3 4 7 4 411
10 7 0 0 412
4 3 0 7 412
4 3 4 7 412
7 10 0 0 413
3 4 7 0 413
3 4 7 4 413
10 7 0 0 414
4 3 0 7 414
6 2 4 7 414
10 7 0 0 415
4 3 0 7 415
6 2 4 7 415
10 7 0 0 416
4 3 0 7 416
4 3 4 7 416
7 10 0 0 417
3 4 7 0 417
2 6 7 4 417
10 7 0 0 418
4 3 0 7 418
4 3 4 7 418
10 7 0 0 419
4 3 0 7 419
6 2 4 7 419
7 10 0 0 420
3 4 7 0 420
3 4 7 4 420
7 10 0 0 421
3 4 7 0 421
3 4 7 4 421
10 7 0 0 422
4 3 0 7 422
6 2 4 7 422
7 10 0 0 423
3 4 7 0 423
2 6 7 4 423
7 10 0 0 424
3 4 7 0 424
3 4 7 4 424
10 7 0 0 425
4 3 0 7 425
6 2 4 7 425
7 10 0 0 426
3 4 7 0 426
3 4 7 4 426
7 10 0 0 427
3 4 7 0 427
2 6 7 4 427
10 7 0 0 428
4 3 0 7 428
4 3 4 7 428
10 7 0 0 429
4 3 0 7 429
4 3 4 7 429
7 10 0 0 430
3 4 7 0 430
3 4 7 4 430
7 10 0 0 431
3 4 7 0 431
2 6 7 4 431
10 7 0 0 432
4 3 0 7 432
6 2 4 7 432
7 10 0 0 433
3 4 7 0 433
2 6 7 4 433
10 7 0 0 434
4 3 0 7 434
4 3 4 7 434
7 10 0 0 435
3 4 7 0 435
3 4 7 4 435
7 10 0 0 436
3 4 7 0 436
2 6 7 4 436
7 10 0 0 437
3 4 7 0 437
2 6 7 4 437
10 7 0 0 438
4 3 0 7 438
4 3 4 7 438
10 7 0 0 439
4 3 0 7 439
6 2 4 7 439
7 10 0 0 440
3 4 7 0 440
3 4 7 4 440
10 7 0 0 441
4 3 0 7 441
4 3 4 7 441
7 10 0 0 442
3 4 7 0 442
3 4 7 4 442
7 10 0 0 443
3 4 7 0 443
3 4 7 4 443
10 7 0 0 444
4 3 0 7 444
4 3 4 7 444
7 10 0 0 445
3 4 7 0 445
2 6 7 4 445
10 7 0 0 446
4 3 0 7 446
6 2 4 7 446
7 10 0 0 447
3 4 7 0 447
3 4 7 4 447
10 7 0 0 448
4 3 0 7 448
4 3 4 7 448
10 7 0 0 449
4 3 0 7 449
6 2 4 7 449
10 7 0 0 450
4 3 0 7 450
4 3 4 7 450
10 7 0 0 451
4 3 0 7 451
6 2 4 7 451
7 10 0 0 452
3 4 7 0 452
2 6 7 4 452
10 7 0 0 453
4 3 0 7 453
4 3 4 7 453
7 10 0 0 454
3 4 7 0 454
2 6 7 4 454
10 7 0 0 455
4 3 0 7 455
6 2 4 7 455
10 7 0 0 456
4 3 0 7 456
4 3 4 7 456
7 10 0 0 457
3 4 7 0 457
2 6 7 4 457
7 10 0 0 458
3 4 7 0 458
2 6 7 4 458
10 7 0 0 459
4 3 0 7 459
6 2 4 7 459
10 7 0 0 460
4 3 0 7 460
4 3 4 7 460
10 7 0 0 461
4 3 0 7 461
6 2 4 7 461
7 10 0 0 462
3 4 7 0 462
2 6 7 4 462
7 10 0 0 463
3 4 7 0 463
2 6 7 4 463
7 10 0 0 464
3 4 7 0 464
2 6 7 4 464
10 7 0 0 465
4 3 0 7 465
6 2 4 7 465
10 7 0 0 466
4 3 0 7 466
6 2 4 7 466
10 7 0 0 467
5 3 0 7 467
5 3 5 7 467
10 7 0 0 468
5 3 0 7 468
5 3 5 7 468
10 7 0 0 469
5 3 0 7 469
5 3 5 7 469
7 10 0 0 470
3 4 7 0 470
3 4 7 4 470
10 7 0 0 471
5 3 0 7 471
5 3 5 7 471
7 10 0 0 472
3 4 7 0 472
3 4 7 4 472
10 7 0 0 473
5 3 0 7 473
5 3 5 7 473
7 10 0 0 474
3 4 7 0 474
3 4 7 4 474
10 7 0 0 475
5 3 0 7 475
5 3 5 7 475
10 7 0 0 476
5 3 0 7 476
5 3 5 7 476
7 10 0 0 477
3 4 7 0 477
3 4 7 4 477
10 7 0 0 478
5 3 0 7 478
5 3 5 7 478
10 7 0 0 479
5 3 0 7 479
5 3 5 7 479
7 10 0 0 480
3 4 7 0 480
2 6 7 4 480
10 7 0 0 481
5 3 0 7 481
5 3 5 7 481
10 7 0 0 482
5 3 0 7 482
5 3 5 7 482
10 7 0 0 483
5 3 0 7 483
5 3 5 7 483
7 10 0 0 484
3 4 7 0 484
3 5 7 4 484
7 10 0 0 485
3 5 7 0 485
3 5 7 5 485
7 10 0 0 486
3 5 7 0 486
3 5 7 5 486
7 10 0 0 487
3 5 7 0 487
3 5 7 5 487
10 7 0 0 488
5 3 0 7 488
5 3 5 7 488
7 10 0 0 489
3 5 7 0 489
3 5 7 5 489
7 10 0 0 490
3 5 7 0 490
3 5 7 5 490
7 10 0 0 491
3 5 7 0 491
3 5 7 5 491
10 7 0 0 492
5 3 0 7 492
5 3 5 7 492
7 10 0 0 493
3 5 7 0 493
3 5 7 5 493
7 10 0 0 494
3 5 7 0 494
3 5 7 5 494
7 10 0 0 495
3 5 7 0 495
3 5 7 5 495
7 10 0 0 496
3 5 7 0 496
3 5 7 5 496
7 10 0 0 497
3 5 7 0 497
3 5 7 5 497
7 10 0 0 498
3 5 7 0 498
3 5 7 5 498
10 7 0 0 499
5 3 0 7 499
5 3 5 7 499
10 7 0 0 500
5 3 0 7 500
5 3 5 7 500
7 10 0 0 501
3 5 7 0 501
3 5 7 5 501
10 7 0 0 502
5 3 0 7 502
5 3 5 7 502
10 7 0 0 503
5 3 0 7 503
5 3 5 7 503
7 10 0 0 504
3 5 7 0 504
3 5 7 5 504
7 10 0 0 505
3 5 7 0 505
3 5 7 5 505
7 10 0 0 506
3 5 7 0 506
3 5 7 5 506
8 8 0 0 507
6 2 0 8 507
2 6 8 0 507
8 8 0 0 508
6 2 0 8 508
2 6 8 0 508
8 8 0 0 509
6 2 0 8 509
2 6 8 0 509
8 8 0 0 510
6 2 0 8 510
2 6 8 0 510
8 8 0 0 511
6 2 0 8 511
2 6 8 0 511
8 8 0 0 512
6 2 0 8 512
2 6 8 0 512
8 8 0 0 513
6 2 0 8 513
2 6 8 0 513
8 8 0 0 514
6 2 0 8 514
2 6 8 0 514
8 8 0 0 515
6 2 0 8 515
2 6 8 0 515
8 8 0 0 516
6 2 0 8 516
2 6 8 0 516
8 8 0 0 517
6 2 0 8 517
2 6 8 0 517
8 8 0 0 518
6 2 0 8 518
2 6 8 0 518
8 8 0 0 519
6 2 0 8 519
2 6 8 0 519
8 8 0 0 520
6 2 0 8 520
2 6 8 0 520
8 8 0 0 521
6 2 0 8 521
2 6 8 0 521
8 8 0 0 522
6 2 0 8 522
2 6 8 0 522
8 8 0 0 523
6 2 0 8 523
2 6 8 0 523
8 8 0 0 524
6 2 0 8 524
2 6 8 0 524
8 8 0 0 525
6 2 0 8 525
2 6 8 0 525
8 8 0 0 526
6 2 0 8 526
2 6 8 0 526
8 8 0 0 527
6 2 0 8 527
2 6 8 0 527
8 8 0 0 528
6 2 0 8 528
2 6 8 0 528
8 8 0 0 529
6 2 0 8 529
2 6 8 0 529
8 8 0 0 530
6 2 0 8 530
2 6 8 0 530
8 8 0 0 531
6 2 0 8 531
2 6 8 0 531
8 8 0 0 532
6 2 0 8 532
2 6 8 0 532
8 8 0 0 533
6 2 0 8 533
2 6 8 0 533
8 8 0 0 534
6 2 0 8 534
2 6 8 0 534
8 8 0 0 535
6 2 0 8 535
2 6 8 0 535
8 8 0 0 536
6 2 0 8 536
2 6 8 0 536
8 8 0 0 537
6 2 0 8 537
2 7 8 0 537
8 8 0 0 538
6 2 0 8 538
2 7 8 0 538
8 8 0 0 539
6 2 0 8 539
2 7 8 0 539
8 8 0 0 540
6 2 0 8 540
2 7 8 0 540
8 8 0 0 541
6 2 0 8 541
2 7 8 0 541
8 8 0 0 542
6 2 0 8 542
2 7 8 0 542
8 8 0 0 543
6 2 0 8 543
2 7 8 0 543
8 8 0 0 544
6 2 0 8 544
2 7 8 0 544
8 8 0 0 545
6 2 0 8 545
2 7 8 0 545
8 8 0 0 546
7 2 0 8 546
2 7 8 0 546
8 8 0 0 547
7 2 0 8 547
2 7 8 0 547
8 8 0 0 548
7 2 0 8 548
2 7 8 0 548
9 7 0 0 549
1 7 9 0 549
5 3 0 7 549
5 3 5 7 549
7 9 0 0 550
7 1 0 9 550
3 5 7 0 550
3 5 7 5 550
7 9 0 0 551
7 1 0 9 551
3 5 7 0 551
3 5 7 5 551
7 9 0 0 552
7 1 0 9 552
3 5 7 0 552
3 5 7 5 552
7 9 0 0 553
7 1 0 9 553
3 5 7 0 553
3 5 7 5 553
9 7 0 0 554
1 7 9 0 554
5 3 0 7 554
5 3 5 7 554
7 9 0 0 555
7 1 0 9 555
3 5 7 0 555
3 5 7 5 555
7 9 0 0 556
7 1 0 9 556
3 5 7 0 556
3 5 7 5 556
7 9 0 0 557
7 1 0 9 557
3 5 7 0 557
3 5 7 5 557
7 9 0 0 558
7 1 0 9 558
3 5 7 0 558
3 5 7 5 558
7 9 0 0 559
7 1 0 9 559
3 5 7 0 559
3 5 7 5 559
9 7 0 0 560
1 7 9 0 560
5 3 0 7 560
5 3 5 7 560
9 7 0 0 561
1 7 9 0 561
5 3 0 7 561
5 3 5 7 561
9 7 0 0 562
1 7 9 0 562
5 3 0 7 562
5 3 5 7 562
7 9 0 0 563
7 1 0 9 563
3 5 7 0 563
3 5 7 5 563
9 7 0 0 564
1 7 9 0 564
5 3 0 7 564
5 3 5 7 564
7 9 0 0 565
7 1 0 9 565
3 6 7 0 565
9 7 0 0 566
1 7 9 0 566
5 3 0 7 566
5 3 5 7 566
7 9 0 0 567
7 1 0 9 567
3 6 7 0 567
9 7 0 0 568
1 7 9 0 568
5 3 0 7 568
5 3 5 7 568
9 7 0 0 569
1 7 9 0 569
5 3 0 7 569
5 3 5 7 569
9 7 0 0 570
1 7 9 0 570
5 3 0 7 570
5 3 5 7 570
9 7 0 0 571
1 7 9 0 571
5 3 0 7 571
5 3 5 7 571
9 7 0 0 572
1 7 9 0 572
5 3 0 7 572
5 3 5 7 572
7 9 0 0 573
7 1 0 9 573
3 6 7 0 573
7 9 0 0 574
7 1 0 9 574
3 6 7 0 574
7 9 0 0 575
7 1 0 9 575
3 6 7 0 575
7 9 0 0 576
7 1 0 9 576
3 6 7 0 576
9 7 0 0 577
1 7 9 0 577
5 3 0 7 577
5 3 5 7 577
9 7 0 0 578
1 7 9 0 578
5 3 0 7 578
9 7 0 0 579
1 7 9 0 579
6 3 0 7 579
7 9 0 0 580
7 1 0 9 580
3 6 7 0 580
7 9 0 0 581
7 1 0 9 581
3 6 7 0 581
7 9 0 0 582
7 1 0 9 582
3 6 7 0 582
9 7 0 0 583
1 7 9 0 583
6 3 0 7 583
7 9 0 0 584
7 1 0 9 584
3 6 7 0 584
9 7 0 0 585
1 7 9 0 585
6 3 0 7 585
7 9 0 0 586
7 1 0 9 586
3 6 7 0 586
9 7 0 0 587
1 7 9 0 587
6 3 0 7 587
9 7 0 0 588
1 7 9 0 588
6 3 0 7 588
7 9 0 0 589
7 1 0 9 589
3 6 7 0 589
9 7 0 0 590
1 7 9 0 590
6 3 0 7 590
9 7 0 0 591
1 7 9 0 591
6 3 0 7 591
9 7 0 0 592
1 7 9 0 592
6 3 0 7 592
9 7 0 0 593
1 7 9 0 593
6 3 0 7 593
9 7 0 0 594
1 7 9 0 594
6 3 0 7 594
9 7 0 0 595
1 7 9 0 595
6 3 0 7 595
7 9 0 0 596
7 1 0 9 596
3 6 7 0 596
7 9 0 0 597
7 1 0 9 597
3 6 7 0 597
9 7 0 0 598
1 7 9 0 598
6 3 0 7 598
9 7 0 0 599
1 7 9 0 599
6 3 0 7 599
7 9 0 0 600
7 1 0 9 600
3 6 7 0 600
9 7 0 0 601
1 7 9 0 601
6 3 0 7 601
7 9 0 0 602
7 1 0 9 602
3 6 7 0 602
9 7 0 0 603
1 7 9 0 603
6 3 0 7 603
7 9 0 0 604
7 1 0 9 604
3 6 7 0 604
9 7 0 0 605
1 7 9 0 605
6 3 0 7 605
7 9 0 0 606
7 1 0 9 606
3 6 7 0 606
9 7 0 0 607
1 7 9 0 607
6 3 0 7 607
7 9 0 0 608
7 1 0 9 608
3 6 7 0 608
7 9 0 0 609
7 1 0 9 609
3 6 7 0 609
7 9 0 0 610
7 1 0 9 610
3 6 7 0 610
9 7 0 0 611
1 7 9 0 611
6 3 0 7 611
9 7 0 0 612
1 8 9 0 612
9 1 0 7 612
7 2 0 8 612
7 9 0 0 613
7 1 0 9 613
3 6 7 0 613
7 9 0 0 614
7 1 0 9 614
3 6 7 0 614
9 7 0 0 615
1 8 9 0 615
9 1 0 7 615
7 2 0 8 615
9 7 0 0 616
1 8 9 0 616
9 1 0 7 616
7 2 0 8 616
7 9 0 0 617
7 1 0 9 617
3 6 7 0 617
9 7 0 0 618
1 8 9 0 618
9 1 0 7 618
7 2 0 8 618
9 7 0 0 619
1 8 9 0 619
9 1 0 7 619
7 2 0 8 619
7 9 0 0 620
7 1 0 9 620
3 6 7 0 620
7 9 0 0 621
7 1 0 9 621
3 6 7 0 621
7 9 0 0 622
7 1 0 9 622
3 6 7 0 622
9 7 0 0 623
1 8 9 0 623
9 1 0 7 623
7 2 0 8 623
9 7 0 0 624
1 8 9 0 624
9 1 0 7 624
7 2 0 8 624
9 7 0 0 625
1 8 9 0 625
9 1 0 7 625
7 2 0 8 625
9 7 0 0 626
1 8 9 0 626
9 1 0 7 626
7 2 0 8 626
7 9 0 0 627
7 1 0 9 627
3 6 7 0 627
9 7 0 0 628
1 8 9 0 628
9 1 0 7 628
7 2 0 8 628
9 7 0 0 629
1 8 9 0 629
9 1 0 7 629
7 2 0 8 629
9 7 0 0 630
1 8 9 0 630
9 1 0 7 630
7 2 0 8 630
9 7 0 0 631
1 8 9 0 631
9 1 0 7 631
7 2 0 8 631
9 7 0 0 632
1 8 9 0 632
9 1 0 7 632
7 2 0 8 632
10 6 0 0 633
4 4 0 6 633
4 4 4 6 633
6 10 0 0 634
4 4 6 0 634
4 4 6 4 634
10 6 0 0 635
4 4 0 6 635
4 4 4 6 635
10 6 0 0 636
4 4 0 6 636
4 4 4 6 636
6 10 0 0 637
4 4 6 0 637
4 4 6 4 637
6 10 0 0 638
4 4 6 0 638
4 4 6 4 638
6 10 0 0 639
4 4 6 0 639
4 4 6 4 639
10 6 0 0 640
4 4 0 6 640
4 4 4 6 640
6 10 0 0 641
4 4 6 0 641
4 4 6 4 641
6 10 0 0 642
4 4 6 0 642
4 4 6 4 642
10 6 0 0 643
4 4 0 6 643
4 4 4 6 643
6 10 0 0 644
4 4 6 0 644
4 4 6 4 644
10 6 0 0 645
4 4 0 6 645
4 4 4 6 645
10 6 0 0 646
4 4 0 6 646
4 4 4 6 646
10 6 0 0 647
4 4 0 6 647
4 4 4 6 647
6 10 0 0 648
4 4 6 0 648
4 4 6 4 648
6 10 0 0 649
4 4 6 0 649
4 4 6 4 649
10 6 0 0 650
4 4 0 6 650
4 4 4 6 650
6 10 0 0 651
4 4 6 0 651
4 4 6 4 651
6 10 0 0 652
4 4 6 0 652
4 4 6 4 652
6 10 0 0 653
4 4 6 0 653
4 4 6 4 653
10 6 0 0 654
4 4 0 6 654
4 4 4 6 654
6 10 0 0 655
4 4 6 0 655
4 4 6 4 655
10 6 0 0 656
4 4 0 6 656
4 4 4 6 656
6 10 0 0 657
4 4 6 0 657
4 4 6 4 657
10 6 0 0 658
4 4 0 6 658
4 4 4 6 658
6 10 0 0 659
2 10 6 0 659
2 10 8 0 659
10 6 0 0 660
9 2 0 6 660
9 2 0 8 660
10 6 0 0 661
9 2 0 6 661
9 2 0 8 661
10 6 0 0 662
9 2 0 6 662
9 2 0 8 662
10 6 0 0 663
9 2 0 6 663
9 2 0 8 663
10 6 0 0 664
9 2 0 6 664
9 2 0 8 664
10 6 0 0 665
9 2 0 6 665
9 2 0 8 665
10 6 0 0 666
9 2 0 6 666
9 2 0 8 666
10 6 0 0 667
9 2 0 6 667
9 2 0 8 667
10 6 0 0 668
9 2 0 6 668
9 2 0 8 668
10 6 0 0 669
9 2 0 6 669
9 2 0 8 669
10 6 0 0 670
9 2 0 6 670
9 2 0 8 670
6 10 0 0 671
4 5 6 0 671
4 5 6 5 671
6 10 0 0 672
2 10 6 0 672
2 10 8 0 672
6 10 0 0 673
4 5 6 0 673
4 5 6 5 673
6 10 0 0 674
2 10 6 0 674
2 10 8 0 674
10 6 0 0 675
9 2 0 6 675
10 2 0 8 675
10 6 0 0 676
10 2 0 6 676
10 2 0 8 676
10 6 0 0 677
5 4 0 6 677
5 4 5 6 677
6 10 0 0 678
4 5 6 0 678
4 5 6 5 678
6 10 0 0 679
2 10 6 0 679
2 10 8 0 679
6 10 0 0 680
2 10 6 0 680
2 10 8 0 680
6 10 0 0 681
4 5 6 0 681
4 5 6 5 681
10 6 0 0 682
5 4 0 6 682
5 4 5 6 682
6 10 0 0 683
4 5 6 0 683
4 5 6 5 683
6 10 0 0 684
4 5 6 0 684
4 5 6 5 684
6 10 0 0 685
2 10 6 0 685
2 10 8 0 685
10 6 0 0 686
10 2 0 6 686
10 2 0 8 686
10 6 0 0 687
5 4 0 6 687
5 4 5 6 687
6 10 0 0 688
4 5 6 0 688
4 5 6 5 688
10 6 0 0 689
10 2 0 6 689
10 2 0 8 689
10 6 0 0 690
10 2 0 6 690
10 2 0 8 690
6 10 0 0 691
2 10 6 0 691
2 10 8 0 691
6 10 0 0 692
4 5 6 0 692
4 5 6 5 692
10 6 0 0 693
5 4 0 6 693
5 4 5 6 693
10 6 0 0 694
10 2 0 6 694
10 2 0 8 694
6 10 0 0 695
2 10 6 0 695
2 10 8 0 695
6 10 0 0 696
4 5 6 0 696
4 5 6 5 696
6 10 0 0 697
4 5 6 0 697
4 5 6 5 697
6 10 0 0 698
2 10 6 0 698
2 10 8 0 698
6 10 0 0 699
2 10 6 0 699
2 10 8 0 699
6 10 0 0 700
4 5 6 0 700
4 5 6 5 700
10 6 0 0 701
10 2 0 6 701
10 2 0 8 701
10 6 0 0 702
10 2 0 6 702
10 2 0 8 702
6 10 0 0 703
4 5 6 0 703
4 5 6 5 703
6 10 0 0 704
4 5 6 0 704
4 5 6 5 704
10 6 0 0 705
10 2 0 6 705
10 2 0 8 705
6 10 0 0 706
2 10 6 0 706
2 10 8 0 706
6 10 0 0 707
4 5 6 0 707
4 5 6 5 707
10 6 0 0 708
10 2 0 6 708
10 2 0 8 708
10 6 0 0 709
5 4 0 6 709
5 4 5 6 709
6 10 0 0 710
2 10 6 0 710
2 10 8 0 710
10 6 0 0 711
10 2 0 6 711
10 2 0 8 711
10 6 0 0 712
10 2 0 6 712
10 2 0 8 712
6 10 0 0 713
2 10 6 0 713
2 10 8 0 713
6 10 0 0 714
2 10 6 0 714
2 10 8 0 714
6 10 0 0 715
2 10 6 0 715
2 10 8 0 715
10 6 0 0 716
5 4 0 6 716
5 4 5 6 716
10 6 0 0 717
5 4 0 6 717
5 4 5 6 717
6 10 0 0 718
4 5 6 0 718
4 5 6 5 718
7 8 0 0 719
7 2 0 8 719
3 6 7 0 719
7 8 0 0 720
7 2 0 8 720
3 6 7 0 720
7 8 0 0 721
7 2 0 8 721
3 6 7 0 721
7 8 0 0 722
7 2 0 8 722
3 6 7 0 722
8 7 0 0 723
2 7 8 0 723
6 3 0 7 723
7 8 0 0 724
7 2 0 8 724
3 6 7 0 724
7 8 0 0 725
7 2 0 8 725
3 6 7 0 725
8 7 0 0 726
2 7 8 0 726
6 3 0 7 726
7 8 0 0 727
7 2 0 8 727
3 6 7 0 727
7 8 0 0 728
7 2 0 8 728
3 6 7 0 728
8 7 0 0 729
2 7 8 0 729
6 3 0 7 729
7 8 0 0 730
7 2 0 8 730
3 6 7 0 730
7 8 0 0 731
7 2 0 8 731
3 6 7 0 731
7 8 0 0 732
7 2 0 8 732
3 6 7 0 732
7 8 0 0 733
7 2 0 8 733
3 6 7 0 733
7 8 0 0 734
7 2 0 8 734
3 6 7 0 734
7 8 0 0 735
7 2 0 8 735
3 6 7 0 735
7 8 0 0 736
7 2 0 8 736
3 6 7 0 736
8 7 0 0 737
2 7 8 0 737
6 3 0 7 737
7 8 0 0 738
7 2 0 8 738
3 6 7 0 738
8 7 0 0 739
2 7 8 0 739
6 3 0 7 739
7 8 0 0 740
7 2 0 8 740
3 6 7 0 740
8 7 0 0 741
2 7 8 0 741
6 3 0 7 741
7 8 0 0 742
7 2 0 8 742
3 6 7 0 742
8 7 0 0 743
2 7 8 0 743
6 3 0 7 743
8 7 0 0 744
2 7 8 0 744
6 3 0 7 744
8 7 0 0 745
2 7 8 0 745
6 3 0 7 745
8 7 0 0 746
2 7 8 0 746
6 3 0 7 746
7 8 0 0 747
7 2 0 8 747
3 6 7 0 747
7 8 0 0 748
7 2 0 8 748
3 6 7 0 748
7 8 0 0 749
7 2 0 8 749
3 6 7 0 749
7 8 0 0 750
7 2 0 8 750
3 6 7 0 750
7 8 0 0 751
7 2 0 8 751
3 6 7 0 751
7 8 0 0 752
7 2 0 8 752
3 6 7 0 752
8 7 0 0 753
2 7 8 0 753
6 3 0 7 753
8 7 0 0 754
2 7 8 0 754
6 3 0 7 754
7 8 0 0 755
7 2 0 8 755
2 10 7 0 755
8 7 0 0 756
2 7 8 0 756
6 3 0 7 756
8 7 0 0 757
2 7 8 0 757
6 3 0 7 757
7 8 0 0 758
7 2 0 8 758
2 10 7 0 758
8 7 0 0 759
2 7 8 0 759
6 3 0 7 759
7 8 0 0 760
7 2 0 8 760
2 10 7 0 760
7 8 0 0 761
7 2 0 8 761
2 10 7 0 761
8 7 0 0 762
2 7 8 0 762
6 3 0 7 762
8 7 0 0 763
2 7 8 0 763
6 3 0 7 763
8 7 0 0 764
2 7 8 0 764
6 3 0 7 764
7 8 0 0 765
7 2 0 8 765
2 10 7 0 765
8 7 0 0 766
2 7 8 0 766
6 3 0 7 766
7 8 0 0 767
7 2 0 8 767
2 10 7 0 767
8 7 0 0 768
2 7 8 0 768
6 3 0 7 768
7 8 0 0 769
7 2 0 8 769
2 10 7 0 769
7 8 0 0 770
7 2 0 8 770
2 10 7 0 770
7 8 0 0 771
7 2 0 8 771
2 10 7 0 771
8 7 0 0 772
2 7 8 0 772
6 3 0 7 772
8 7 0 0 773
2 7 8 0 773
6 3 0 7 773
8 7 0 0 774
2 7 8 0 774
6 3 0 7 774
7 8 0 0 775
7 2 0 8 775
2 10 7 0 775
7 8 0 0 776
7 2 0 8 776
2 10 7 0 776
8 7 0 0 777
2 7 8 0 777
6 3 0 7 777
7 8 0 0 778
7 2 0 8 778
2 10 7 0 778
7 8 0 0 779
7 2 0 8 779
2 10 7 0 779
7 8 0 0 780
7 2 0 8 780
2 10 7 0 780
8 7 0 0 781
2 7 8 0 781
6 3 0 7 781
7 8 0 0 782
8 2 0 8 782
2 8 8 0 782
8 7 0 0 783
2 7 8 0 783
6 3 0 7 783
8 7 0 0 784
2 7 8 0 784
10 2 0 7 784
8 7 0 0 785
2 7 8 0 785
10 2 0 7 785
8 7 0 0 786
2 7 8 0 786
10 2 0 7 786
8 7 0 0 787
2 7 8 0 787
10 2 0 7 787
7 8 0 0 788
8 2 0 8 788
2 8 8 0 788
8 7 0 0 789
2 8 8 0 789
8 2 0 7 789
7 8 0 0 790
8 2 0 8 790
2 8 8 0 790
8 7 0 0 791
2 8 8 0 791
8 2 0 7 791
8 7 0 0 792
2 8 8 0 792
8 2 0 7 792
8 7 0 0 793
2 8 8 0 793
8 2 0 7 793
7 8 0 0 794
8 2 0 8 794
2 8 8 0 794
7 8 0 0 795
8 2 0 8 795
2 8 8 0 795
8 7 0 0 796
2 8 8 0 796
8 2 0 7 796
8 7 0 0 797
2 8 8 0 797
8 2 0 7 797
7 8 0 0 798
8 2 0 8 798
2 8 8 0 798
7 8 0 0 799
8 2 0 8 799
2 8 8 0 799
8 7 0 0 800
2 8 8 0 800
8 2 0 7 800
8 7 0 0 801
2 8 8 0 801
8 2 0 7 801
8 7 0 0 802
2 8 8 0 802
8 2 0 7 802
8 7 0 0 803
2 8 8 0 803
8 2 0 7 803
7 8 0 0 804
8 2 0 8 804
2 8 8 0 804
7 8 0 0 805
8 2 0 8 805
2 8 8 0 805
8 7 0 0 806
2 8 8 0 806
8 2 0 7 806
8 7 0 0 807
2 8 8 0 807
8 2 0 7 807
8 7 0 0 808
2 8 8 0 808
8 2 0 7 808
8 7 0 0 809
2 8 8 0 809
8 2 0 7 809
8 7 0 0 810
2 8 8 0 810
8 2 0 7 810
8 7 0 0 811
2 8 8 0 811
8 2 0 7 811
7 8 0 0 812
8 2 0 8 812
2 8 8 0 812
7 8 0 0 813
8 2 0 8 813
2 8 8 0 813
8 7 0 0 814
2 8 8 0 814
8 2 0 7 814
8 7 0 0 815
2 8 8 0 815
8 2 0 7 815
8 7 0 0 816
2 8 8 0 816
8 2 0 7 816
7 8 0 0 817
8 2 0 8 817
2 8 8 0 817
8 7 0 0 818
2 8 8 0 818
8 2 0 7 818
8 7 0 0 819
2 8 8 0 819
8 2 0 7 819
9 6 0 0 820
1 8 9 0 820
9 1 0 6 820
9 1 0 7 820
8 2 0 8 820
6 9 0 0 821
7 1 0 9 821
1 9 6 0 821
2 10 7 0 821
9 6 0 0 822
1 8 9 0 822
9 1 0 6 822
9 1 0 7 822
8 2 0 8 822
9 6 0 0 823
1 8 9 0 823
9 1 0 6 823
9 1 0 7 823
8 2 0 8 823
9 6 0 0 824
1 8 9 0 824
9 1 0 6 824
9 1 0 7 824
8 2 0 8 824
6 9 0 0 825
7 1 0 9 825
1 9 6 0 825
2 10 7 0 825
6 9 0 0 826
7 1 0 9 826
1 9 6 0 826
2 10 7 0 826
6 9 0 0 827
7 1 0 9 827
1 9 6 0 827
2 10 7 0 827
6 9 0 0 828
7 1 0 9 828
1 9 6 0 828
2 10 7 0 828
6 9 0 0 829
7 1 0 9 829
1 9 6 0 829
2 10 7 0 829
9 6 0 0 830
1 8 9 0 830
9 1 0 6 830
9 1 0 7 830
8 2 0 8 830
9 6 0 0 831
1 8 9 0 831
9 1 0 6 831
9 1 0 7 831
8 2 0 8 831
9 6 0 0 832
1 8 9 0 832
9 1 0 6 832
9 1 0 7 832
8 2 0 8 832
9 6 0 0 833
1 8 9 0 833
9 1 0 6 833
9 1 0 7 833
8 2 0 8 833
6 9 0 0 834
7 1 0 9 834
1 9 6 0 834
3 7 7 0 834
6 9 0 0 835
7 1 0 9 835
1 9 6 0 835
3 7 7 0 835
6 9 0 0 836
7 1 0 9 836
1 9 6 0 836
3 7 7 0 836
9 6 0 0 837
1 8 9 0 837
9 1 0 6 837
9 1 0 7 837
8 2 0 8 837
9 6 0 0 838
1 8 9 0 838
9 1 0 6 838
9 1 0 7 838
8 2 0 8 838
9 6 0 0 839
1 8 9 0 839
9 1 0 6 839
9 1 0 7 839
8 2 0 8 839
6 9 0 0 840
7 1 0 9 840
1 9 6 0 840
3 7 7 0 840
9 6 0 0 841
1 8 9 0 841
9 1 0 6 841
9 1 0 7 841
8 2 0 8 841
9 6 0 0 842
1 8 9 0 842
9 1 0 6 842
9 1 0 7 842
8 2 0 8 842
9 6 0 0 843
1 8 9 0 843
9 1 0 6 843
9 1 0 7 843
8 2 0 8 843
6 9 0 0 844
7 1 0 9 844
1 9 6 0 844
3 7 7 0 844
9 6 0 0 845
1 8 9 0 845
9 1 0 6 845
9 1 0 7 845
8 2 0 8 845
6 9 0 0 846
7 1 0 9 846
1 9 6 0 846
3 7 7 0 846
9 6 0 0 847
1 8 9 0 847
9 1 0 6 847
9 1 0 7 847
8 2 0 8 847
9 6 0 0 848
1 8 9 0 848
9 1 0 6 848
9 1 0 7 848
8 2 0 8 848
9 6 0 0 849
1 8 9 0 849
9 1 0 6 849
9 1 0 7 849
8 2 0 8 849
9 6 0 0 850
1 8 9 0 850
9 1 0 6 850
9 1 0 7 850
8 2 0 8 850
9 6 0 0 851
1 8 9 0 851
9 1 0 6 851
9 1 0 7 851
8 2 0 8 851
6 9 0 0 852
7 1 0 9 852
1 9 6 0 852
3 7 7 0 852
6 9 0 0 853
7 1 0 9 853
1 9 6 0 853
3 7 7 0 853
9 6 0 0 854
1 8 9 0 854
9 1 0 6 854
9 1 0 7 854
8 2 0 8 854
9 6 0 0 855
1 8 9 0 855
9 1 0 6 855
9 1 0 7 855
8 2 0 8 855
9 6 0 0 856
1 8 9 0 856
9 1 0 6 856
9 1 0 7 856
9 2 0 8 856
6 9 0 0 857
8 1 0 9 857
1 9 6 0 857
1 9 7 0 857
2 8 8 0 857
9 6 0 0 858
1 8 9 0 858
9 1 0 6 858
9 1 0 7 858
9 2 0 8 858
6 9 0 0 859
8 1 0 9 859
1 9 6 0 859
1 9 7 0 859
2 8 8 0 859
6 9 0 0 860
8 1 0 9 860
1 9 6 0 860
1 9 7 0 860
2 8 8 0 860
9 6 0 0 861
1 8 9 0 861
9 1 0 6 861
9 1 0 7 861
9 2 0 8 861
6 9 0 0 862
8 1 0 9 862
1 9 6 0 862
1 9 7 0 862
2 8 8 0 862
6 9 0 0 863
8 1 0 9 863
1 9 6 0 863
1 9 7 0 863
2 8 8 0 863
9 6 0 0 864
1 8 9 0 864
9 1 0 6 864
9 2 0 7 864
9 6 0 0 865
1 8 9 0 865
9 2 0 6 865
9 2 0 8 865
6 9 0 0 866
8 1 0 9 866
1 9 6 0 866
1 9 7 0 866
2 8 8 0 866
9 6 0 0 867
1 8 9 0 867
9 2 0 6 867
9 2 0 8 867
9 6 0 0 868
1 8 9 0 868
9 2 0 6 868
9 2 0 8 868
9 6 0 0 869
1 8 9 0 869
9 2 0 6 869
9 2 0 8 869
6 9 0 0 870
8 1 0 9 870
1 9 6 0 870
1 9 7 0 870
2 8 8 0 870
6 9 0 0 871
8 1 0 9 871
1 9 6 0 871
1 9 7 0 871
2 8 8 0 871
9 6 0 0 872
1 8 9 0 872
9 2 0 6 872
9 2 0 8 872
6 9 0 0 873
8 1 0 9 873
1 9 6 0 873
1 9 7 0 873
2 8 8 0 873
9 6 0 0 874
1 8 9 0 874
9 2 0 6 874
9 2 0 8 874
6 9 0 0 875
8 1 0 9 875
1 9 6 0 875
1 9 7 0 875
2 8 8 0 875
6 9 0 0 876
8 1 0 9 876
1 9 6 0 876
1 9 7 0 876
2 8 8 0 876
6 9 0 0 877
8 1 0 9 877
1 9 6 0 877
1 9 7 0 877
2 8 8 0 877
6 9 0 0 878
8 1 0 9 878
1 9 6 0 878
1 9 7 0 878
2 8 8 0 878
9 6 0 0 879
1 8 9 0 879
9 2 0 6 879
9 2 0 8 879
9 6 0 0 880
1 8 9 0 880
9 2 0 6 880
9 2 0 8 880
9 6 0 0 881
1 8 9 0 881
9 2 0 6 881
9 2 0 8 881
6 9 0 0 882
8 1 0 9 882
1 9 6 0 882
1 9 7 0 882
2 8 8 0 882
6 9 0 0 883
8 1 0 9 883
1 9 6 0 883
1 9 7 0 883
2 8 8 0 883
9 6 0 0 884
1 9 9 0 884
9 2 0 6 884
9 2 0 8 884
9 6 0 0 885
1 9 9 0 885
9 2 0 6 885
9 2 0 8 885
9 6 0 0 886
1 9 9 0 886
9 2 0 6 886
9 2 0 8 886
9 6 0 0 887
1 9 9 0 887
9 2 0 6 887
9 2 0 8 887
6 9 0 0 888
8 1 0 9 888
1 9 6 0 888
2 9 8 0 888
6 9 0 0 889
8 1 0 9 889
2 9 8 0 889
2 9 6 0 889
9 6 0 0 890
10 2 0 6 890
10 2 0 8 890
6 9 0 0 891
8 1 0 9 891
2 9 8 0 891
2 9 6 0 891
6 9 0 0 892
8 1 0 9 892
2 9 8 0 892
2 9 6 0 892
6 9 0 0 893
8 1 0 9 893
2 9 8 0 893
2 9 6 0 893
9 6 0 0 894
10 2 0 6 894
10 2 0 8 894
6 9 0 0 895
8 1 0 9 895
2 9 8 0 895
2 9 6 0 895
6 9 0 0 896
8 1 0 9 896
2 9 8 0 896
2 9 6 0 896
6 9 0 0 897
8 1 0 9 897
2 9 8 0 897
2 9 6 0 897
6 9 0 0 898
8 1 0 9 898
2 9 8 0 898
2 9 6 0 898
6 9 0 0 899
8 1 0 9 899
2 9 8 0 899
2 9 6 0 899
6 9 0 0 900
8 1 0 9 900
2 9 8 0 900
2 9 6 0 900
6 9 0 0 901
8 1 0 9 901
2 9 8 0 901
2 9 6 0 901
9 6 0 0 902
5 4 0 6 902
5 4 5 6 902
9 6 0 0 903
10 2 0 6 903
10 2 0 8 903
6 9 0 0 904
8 1 0 9 904
2 9 8 0 904
2 9 6 0 904
9 6 0 0 905
5 4 0 6 905
5 4 5 6 905
9 6 0 0 906
5 4 0 6 906
5 4 5 6 906
6 9 0 0 907
8 1 0 9 907
2 9 8 0 907
2 9 6 0 907
6 9 0 0 908
8 1 0 9 908
2 9 8 0 908
2 9 6 0 908
6 9 0 0 909
8 1 0 9 909
2 9 8 0 909
2 9 6 0 909
6 9 0 0 910
8 1 0 9 910
2 9 8 0 910
2 9 6 0 910
9 6 0 0 911
10 2 0 6 911
10 2 0 8 911
9 6 0 0 912
5 4 0 6 912
5 4 5 6 912
9 6 0 0 913
10 2 0 6 913
10 2 0 8 913
9 6 0 0 914
5 4 0 6 914
5 4 5 6 914
6 9 0 0 915
8 1 0 9 915
2 9 8 0 915
2 9 6 0 915
6 9 0 0 916
8 1 0 9 916
2 9 8 0 916
2 9 6 0 916
9 6 0 0 917
10 2 0 6 917
10 2 0 8 917
9 6 0 0 918
10 2 0 6 918
10 2 0 8 918
6 9 0 0 919
8 1 0 9 919
2 9 8 0 919
2 9 6 0 919
9 6 0 0 920
10 2 0 6 920
10 2 0 8 920
6 9 0 0 921
8 1 0 9 921
2 9 8 0 921
2 9 6 0 921
9 6 0 0 922
5 4 0 6 922
5 4 5 6 922
9 6 0 0 923
10 2 0 6 923
10 2 0 8 923
9 6 0 0 924
5 4 0 6 924
5 4 5 6 924
6 9 0 0 925
8 1 0 9 925
4 5 6 0 925
9 6 0 0 926
10 2 0 6 926
10 2 0 8 926
6 9 0 0 927
4 5 6 0 927
4 5 6 5 927
9 6 0 0 928
10 2 0 6 928
10 2 0 8 928
6 9 0 0 929
4 5 6 0 929
4 5 6 5 929
9 6 0 0 930
10 2 0 6 930
10 2 0 8 930
9 6 0 0 931
5 4 0 6 931
5 4 5 6 931
9 6 0 0 932
5 4 0 6 932
5 4 5 6 932
6 9 0 0 933
4 5 6 0 933
4 5 6 5 933
5 10 0 0 934
4 5 5 0 934
4 5 5 5 934
10 5 0 0 935
10 5 0 5 935
5 10 0 0 936
5 10 5 0 936
10 2 0 0 937
10 2 0 2 937
10 5 0 4 937
10 5 0 0 938
10 5 0 5 938
4 5 0 0 939
10 2 0 5 939
5 4 4 0 939
10 2 0 7 939
10 5 0 0 940
10 5 0 5 940
5 10 0 0 941
5 10 5 0 941
10 5 0 0 942
10 5 0 5 942
4 5 0 0 943
4 5 0 5 943
5 10 4 0 943
10 5 0 0 944
10 5 0 5 944
5 10 0 0 945
5 10 5 0 945
10 5 0 0 946
10 5 0 5 946
10 2 0 0 947
5 4 0 2 947
10 2 0 6 947
10 2 0 8 947
5 4 5 2 947
5 10 0 0 948
5 10 5 0 948
4 5 0 0 949
5 10 4 0 949
4 5 0 5 949
10 5 0 0 950
10 5 0 5 950
5 10 0 0 951
5 10 5 0 951
10 5 0 0 952
10 5 0 5 952
10 5 0 0 953
10 5 0 5 953
5 10 0 0 954
5 10 5 0 954
4 5 0 0 955
10 2 0 5 955
10 2 0 7 955
4 5 4 0 955
5 10 0 0 956
5 10 5 0 956
10 5 0 0 957
10 5 0 5 957
10 5 0 0 958
10 5 0 5 958
10 2 0 0 959
10 2 0 2 959
10 5 0 4 959
5 4 0 0 960
10 5 0 4 960
5 4 5 0 960
10 5 0 0 961
10 5 0 5 961
10 5 0 0 962
10 5 0 5 962
10 5 0 0 963
10 5 0 5 963
10 2 0 0 964
4 5 0 2 964
10 2 0 7 964
6 4 4 2 964
5 10 0 0 965
5 10 5 0 965
10 5 0 0 966
10 5 0 5 966
5 10 0 0 967
5 10 5 0 967
5 10 0 0 968
5 10 5 0 968
10 5 0 0 969
10 5 0 5 969
7 3 0 0 970
7 3 0 3 970
7 3 0 6 970
3 7 7 0 970
5 10 0 0 971
5 10 5 0 971
7 3 0 0 972
10 5 0 3 972
5 10 0 0 973
5 10 5 0 973
7 3 0 0 974
7 3 0 3 974
7 3 0 6 974
3 7 7 0 974
5 10 0 0 975
5 10 5 0 975
10 5 0 0 976
10 5 0 5 976
5 10 0 0 977
3 7 5 0 977
10 5 0 0 978
10 5 0 5 978
10 5 0 0 979
10 5 0 5 979
7 3 0 0 980
3 7 7 0 980
7 3 0 3 980
7 3 0 6 980
10 5 0 0 981
10 5 0 5 981
10 5 0 0 982
10 5 0 5 982
3 7 0 0 983
5 10 3 0 983
3 7 0 0 984
7 3 3 0 984
3 7 3 3 984
3 7 6 3 984
5 10 0 0 985
5 10 5 0 985
10 5 0 0 986
10 5 0 5 986
10 5 0 0 987
10 5 0 5 987
3 7 0 0 988
3 7 3 0 988
7 3 0 7 988
3 7 7 0 988
10 5 0 0 989
10 5 0 5 989
10 5 0 0 990
10 5 0 5 990
5 10 0 0 991
5 10 5 0 991
7 3 0 0 992
7 3 0 3 992
3 7 7 0 992
7 3 0 6 992
10 5 0 0 993
10 5 0 5 993
10 5 0 0 994
10 5 0 5 994
5 10 0 0 995
5 10 5 0 995
7 3 0 0 996
7 3 0 3 996
7 3 0 6 996
3 7 7 0 996
10 5 0 0 997
10 5 0 5 997
7 3 0 0 998
7 3 0 3 998
3 7 7 0 998
7 3 0 6 998
10 5 0 0 999
10 5 0 5 999
5 10 0 0 1000
5 10 5 0 1000
3 7 0 0 1001
7 3 3 0 1001
7 3 3 3 1001
7 3 3 6 1001
10 5 0 0 1002
10 5 0 5 1002
10 5 0 0 1003
10 5 0 5 1003
5 10 0 0 1004
5 10 5 0 1004
7 3 0 0 1005
7 3 0 3 1005
3 7 7 0 1005
7 3 0 6 1005
7 7 0 0 1006
3 7 7 0 1006
7 3 0 7 1006
7 7 0 0 1007
7 3 0 7 1007
3 7 7 0 1007
7 7 0 0 1008
7 3 0 7 1008
3 7 7 0 1008
7 7 0 0 1009
7 3 0 7 1009
3 7 7 0 1009
7 7 0 0 1010
7 3 0 7 1010
3 7 7 0 1010
7 7 0 0 1011
7 3 0 7 1011
3 7 7 0 1011
7 7 0 0 1012
7 3 0 7 1012
3 7 7 0 1012
7 7 0 0 1013
7 3 0 7 1013
3 7 7 0 1013
7 7 0 0 1014
7 3 0 7 1014
3 7 7 0 1014
7 7 0 0 1015
7 3 0 7 1015
3 7 7 0 1015
7 7 0 0 1016
7 3 0 7 1016
3 7 7 0 1016
7 7 0 0 1017
7 3 0 7 1017
3 7 7 0 1017
7 7 0 0 1018
7 3 0 7 1018
3 7 7 0 1018
7 7 0 0 1019
7 3 0 7 1019
3 7 7 0 1019
7 7 0 0 1020
7 3 0 7 1020
3 8 7 0 1020
7 7 0 0 1021
7 3 0 7 1021
3 8 7 0 1021
7 7 0 0 1022
7 3 0 7 1022
3 8 7 0 1022
7 7 0 0 1023
7 3 0 7 1023
3 8 7 0 1023
7 7 0 0 1024
7 3 0 7 1024
3 8 7 0 1024
7 7 0 0 1025
8 3 0 7 1025
7 7 0 0 1026
8 3 0 7 1026
7 7 0 0 1027
8 3 0 7 1027
7 7 0 0 1028
8 3 0 7 1028
7 7 0 0 1029
8 3 0 7 1029
7 7 0 0 1030
3 8 7 0 1030
7 7 0 0 1031
3 8 7 0 1031
7 7 0 0 1032
8 3 0 7 1032
7 7 0 0 1033
8 3 0 7 1033
7 7 0 0 1034
8 3 0 7 1034
7 7 0 0 1035
8 3 0 7 1035
7 7 0 0 1036
8 3 0 7 1036
7 7 0 0 1037
8 3 0 7 1037
7 7 0 0 1038
8 3 0 7 1038
7 7 0 0 1039
3 8 7 0 1039
7 7 0 0 1040
3 8 7 0 1040
7 7 0 0 1041
8 3 0 7 1041
7 7 0 0 1042
3 8 7 0 1042
7 7 0 0 1043
3 8 7 0 1043
7 7 0 0 1044
3 8 7 0 1044
7 7 0 0 1045
8 3 0 7 1045
8 6 0 0 1046
6 4 0 6 1046
6 8 0 0 1047
4 6 6 0 1047
8 6 0 0 1048
6 4 0 6 1048
6 8 0 0 1049
4 6 6 0 1049
8 6 0 0 1050
6 4 0 6 1050
8 6 0 0 1051
6 4 0 6 1051
8 6 0 0 1052
10 4 0 6 1052
8 6 0 0 1053
10 4 0 6 1053
6 8 0 0 1054
4 6 6 0 1054
6 8 0 0 1055
4 6 6 0 1055
6 8 0 0 1056
4 10 6 0 1056
8 6 0 0 1057
6 4 0 6 1057
6 8 0 0 1058
4 6 6 0 1058
8 6 0 0 1059
10 4 0 6 1059
8 6 0 0 1060
10 4 0 6 1060
8 6 0 0 1061
10 4 0 6 1061
6 8 0 0 1062
4 10 6 0 1062
8 6 0 0 1063
6 4 0 6 1063
6 8 0 0 1064
4 10 6 0 1064
8 6 0 0 1065
6 4 0 6 1065
8 6 0 0 1066
6 4 0 6 1066
8 6 0 0 1067
6 4 0 6 1067
8 6 0 0 1068
10 4 0 6 1068
8 6 0 0 1069
6 4 0 6 1069
6 8 0 0 1070
4 6 6 0 1070
8 6 0 0 1071
10 4 0 6 1071
8 6 0 0 1072
6 4 0 6 1072
6 8 0 0 1073
4 10 6 0 1073
6 8 0 0 1074
4 10 6 0 1074
8 6 0 0 1075
6 4 0 6 1075
8 6 0 0 1076
10 4 0 6 1076
6 8 0 0 1077
4 6 6 0 1077
6 8 0 0 1078
4 10 6 0 1078
6 8 0 0 1079
4 6 6 0 1079
6 8 0 0 1080
4 10 6 0 1080
8 6 0 0 1081
10 4 0 6 1081
8 6 0 0 1082
10 4 0 6 1082
6 8 0 0 1083
4 10 6 0 1083
6 8 0 0 1084
4 10 6 0 1084
6 8 0 0 1085
4 6 6 0 1085
6 8 0 0 1086
4 10 6 0 1086
6 8 0 0 1087
4 6 6 0 1087
8 6 0 0 1088
10 4 0 6 1088
8 6 0 0 1089
6 4 0 6 1089
8 6 0 0 1090
10 4 0 6 1090
6 8 0 0 1091
4 10 6 0 1091
6 8 0 0 1092
4 10 6 0 1092
8 6 0 0 1093
10 4 0 6 1093
8 6 0 0 1094
6 4 0 6 1094
6 8 0 0 1095
4 10 6 0 1095
8 6 0 0 1096
10 4 0 6 1096
8 6 0 0 1097
10 4 0 6 1097
8 6 0 0 1098
10 4 0 6 1098
6 8 0 0 1099
4 10 6 0 1099
8 6 0 0 1100
10 4 0 6 1100
6 8 0 0 1101
4 6 6 0 1101
8 6 0 0 1102
10 4 0 6 1102
8 6 0 0 1103
10 4 0 6 1103
8 6 0 0 1104
10 4 0 6 1104
8 6 0 0 1105
10 4 0 6 1105
8 6 0 0 1106
10 4 0 6 1106
6 8 0 0 1107
4 10 6 0 1107
8 6 0 0 1108
10 4 0 6 1108
8 6 0 0 1109
6 4 0 6 1109
8 6 0 0 1110
10 4 0 6 1110
8 6 0 0 1111
10 4 0 6 1111
8 6 0 0 1112
10 4 0 6 1112
6 8 0 0 1113
4 10 6 0 1113
8 6 0 0 1114
6 4 0 6 1114
6 8 0 0 1115
4 6 6 0 1115
8 6 0 0 1116
6 4 0 6 1116
8 6 0 0 1117
10 4 0 6 1117
8 6 0 0 1118
6 4 0 6 1118
6 8 0 0 1119
4 6 6 0 1119
6 8 0 0 1120
4 10 6 0 1120
6 8 0 0 1121
4 6 6 0 1121
6 8 0 0 1122
4 10 6 0 1122
6 8 0 0 1123
4 10 6 0 1123
6 8 0 0 1124
4 6 6 0 1124
6 8 0 0 1125
4 10 6 0 1125
6 8 0 0 1126
4 10 6 0 1126
8 6 0 0 1127
6 4 0 6 1127
6 8 0 0 1128
4 6 6 0 1128
6 8 0 0 1129
4 6 6 0 1129
6 8 0 0 1130
4 6 6 0 1130
6 8 0 0 1131
4 6 6 0 1131
6 8 0 0 1132
4 10 6 0 1132
8 6 0 0 1133
6 4 0 6 1133
6 8 0 0 1134
4 6 6 0 1134
6 8 0 0 1135
4 6 6 0 1135
8 6 0 0 1136
6 4 0 6 1136
8 6 0 0 1137
10 4 0 6 1137
6 8 0 0 1138
4 6 6 0 1138
6 8 0 0 1139
4 6 6 0 1139
6 8 0 0 1140
4 6 6 0 1140
8 6 0 0 1141
6 4 0 6 1141
5 9 0 0 1142
5 9 5 0 1142
9 5 0 0 1143
9 5 0 5 1143
9 5 0 0 1144
9 5 0 5 1144
5 9 0 0 1145
5 9 5 0 1145
9 5 0 0 1146
9 5 0 5 1146
9 5 0 0 1147
9 5 0 5 1147
5 9 0 0 1148
5 9 5 0 1148
9 5 0 0 1149
9 5 0 5 1149
5 9 0 0 1150
5 9 5 0 1150
9 5 0 0 1151
9 5 0 5 1151
9 5 0 0 1152
9 5 0 5 1152
9 5 0 0 1153
9 5 0 5 1153
5 9 0 0 1154
5 9 5 0 1154
9 5 0 0 1155
9 5 0 5 1155
9 5 0 0 1156
9 5 0 5 1156
5 9 0 0 1157
5 9 5 0 1157
9 5 0 0 1158
9 5 0 5 1158
5 9 0 0 1159
5 9 5 0 1159
5 9 0 0 1160
5 9 5 0 1160
5 9 0 0 1161
5 9 5 0 1161
9 5 0 0 1162
9 5 0 5 1162
9 5 0 0 1163
9 5 0 5 1163
9 5 0 0 1164
9 5 0 5 1164
9 5 0 0 1165
9 5 0 5 1165
5 9 0 0 1166
5 9 5 0 1166
5 9 0 0 1167
5 9 5 0 1167
9 5 0 0 1168
9 5 0 5 1168
5 9 0 0 1169
5 9 5 0 1169
5 9 0 0 1170
5 9 5 0 1170
5 9 0 0 1171
5 9 5 0 1171
5 9 0 0 1172
5 9 5 0 1172
5 9 0 0 1173
5 9 5 0 1173
9 5 0 0 1174
9 5 0 5 1174
5 9 0 0 1175
5 9 5 0 1175
9 5 0 0 1176
9 5 0 5 1176
9 5 0 0 1177
9 5 0 5 1177
9 5 0 0 1178
9 5 0 5 1178
5 9 0 0 1179
5 9 5 0 1179
5 9 0 0 1180
5 9 5 0 1180
9 5 0 0 1181
9 5 0 5 1181
5 9 0 0 1182
5 9 5 0 1182
5 9 0 0 1183
5 9 5 0 1183
9 5 0 0 1184
9 5 0 5 1184
5 9 0 0 1185
5 9 5 0 1185
9 5 0 0 1186
9 5 0 5 1186
5 9 0 0 1187
5 9 5 0 1187
5 9 0 0 1188
5 9 5 0 1188
9 5 0 0 1189
9 5 0 5 1189
5 9 0 0 1190
5 8 5 0 1190
7 6 0 0 1191
3 8 7 0 1191
6 4 0 6 1191
7 6 0 0 1192
3 8 7 0 1192
6 4 0 6 1192
6 7 0 0 1193
8 3 0 7 1193
4 6 6 0 1193
7 6 0 0 1194
3 8 7 0 1194
6 4 0 6 1194
7 6 0 0 1195
3 8 7 0 1195
6 4 0 6 1195
7 6 0 0 1196
3 8 7 0 1196
6 4 0 6 1196
6 7 0 0 1197
8 3 0 7 1197
4 6 6 0 1197
7 6 0 0 1198
3 8 7 0 1198
6 4 0 6 1198
7 6 0 0 1199
3 8 7 0 1199
6 4 0 6 1199
6 7 0 0 1200
8 3 0 7 1200
4 6 6 0 1200
6 7 0 0 1201
8 3 0 7 1201
4 6 6 0 1201
7 6 0 0 1202
3 8 7 0 1202
6 4 0 6 1202
6 7 0 0 1203
8 3 0 7 1203
4 6 6 0 1203
7 6 0 0 1204
3 8 7 0 1204
6 4 0 6 1204
6 7 0 0 1205
8 3 0 7 1205
4 6 6 0 1205
7 6 0 0 1206
3 8 7 0 1206
6 4 0 6 1206
7 6 0 0 1207
3 8 7 0 1207
6 4 0 6 1207
7 6 0 0 1208
3 8 7 0 1208
6 4 0 6 1208
6 7 0 0 1209
4 10 6 0 1209
6 7 0 0 1210
4 10 6 0 1210
7 6 0 0 1211
3 8 7 0 1211
6 4 0 6 1211
7 6 0 0 1212
3 8 7 0 1212
6 4 0 6 1212
6 7 0 0 1213
4 10 6 0 1213
7 6 0 0 1214
3 8 7 0 1214
6 4 0 6 1214
7 6 0 0 1215
10 4 0 6 1215
7 6 0 0 1216
3 8 7 0 1216
6 4 0 6 1216
7 6 0 0 1217
10 4 0 6 1217
7 6 0 0 1218
10 4 0 6 1218
7 6 0 0 1219
3 8 7 0 1219
6 4 0 6 1219
6 7 0 0 1220
8 3 0 7 1220
4 6 6 0 1220
6 7 0 0 1221
4 10 6 0 1221
6 7 0 0 1222
4 10 6 0 1222
6 7 0 0 1223
4 10 6 0 1223
7 6 0 0 1224
10 4 0 6 1224
7 6 0 0 1225
10 4 0 6 1225
6 7 0 0 1226
4 10 6 0 1226
6 7 0 0 1227
4 10 6 0 1227
7 6 0 0 1228
10 4 0 6 1228
7 6 0 0 1229
10 4 0 6 1229
6 7 0 0 1230
4 10 6 0 1230
7 6 0 0 1231
3 8 7 0 1231
6 4 0 6 1231
6 7 0 0 1232
8 3 0 7 1232
4 6 6 0 1232
7 6 0 0 1233
10 4 0 6 1233
7 6 0 0 1234
10 4 0 6 1234
6 7 0 0 1235
4 10 6 0 1235
7 6 0 0 1236
10 4 0 6 1236
6 7 0 0 1237
8 3 0 7 1237
4 6 6 0 1237
6 7 0 0 1238
4 10 6 0 1238
7 6 0 0 1239
10 4 0 6 1239
6 7 0 0 1240
8 3 0 7 1240
4 6 6 0 1240
6 7 0 0 1241
4 10 6 0 1241
7 6 0 0 1242
10 4 0 6 1242
7 6 0 0 1243
10 4 0 6 1243
7 6 0 0 1244
3 8 7 0 1244
6 4 0 6 1244
7 6 0 0 1245
3 8 7 0 1245
6 4 0 6 1245
7 6 0 0 1246
10 4 0 6 1246
6 7 0 0 1247
8 3 0 7 1247
4 6 6 0 1247
7 6 0 0 1248
10 4 0 6 1248
7 6 0 0 1249
3 8 7 0 1249
6 4 0 6 1249
7 6 0 0 1250
10 4 0 6 1250
6 7 0 0 1251
8 3 0 7 1251
4 6 6 0 1251
6 7 0 0 1252
4 10 6 0 1252
6 7 0 0 1253
8 3 0 7 1253
4 6 6 0 1253
7 6 0 0 1254
10 4 0 6 1254
6 7 0 0 1255
8 3 0 7 1255
4 6 6 0 1255
6 7 0 0 1256
4 10 6 0 1256
7 6 0 0 1257
3 8 7 0 1257
6 4 0 6 1257
6 7 0 0 1258
4 10 6 0 1258
6 7 0 0 1259
4 10 6 0 1259
6 7 0 0 1260
8 3 0 7 1260
4 6 6 0 1260
7 6 0 0 1261
3 8 7 0 1261
6 4 0 6 1261
7 6 0 0 1262
3 8 7 0 1262
6 4 0 6 1262
6 7 0 0 1263
4 10 6 0 1263
6 7 0 0 1264
8 3 0 7 1264
4 6 6 0 1264
7 6 0 0 1265
10 4 0 6 1265
7 6 0 0 1266
10 4 0 6 1266
7 6 0 0 1267
3 8 7 0 1267
6 4 0 6 1267
7 6 0 0 1268
8 3 0 6 1268
6 7 0 0 1269
8 3 0 7 1269
4 6 6 0 1269
6 7 0 0 1270
4 10 6 0 1270
6 7 0 0 1271
4 10 6 0 1271
7 6 0 0 1272
10 4 0 6 1272
7 6 0 0 1273
3 8 7 0 1273
6 4 0 6 1273
6 7 0 0 1274
8 3 0 7 1274
4 6 6 0 1274
6 7 0 0 1275
8 3 0 7 1275
4 6 6 0 1275
7 6 0 0 1276
10 4 0 6 1276
7 6 0 0 1277
10 4 0 6 1277
7 6 0 0 1278
3 8 7 0 1278
6 4 0 6 1278
6 7 0 0 1279
8 3 0 7 1279
4 6 6 0 1279
7 6 0 0 1280
3 8 7 0 1280
6 4 0 6 1280
7 6 0 0 1281
10 4 0 6 1281
7 6 0 0 1282
3 8 7 0 1282
6 4 0 6 1282
7 6 0 0 1283
10 4 0 6 1283
7 6 0 0 1284
8 3 0 6 1284
7 6 0 0 1285
3 8 7 0 1285
6 4 0 6 1285
7 6 0 0 1286
10 4 0 6 1286
6 7 0 0 1287
4 10 6 0 1287
6 7 0 0 1288
4 10 6 0 1288
7 6 0 0 1289
3 8 7 0 1289
6 4 0 6 1289
7 6 0 0 1290
10 4 0 6 1290
7 6 0 0 1291
3 8 7 0 1291
6 4 0 6 1291
7 6 0 0 1292
8 3 0 6 1292
7 6 0 0 1293
8 3 0 6 1293
6 7 0 0 1294
4 10 6 0 1294
6 7 0 0 1295
8 3 0 7 1295
4 6 6 0 1295
5 8 0 0 1296
5 8 5 0 1296
8 5 0 0 1297
8 5 0 5 1297
8 5 0 0 1298
8 5 0 5 1298
5 8 0 0 1299
5 8 5 0 1299
5 8 0 0 1300
5 8 5 0 1300
5 8 0 0 1301
5 8 5 0 1301
5 8 0 0 1302
5 8 5 0 1302
8 5 0 0 1303
8 5 0 5 1303
8 5 0 0 1304
8 5 0 5 1304
8 5 0 0 1305
8 5 0 5 1305
8 5 0 0 1306
8 5 0 5 1306
8 5 0 0 1307
8 5 0 5 1307
8 5 0 0 1308
8 5 0 5 1308
8 5 0 0 1309
8 5 0 5 1309
5 8 0 0 1310
5 8 5 0 1310
5 8 0 0 1311
5 8 5 0 1311
5 8 0 0 1312
5 8 5 0 1312
5 8 0 0 1313
5 8 5 0 1313
5 8 0 0 1314
5 8 5 0 1314
8 5 0 0 1315
8 5 0 5 1315
8 5 0 0 1316
8 5 0 5 1316
8 5 0 0 1317
8 5 0 5 1317
5 8 0 0 1318
5 8 5 0 1318
5 8 0 0 1319
5 8 5 0 1319
5 8 0 0 1320
5 8 5 0 1320
8 5 0 0 1321
8 5 0 5 1321
8 5 0 0 1322
8 5 0 5 1322
5 8 0 0 1323
5 8 5 0 1323
8 5 0 0 1324
8 5 0 5 1324
8 5 0 0 1325
8 5 0 5 1325
5 8 0 0 1326
5 8 5 0 1326
8 5 0 0 1327
8 5 0 5 1327
8 5 0 0 1328
8 5 0 5 1328
5 8 0 0 1329
5 8 5 0 1329
8 5 0 0 1330
8 5 0 5 1330
8 5 0 0 1331
8 5 0 5 1331
8 5 0 0 1332
8 5 0 5 1332
8 5 0 0 1333
8 5 0 5 1333
8 5 0 0 1334
8 5 0 5 1334
5 8 0 0 1335
5 8 5 0 1335
8 5 0 0 1336
8 5 0 5 1336
5 8 0 0 1337
4 10 5 0 1337
8 5 0 0 1338
8 5 0 5 1338
4 10 0 0 1339
5 8 4 0 1339
8 5 0 0 1340
8 5 0 5 1340
4 10 0 0 1341
5 8 4 0 1341
8 5 0 0 1342
8 5 0 5 1342
5 8 0 0 1343
5 8 5 0 1343
4 10 0 0 1344
4 10 4 0 1344
4 10 0 0 1345
4 10 4 0 1345
8 5 0 0 1346
8 5 0 5 1346
4 10 0 0 1347
5 8 4 0 1347
4 10 0 0 1348
5 8 4 0 1348
8 5 0 0 1349
8 5 0 5 1349
5 8 0 0 1350
5 8 5 0 1350
8 5 0 0 1351
8 5 0 5 1351
5 8 0 0 1352
4 10 5 0 1352
8 5 0 0 1353
8 5 0 5 1353
8 5 0 0 1354
8 5 0 5 1354
4 6 0 0 1355
3 8 4 0 1355
3 8 7 0 1355
4 10 0 0 1356
5 8 4 0 1356
8 5 0 0 1357
10 4 0 5 1357
10 4 0 0 1358
8 3 0 4 1358
8 3 0 7 1358
3 8 0 0 1359
7 7 3 0 1359
10 4 0 0 1360
9 4 0 4 1360
4 9 0 0 1361
4 9 4 0 1361
9 4 0 0 1362
9 4 0 4 1362
3 8 0 0 1363
4 6 3 0 1363
3 8 7 0 1363
4 9 0 0 1364
6 6 4 0 1364
6 4 4 6 1364
6 6 0 0 1365
4 9 6 0 1365
6 4 0 6 1365
6 6 0 0 1366
4 10 6 0 1366
6 4 0 6 1366
6 6 0 0 1367
3 8 6 0 1367
6 4 0 6 1367
6 6 0 0 1368
8 3 0 6 1368
4 6 6 0 1368
4 6 0 0 1369
8 3 0 6 1369
6 6 4 0 1369
6 6 0 0 1370
4 9 6 0 1370
6 4 0 6 1370
3 8 0 0 1371
4 9 3 0 1371
3 8 7 0 1371
6 6 0 0 1372
4 9 6 0 1372
6 4 0 6 1372
9 4 0 0 1373
6 6 0 4 1373
4 6 6 4 1373
4 9 0 0 1374
4 9 4 0 1374
9 4 0 0 1375
9 4 0 4 1375
8 3 0 0 1376
8 3 0 3 1376
9 4 0 6 1376
4 9 0 0 1377
6 6 4 0 1377
6 4 4 6 1377
4 9 0 0 1378
4 9 4 0 1378
8 3 0 0 1379
6 6 0 3 1379
4 6 6 3 1379
3 8 0 0 1380
3 8 3 0 1380
4 9 6 0 1380
8 3 0 0 1381
9 4 0 3 1381
8 3 0 7 1381
4 9 0 0 1382
6 6 4 0 1382
9 4 0 0 1383
6 6 0 4 1383
4 6 6 4 1383
6 6 0 0 1384
9 4 0 6 1384
4 6 6 0 1384
6 6 0 0 1385
9 4 0 6 1385
4 6 6 0 1385
6 6 0 0 1386
8 3 0 6 1386
4 6 6 0 1386
9 4 0 0 1387
6 6 0 4 1387
4 6 6 4 1387
8 3 0 0 1388
6 6 0 3 1388
4 7 6 3 1388
3 8 0 0 1389
3 8 3 0 1389
4 9 6 0 1389
9 4 0 0 1390
9 4 0 4 1390
6 6 0 0 1391
9 4 0 6 1391
6 6 0 0 1392
9 4 0 6 1392
8 3 0 0 1393
8 3 0 3 1393
9 4 0 6 1393
4 9 0 0 1394
6 6 4 0 1394
6 6 0 0 1395
3 8 6 0 1395
6 6 0 0 1396
3 8 6 0 1396
5 5 0 0 1397
5 5 5 0 1397
8 3 0 5 1397
9 4 0 0 1398
6 6 0 4 1398
5 5 0 0 1399
5 5 5 0 1399
5 5 0 5 1399
5 5 5 5 1399
6 6 0 0 1400
9 4 0 6 1400
9 4 0 0 1401
9 4 0 4 1401
4 9 0 0 1402
4 9 4 0 1402
9 4 0 0 1403
5 5 0 4 1403
5 5 5 4 1403
6 6 0 0 1404
4 9 6 0 1404
6 6 0 0 1405
9 4 0 6 1405
5 5 0 0 1406
5 5 5 0 1406
5 5 0 5 1406
5 5 5 5 1406
6 6 0 0 1407
4 9 6 0 1407
4 9 0 0 1408
4 9 4 0 1408
9 4 0 0 1409
6 6 0 4 1409
5 5 0 0 1410
5 5 5 0 1410
9 4 0 5 1410
4 9 0 0 1411
4 9 4 0 1411
5 5 0 0 1412
5 5 5 0 1412
5 5 0 5 1412
5 5 5 5 1412
4 9 0 0 1413
6 6 4 0 1413
9 4 0 0 1414
9 4 0 4 1414
4 9 0 0 1415
5 5 4 0 1415
5 5 4 5 1415
9 4 0 0 1416
6 6 0 4 1416
6 6 0 0 1417
4 9 6 0 1417
5 5 0 0 1418
5 5 5 0 1418
9 4 0 5 1418
4 9 0 0 1419
6 6 4 0 1419
9 4 0 0 1420
5 5 0 4 1420
5 5 5 4 1420
9 4 0 0 1421
9 4 0 4 1421
4 9 0 0 1422
4 9 4 0 1422
5 5 0 0 1423
5 5 5 0 1423
9 4 0 5 1423
5 5 0 0 1424
5 5 5 0 1424
5 5 0 5 1424
5 5 5 5 1424
4 9 0 0 1425
4 9 4 0 1425
6 6 0 0 1426
4 9 6 0 1426
6 6 0 0 1427
4 9 6 0 1427
5 5 0 0 1428
5 5 5 0 1428
5 5 0 5 1428
5 5 5 5 1428
9 4 0 0 1429
6 6 0 4 1429
4 9 0 0 1430
4 9 4 0 1430
5 5 0 0 1431
5 5 5 0 1431
5 5 0 5 1431
5 5 5 5 1431
4 9 0 0 1432
4 9 4 0 1432
9 4 0 0 1433
6 6 0 4 1433
4 9 0 0 1434
4 9 4 0 1434
5 5 0 0 1435
5 5 5 0 1435
5 5 0 5 1435
5 5 5 5 1435
9 4 0 0 1436
6 6 0 4 1436
4 9 0 0 1437
6 6 4 0 1437
9 4 0 0 1438
9 4 0 4 1438
5 5 0 0 1439
5 5 5 0 1439
5 5 0 5 1439
5 5 5 5 1439
6 6 0 0 1440
4 9 6 0 1440
6 6 0 0 1441
9 4 0 6 1441
3 9 0 0 1442
6 6 3 0 1442
7 4 3 6 1442
9 3 0 0 1443
9 3 0 3 1443
9 4 0 6 1443
9 4 0 0 1444
6 6 0 4 1444
3 9 0 0 1445
3 9 3 0 1445
3 9 6 0 1445
5 7 0 0 1446
5 7 5 0 1446
9 3 0 7 1446
7 5 0 0 1447
3 9 7 0 1447
7 5 0 5 1447
5 7 0 0 1448
5 7 5 0 1448
9 3 0 7 1448
5 7 0 0 1449
5 7 5 0 1449
9 3 0 7 1449
5 7 0 0 1450
5 7 5 0 1450
9 3 0 7 1450
7 5 0 0 1451
7 5 0 5 1451
3 9 7 0 1451
7 5 0 0 1452
7 5 0 5 1452
3 9 7 0 1452
5 7 0 0 1453
5 7 5 0 1453
9 3 0 7 1453
7 5 0 0 1454
7 5 0 5 1454
3 9 7 0 1454
7 5 0 0 1455
7 5 0 5 1455
3 9 7 0 1455
5 7 0 0 1456
5 7 5 0 1456
9 3 0 7 1456
7 5 0 0 1457
7 5 0 5 1457
3 9 7 0 1457
5 7 0 0 1458
5 7 5 0 1458
9 3 0 7 1458
5 7 0 0 1459
5 7 5 0 1459
9 3 0 7 1459
7 5 0 0 1460
7 5 0 5 1460
3 9 7 0 1460
5 7 0 0 1461
5 7 5 0 1461
9 3 0 7 1461
7 5 0 0 1462
3 9 7 0 1462
7 5 0 5 1462
7 5 0 0 1463
7 5 0 5 1463
3 9 7 0 1463
7 5 0 0 1464
7 5 0 5 1464
3 9 7 0 1464
9 3 0 0 1465
9 3 0 3 1465
9 3 0 6 1465
5 7 0 0 1466
5 7 5 0 1466
9 3 0 7 1466
7 5 0 0 1467
7 5 0 5 1467
3 9 7 0 1467
5 7 0 0 1468
5 7 5 0 1468
9 3 0 7 1468
7 5 0 0 1469
7 5 0 5 1469
3 9 7 0 1469
5 7 0 0 1470
5 7 5 0 1470
9 3 0 7 1470
5 7 0 0 1471
5 7 5 0 1471
9 3 0 7 1471
5 7 0 0 1472
5 7 5 0 1472
9 3 0 7 1472
5 7 0 0 1473
9 3 0 7 1473
5 7 5 0 1473
7 5 0 0 1474
7 5 0 5 1474
3 9 7 0 1474
7 5 0 0 1475
7 5 0 5 1475
3 9 7 0 1475
7 5 0 0 1476
7 5 0 5 1476
3 9 7 0 1476
5 7 0 0 1477
9 3 0 7 1477
5 7 5 0 1477
7 5 0 0 1478
7 5 0 5 1478
3 9 7 0 1478
5 7 0 0 1479
5 7 5 0 1479
9 3 0 7 1479
5 7 0 0 1480
5 7 5 0 1480
9 3 0 7 1480
5 7 0 0 1481
5 7 5 0 1481
9 3 0 7 1481
7 5 0 0 1482
7 5 0 5 1482
3 9 7 0 1482
7 5 0 0 1483
7 5 0 5 1483
3 9 7 0 1483
5 7 0 0 1484
5 7 5 0 1484
9 3 0 7 1484
7 5 0 0 1485
7 5 0 5 1485
3 9 7 0 1485
5 7 0 0 1486
5 7 5 0 1486
9 3 0 7 1486
5 7 0 0 1487
5 7 5 0 1487
9 3 0 7 1487
7 5 0 0 1488
7 5 0 5 1488
3 9 7 0 1488
5 7 0 0 1489
5 7 5 0 1489
9 3 0 7 1489
5 7 0 0 1490
5 7 5 0 1490
9 3 0 7 1490
7 5 0 0 1491
7 5 0 5 1491
3 9 7 0 1491
7 5 0 0 1492
7 5 0 5 1492
3 9 7 0 1492
5 7 0 0 1493
4 8 5 0 1493
8 4 0 0 1494
8 4 0 4 1494
9 3 0 0 1495
6 6 0 3 1495
4 7 6 3 1495
4 8 0 0 1496
4 8 4 0 1496
8 4 0 0 1497
8 4 0 4 1497
4 8 0 0 1498
3 9 4 0 1498
3 9 7 0 1498
8 4 0 0 1499
8 4 0 4 1499
8 4 0 0 1500
8 4 0 4 1500
4 8 0 0 1501
3 9 4 0 1501
3 9 7 0 1501
8 4 0 0 1502
8 4 0 4 1502
4 8 0 0 1503
4 8 4 0 1503
9 3 0 0 1504
9 3 0 3 1504
8 4 0 6 1504
8 4 0 0 1505
8 4 0 4 1505
8 4 0 0 1506
8 4 0 4 1506
4 8 0 0 1507
4 8 4 0 1507
9 3 0 0 1508
9 3 0 3 1508
9 3 0 6 1508
8 4 0 0 1509
8 4 0 4 1509
3 9 0 0 1510
4 8 3 0 1510
3 9 7 0 1510
9 3 0 0 1511
9 3 0 3 1511
8 4 0 6 1511
9 3 0 0 1512
9 3 0 3 1512
8 4 0 6 1512
4 8 0 0 1513
4 8 4 0 1513
4 8 0 0 1514
4 8 4 0 1514
3 9 0 0 1515
4 8 3 0 1515
3 9 7 0 1515
9 3 0 0 1516
9 3 0 3 1516
9 3 0 6 1516
9 3 0 0 1517
9 3 0 3 1517
8 4 0 6 1517
8 4 0 0 1518
8 4 0 4 1518
4 8 0 0 1519
4 8 4 0 1519
3 9 0 0 1520
3 9 3 0 1520
4 8 6 0 1520
8 4 0 0 1521
9 3 0 4 1521
9 3 0 7 1521
4 8 0 0 1522
4 8 4 0 1522
3 9 0 0 1523
3 9 3 0 1523
4 8 6 0 1523
9 3 0 0 1524
9 3 0 3 1524
8 4 0 6 1524
8 4 0 0 1525
8 4 0 4 1525
3 9 0 0 1526
3 9 3 0 1526
4 8 6 0 1526
4 8 0 0 1527
4 8 4 0 1527
3 9 0 0 1528
3 9 3 0 1528
4 8 6 0 1528
9 3 0 0 1529
8 4 0 3 1529
9 3 0 7 1529
8 4 0 0 1530
8 4 0 4 1530
9 3 0 0 1531
9 3 0 3 1531
8 4 0 6 1531
4 8 0 0 1532
4 8 4 0 1532
3 9 0 0 1533
3 9 3 0 1533
3 9 6 0 1533
4 8 0 0 1534
4 8 4 0 1534
3 9 0 0 1535
3 9 3 0 1535
4 8 6 0 1535
9 3 0 0 1536
9 3 0 3 1536
8 4 0 6 1536
4 8 0 0 1537
4 8 4 0 1537
9 3 0 0 1538
8 4 0 3 1538
9 3 0 7 1538
3 9 0 0 1539
3 9 3 0 1539
4 8 6 0 1539
4 8 0 0 1540
4 8 4 0 1540
3 9 0 0 1541
3 9 3 0 1541
3 9 6 0 1541
8 4 0 0 1542
8 4 0 4 1542
8 4 0 0 1543
8 4 0 4 1543
4 8 0 0 1544
4 8 4 0 1544
8 4 0 0 1545
8 4 0 4 1545
4 7 0 0 1546
4 7 4 0 1546
10 3 0 7 1546
7 4 0 0 1547
8 4 0 4 1547
7 4 0 0 1548
8 4 0 4 1548
4 7 0 0 1549
4 7 4 0 1549
10 3 0 7 1549
7 4 0 0 1550
7 4 0 4 1550
3 10 7 0 1550
4 7 0 0 1551
4 7 4 0 1551
10 3 0 7 1551
4 8 0 0 1552
4 7 4 0 1552
8 4 0 0 1553
8 4 0 4 1553
8 4 0 0 1554
8 4 0 4 1554
7 4 0 0 1555
7 4 0 4 1555
3 10 7 0 1555
4 8 0 0 1556
4 7 4 0 1556
8 4 0 0 1557
8 4 0 4 1557
7 4 0 0 1558
8 4 0 4 1558
4 8 0 0 1559
4 8 4 0 1559
4 7 0 0 1560
4 8 4 0 1560
7 4 0 0 1561
7 4 0 4 1561
3 10 7 0 1561
4 8 0 0 1562
4 8 4 0 1562
7 4 0 0 1563
7 4 0 4 1563
3 10 7 0 1563
8 4 0 0 1564
8 4 0 4 1564
7 4 0 0 1565
7 4 0 4 1565
3 10 7 0 1565
8 4 0 0 1566
8 4 0 4 1566
4 7 0 0 1567
4 7 4 0 1567
10 3 0 7 1567
8 4 0 0 1568
8 4 0 4 1568
4 8 0 0 1569
4 7 4 0 1569
4 8 0 0 1570
4 8 4 0 1570
8 4 0 0 1571
8 4 0 4 1571
4 7 0 0 1572
4 7 4 0 1572
10 3 0 7 1572
8 4 0 0 1573
6 5 0 4 1573
4 7 0 0 1574
4 7 4 0 1574
10 3 0 7 1574
7 4 0 0 1575
5 6 0 4 1575
5 6 5 4 1575
4 7 0 0 1576
4 7 4 0 1576
10 3 0 7 1576
4 7 0 0 1577
4 7 4 0 1577
10 3 0 7 1577
7 4 0 0 1578
7 4 0 4 1578
3 10 7 0 1578
4 7 0 0 1579
4 7 4 0 1579
10 3 0 7 1579
4 7 0 0 1580
4 7 4 0 1580
10 3 0 7 1580
7 4 0 0 1581
7 4 0 4 1581
3 10 7 0 1581
7 4 0 0 1582
6 5 0 4 1582
3 10 7 0 1582
4 7 0 0 1583
4 7 4 0 1583
10 3 0 7 1583
6 5 0 0 1584
6 5 0 5 1584
4 7 6 0 1584
7 4 0 0 1585
7 4 0 4 1585
3 10 7 0 1585
7 4 0 0 1586
6 5 0 4 1586
3 10 7 0 1586
7 4 0 0 1587
7 4 0 4 1587
3 10 7 0 1587
4 7 0 0 1588
6 5 4 0 1588
6 5 4 5 1588
4 7 0 0 1589
5 6 4 0 1589
10 3 0 7 1589
7 4 0 0 1590
7 4 0 4 1590
3 10 7 0 1590
4 7 0 0 1591
4 7 4 0 1591
10 3 0 7 1591
7 4 0 0 1592
5 6 0 4 1592
5 6 5 4 1592
4 7 0 0 1593
4 7 4 0 1593
10 3 0 7 1593
7 4 0 0 1594
5 6 0 4 1594
5 6 5 4 1594
5 6 0 0 1595
5 6 5 0 1595
7 4 0 6 1595
4 7 0 0 1596
4 7 4 0 1596
10 3 0 7 1596
7 4 0 0 1597
7 4 0 4 1597
3 10 7 0 1597
4 7 0 0 1598
4 7 4 0 1598
10 3 0 7 1598
4 7 0 0 1599
4 7 4 0 1599
10 3 0 7 1599
7 4 0 0 1600
5 6 0 4 1600
5 6 5 4 1600
5 6 0 0 1601
5 6 5 0 1601
7 4 0 6 1601
4 7 0 0 1602
3 10 4 0 1602
3 10 7 0 1602
6 5 0 0 1603
6 5 0 5 1603
4 7 6 0 1603
4 7 0 0 1604
4 7 4 0 1604
10 3 0 7 1604
7 4 0 0 1605
7 4 0 4 1605
3 10 7 0 1605
5 6 0 0 1606
5 6 5 0 1606
7 4 0 6 1606
5 6 0 0 1607
7 4 0 6 1607
5 6 5 0 1607
6 5 0 0 1608
4 7 6 0 1608
6 5 0 5 1608
5 6 0 0 1609
5 6 5 0 1609
10 3 0 6 1609
6 5 0 0 1610
3 10 6 0 1610
6 5 0 5 1610
5 6 0 0 1611
5 6 5 0 1611
10 3 0 6 1611
5 6 0 0 1612
5 6 5 0 1612
10 3 0 6 1612
10 3 0 0 1613
5 6 0 3 1613
5 6 5 3 1613
10 3 0 0 1614
10 3 0 3 1614
10 3 0 6 1614
3 10 0 0 1615
6 5 3 0 1615
6 5 3 5 1615
3 10 0 0 1616
3 10 3 0 1616
3 10 6 0 1616
5 6 0 0 1617
5 6 5 0 1617
10 3 0 6 1617
5 6 0 0 1618
5 6 5 0 1618
10 3 0 6 1618
5 6 0 0 1619
3 10 5 0 1619
5 6 0 0 1620
3 10 5 0 1620
6 5 0 0 1621
6 5 0 5 1621
3 10 6 0 1621
10 3 0 0 1622
10 3 0 3 1622
10 3 0 6 1622
3 10 0 0 1623
6 5 3 0 1623
6 5 3 5 1623
10 3 0 0 1624
10 3 0 3 1624
10 3 0 6 1624
3 10 0 0 1625
5 6 3 0 1625
3 10 0 0 1626
3 10 3 0 1626
3 10 6 0 1626
10 3 0 0 1627
5 6 0 3 1627
5 6 5 3 1627
5 6 0 0 1628
10 3 0 6 1628
5 6 5 0 1628
10 3 0 0 1629
6 5 0 3 1629
6 5 0 0 1630
10 3 0 5 1630
10 3 0 0 1631
5 6 0 3 1631
5 6 5 3 1631
3 10 0 0 1632
3 10 3 0 1632
3 10 6 0 1632
10 3 0 0 1633
6 5 0 3 1633
3 10 0 0 1634
6 5 3 0 1634
6 5 3 5 1634
3 10 0 0 1635
3 10 3 0 1635
3 10 6 0 1635
6 5 0 0 1636
6 5 0 5 1636
3 10 6 0 1636
5 6 0 0 1637
5 6 5 0 1637
10 3 0 6 1637
5 6 0 0 1638
3 10 5 0 1638
6 5 0 0 1639
6 5 0 5 1639
3 10 6 0 1639
3 10 0 0 1640
3 10 3 0 1640
3 10 6 0 1640
10 3 0 0 1641
5 6 0 3 1641
5 6 5 3 1641
5 6 0 0 1642
5 6 5 0 1642
10 3 0 6 1642
6 5 0 0 1643
6 5 0 5 1643
3 10 6 0 1643
5 6 0 0 1644
10 3 0 6 1644
5 6 5 0 1644
3 10 0 0 1645
6 5 3 0 1645
6 5 3 5 1645
10 3 0 0 1646
10 3 0 3 1646
10 3 0 6 1646
6 5 0 0 1647
6 5 0 5 1647
3 10 6 0 1647
5 6 0 0 1648
5 6 5 0 1648
10 3 0 6 1648
6 5 0 0 1649
6 5 0 5 1649
3 10 6 0 1649
3 10 0 0 1650
5 6 3 0 1650
3 10 0 0 1651
5 6 3 0 1651
5 6 0 0 1652
10 3 0 6 1652
5 6 5 0 1652
6 5 0 0 1653
6 5 0 5 1653
3 10 6 0 1653
5 6 0 0 1654
5 6 5 0 1654
10 3 0 6 1654
5 6 0 0 1655
5 6 5 0 1655
10 3 0 6 1655
5 6 0 0 1656
5 6 5 0 1656
3 10 0 0 1657
5 6 3 0 1657
6 5 0 0 1658
6 5 0 5 1658
3 10 6 0 1658
6 5 0 0 1659
6 5 0 5 1659
3 10 6 0 1659
3 10 0 0 1660
