% State of a bin packing problem:
%
% Bin number: 386
% Total uncovered points: 1100
% Total covered points: 37500
% Number of boxes: 5000
% Unused boxes: 0
% Runtime: None
%
% Bin size:
10 10
%
% Boxes (width, height) not in some bins:
%
% Boxes (width, height, x_position, y_position, bin_id) in bins:
3 6 0 0 0
3 6 3 0 0
1 2 0 6 0
1 2 0 8 0
1 2 1 6 0
2 1 2 6 0
2 1 4 6 0
2 1 2 7 0
2 1 1 8 0
2 1 1 9 0
2 1 4 7 0
1 2 3 8 0
1 2 4 8 0
2 1 6 0 0
2 1 8 0 0
2 1 6 1 0
2 1 8 1 0
2 1 6 2 0
2 1 8 2 0
2 1 6 3 0
1 2 5 8 0
1 2 6 4 0
1 2 7 4 0
2 1 8 3 0
1 2 8 4 0
1 2 9 4 0
1 2 6 6 0
1 2 6 8 0
2 1 7 6 0
2 1 7 7 0
1 2 9 6 0
1 2 7 8 0
1 2 8 8 0
1 2 9 8 0
3 6 0 0 1
3 6 3 0 1
2 1 0 6 1
1 2 0 7 1
2 1 2 6 1
1 2 1 7 1
2 1 4 6 1
2 1 0 9 1
2 1 2 7 1
1 2 2 8 1
1 2 3 8 1
1 2 4 7 1
2 1 6 0 1
1 2 5 7 1
2 1 8 0 1
2 1 4 9 1
2 1 6 1 1
2 1 8 1 1
2 1 6 2 1
2 1 8 2 1
1 2 6 3 1
1 2 7 3 1
1 2 8 3 1
1 2 9 3 1
2 1 6 5 1
2 1 8 5 1
2 1 6 6 1
2 1 8 6 1
2 1 6 7 1
2 1 6 8 1
2 1 6 9 1
1 2 8 7 1
1 2 9 7 1
2 1 8 9 1
3 6 0 0 2
3 6 3 0 2
1 2 0 6 2
1 2 0 8 2
2 1 1 6 2
2 1 1 7 2
2 1 1 8 2
2 1 1 9 2
2 1 3 6 2
1 2 3 7 2
2 1 4 7 2
1 2 4 8 2
2 1 6 0 2
2 1 8 0 2
2 1 6 1 2
2 1 8 1 2
1 2 5 8 2
1 2 6 2 2
2 1 7 2 2
2 1 7 3 2
2 1 6 4 2
2 1 8 4 2
2 1 6 5 2
1 2 9 2 2
2 1 8 5 2
2 1 6 6 2
1 2 6 7 2
2 1 8 6 2
1 2 7 7 2
1 2 8 7 2
1 2 9 7 2
2 1 6 9 2
2 1 8 9 2
1 2 0 0 3
1 2 0 2 3
1 2 0 4 3
3 6 1 0 3
3 6 4 0 3
3 6 7 0 3
2 1 0 6 3
2 1 0 7 3
2 1 0 8 3
2 1 0 9 3
1 2 2 6 3
2 1 3 6 3
2 1 3 7 3
1 2 2 8 3
2 1 3 8 3
1 2 5 6 3
1 2 5 8 3
1 2 6 6 3
2 1 3 9 3
1 2 6 8 3
2 1 7 6 3
2 1 7 7 3
1 2 9 6 3
2 1 7 8 3
2 1 7 9 3
1 2 9 8 3
3 6 0 0 4
3 6 3 0 4
3 6 6 0 4
1 2 9 0 4
1 2 9 2 4
1 2 9 4 4
2 1 0 6 4
2 1 0 7 4
1 2 0 8 4
1 2 1 8 4
2 1 2 6 4
1 2 2 7 4
2 1 4 6 4
1 2 3 7 4
2 1 2 9 4
2 1 4 7 4
2 1 4 8 4
1 2 6 6 4
1 2 6 8 4
2 1 4 9 4
1 2 7 6 4
1 2 7 8 4
2 1 8 6 4
2 1 8 7 4
1 2 8 8 4
1 2 9 8 4
2 1 0 0 5
2 1 2 0 5
2 1 4 0 5
3 6 0 1 5
3 6 3 1 5
3 6 6 0 5
1 2 6 6 5
2 1 7 6 5
1 2 6 8 5
1 2 7 7 5
1 2 8 7 5
2 1 7 9 5
2 1 0 7 5
2 1 0 8 5
2 1 0 9 5
2 1 2 7 5
2 1 2 8 5
2 1 2 9 5
1 2 4 7 5
1 2 5 7 5
2 1 4 9 5
1 2 9 0 5
1 2 9 2 5
1 2 9 4 5
1 2 9 6 5
1 2 9 8 5
3 6 0 0 6
3 6 3 0 6
3 6 6 0 6
1 2 9 0 6
2 1 0 6 6
2 1 0 7 6
1 2 0 8 6
2 1 2 6 6
2 1 2 7 6
1 2 9 2 6
2 1 1 8 6
2 1 1 9 6
2 1 4 6 6
1 2 9 4 6
2 1 4 7 6
2 1 3 8 6
1 2 5 8 6
1 2 6 6 6
1 2 6 8 6
1 2 7 6 6
1 2 7 8 6
2 1 3 9 6
1 2 8 6 6
1 2 9 6 6
2 1 8 8 6
2 1 8 9 6
2 1 0 0 7
1 2 0 1 7
1 2 0 3 7
3 6 1 1 7
3 6 4 1 7
3 6 7 1 7
1 2 0 5 7
1 2 0 7 7
2 1 2 0 7
2 1 4 0 7
2 1 6 0 7
2 1 8 0 7
1 2 1 7 7
1 2 2 7 7
1 2 3 7 7
1 2 4 7 7
1 2 5 7 7
2 1 6 7 7
1 2 6 8 7
2 1 8 7 7
1 2 7 8 7
1 2 8 8 7
2 1 0 9 7
1 2 9 8 7
2 1 2 9 7
2 1 4 9 7
3 6 0 0 8
3 6 3 0 8
3 6 6 0 8
1 2 9 0 8
1 2 9 2 8
1 2 9 4 8
1 2 0 6 8
1 2 0 8 8
1 2 1 6 8
1 2 1 8 8
1 2 2 6 8
1 2 2 8 8
1 2 3 6 8
1 2 3 8 8
1 2 4 6 8
1 2 4 8 8
1 2 5 6 8
1 2 5 8 8
1 2 6 6 8
2 1 7 6 8
1 2 6 8 8
2 1 7 7 8
2 1 7 8 8
2 1 7 9 8
1 2 9 6 8
1 2 9 8 8
3 6 0 0 9
3 6 3 0 9
2 1 0 6 9
2 1 0 7 9
2 1 0 8 9
1 2 2 6 9
2 1 0 9 9
1 2 2 8 9
2 1 3 6 9
1 2 3 7 9
2 1 4 7 9
2 1 4 8 9
2 1 3 9 9
1 2 6 0 9
1 2 7 0 9
2 1 8 0 9
1 2 6 2 9
1 2 7 2 9
1 2 8 1 9
2 2 6 4 9
4 1 6 6 9
2 2 8 4 9
2 2 6 7 9
2 2 8 7 9
4 1 5 9 9
3 6 0 0 10
3 6 3 0 10
1 4 0 6 10
2 2 1 6 10
1 4 3 6 10
1 4 4 6 10
2 2 1 8 10
1 4 5 6 10
1 4 6 0 10
2 2 7 0 10
2 2 7 2 10
2 2 6 4 10
4 1 6 6 10
1 4 9 0 10
2 2 8 4 10
2 2 6 7 10
2 2 8 7 10
4 1 6 9 10
1 4 0 0 11
2 2 1 0 11
1 4 0 4 11
3 6 1 2 11
3 6 4 2 11
3 6 7 2 11
2 2 3 0 11
2 2 5 0 11
2 2 7 0 11
2 2 0 8 11
4 1 2 8 11
2 2 6 8 11
2 2 8 8 11
4 1 2 9 11
3 6 0 0 12
3 6 3 0 12
3 6 6 0 12
1 4 9 0 12
1 4 0 6 12
2 2 1 6 12
2 2 1 8 12
1 4 3 6 12
1 4 4 6 12
2 2 5 6 12
2 2 5 8 12
2 2 7 6 12
2 2 7 8 12
1 4 9 4 12
3 6 0 0 13
3 6 3 0 13
2 2 0 6 13
2 2 0 8 13
2 2 2 6 13
1 4 4 6 13
2 2 2 8 13
2 2 6 0 13
2 2 8 0 13
2 2 6 2 13
2 2 8 2 13
1 4 5 6 13
2 2 6 4 13
4 1 6 6 13
2 2 8 4 13
2 2 6 7 13
2 2 8 7 13
4 1 6 9 13
2 2 0 0 14
2 2 0 2 14
1 4 0 4 14
3 6 2 0 14
3 6 5 0 14
2 2 0 8 14
2 2 8 0 14
2 2 8 2 14
2 2 8 4 14
1 4 1 4 14
4 1 2 6 14
2 2 2 7 14
4 1 6 6 14
2 2 4 7 14
2 2 6 7 14
2 2 8 7 14
4 1 2 9 14
4 1 6 9 14
3 6 0 0 15
3 6 3 0 15
3 6 6 0 15
1 4 9 0 15
1 4 0 6 15
2 2 1 6 15
2 2 1 8 15
2 2 3 6 15
2 2 3 8 15
2 2 5 6 15
2 2 5 8 15
2 2 7 6 15
2 2 7 8 15
1 4 9 4 15
2 2 0 0 16
2 2 0 2 16
2 2 0 4 16
3 6 2 0 16
3 6 5 0 16
1 4 8 0 16
2 2 8 4 16
1 4 9 0 16
4 1 0 6 16
1 4 4 6 16
2 2 0 7 16
4 1 5 6 16
2 2 2 7 16
2 2 5 7 16
2 2 7 7 16
4 1 0 9 16
4 1 5 9 16
1 4 9 6 16
3 6 0 0 17
3 6 3 0 17
3 6 6 0 17
1 4 9 0 17
2 2 0 6 17
2 2 0 8 17
2 2 2 6 17
4 1 4 6 17
2 2 2 8 17
2 2 4 7 17
4 1 6 7 17
4 1 6 8 17
4 1 4 9 17
1 4 0 0 18
1 4 0 4 18
3 6 1 0 18
3 6 4 0 18
3 6 7 0 18
2 2 1 6 18
1 4 3 6 18
4 1 4 6 18
2 2 0 8 18
2 2 4 7 18
2 2 6 7 18
2 2 8 6 18
2 2 8 8 18
4 1 4 9 18
3 6 0 0 19
3 6 3 0 19
3 6 6 0 19
1 4 9 0 19
1 4 0 6 19
2 2 1 6 19
1 4 3 6 19
2 2 1 8 19
2 2 4 6 19
1 4 6 6 19
1 4 7 6 19
1 4 8 6 19
1 4 9 4 19
2 2 4 8 19
2 2 0 0 20
2 2 0 2 20
3 6 2 0 20
3 6 5 0 20
4 1 2 6 20
2 2 2 7 20
2 2 4 7 20
1 4 0 4 20
2 2 0 8 20
2 2 6 6 20
2 2 6 8 20
4 1 2 9 20
2 2 8 0 20
2 2 8 2 20
2 2 8 4 20
2 2 8 6 20
2 2 8 8 20
1 4 1 4 20
3 6 0 0 21
3 6 3 0 21
3 6 6 0 21
4 1 0 6 21
4 1 0 7 21
4 1 0 8 21
2 2 4 6 21
2 2 4 8 21
1 4 9 0 21
4 1 0 9 21
2 2 6 6 21
2 2 6 8 21
2 2 8 6 21
2 2 8 8 21
4 1 0 0 22
1 4 0 1 22
3 6 1 1 22
3 6 4 0 22
3 6 7 0 22
2 2 1 7 22
2 2 4 6 22
1 4 0 5 22
4 1 6 6 22
2 2 4 8 22
4 1 6 7 22
4 1 6 8 22
4 1 6 9 22
3 6 0 0 23
3 6 3 0 23
3 6 6 0 23
1 4 9 0 23
2 2 0 6 23
2 2 0 8 23
2 2 2 6 23
2 2 2 8 23
2 2 4 6 23
2 2 4 8 23
2 2 6 6 23
2 2 6 8 23
2 2 8 6 23
2 2 8 8 23
1 4 0 0 24
1 4 0 4 24
2 2 1 0 24
3 6 1 2 24
3 6 4 2 24
3 6 7 2 24
2 2 3 0 24
2 2 5 0 24
2 2 7 0 24
2 2 0 8 24
2 2 2 8 24
2 2 4 8 24
4 1 6 8 24
4 1 6 9 24
3 6 0 0 25
3 6 3 0 25
3 6 6 0 25
1 4 9 0 25
1 4 0 6 25
1 4 1 6 25
2 2 2 6 25
4 1 4 6 25
2 2 2 8 25
2 2 4 7 25
4 1 6 7 25
2 2 6 8 25
2 2 8 8 25
3 6 0 0 26
3 6 3 0 26
1 4 0 6 26
1 4 1 6 26
2 2 2 6 26
2 2 2 8 26
1 4 4 6 26
2 2 6 0 26
2 2 8 0 26
2 2 6 2 26
1 4 5 6 26
2 2 8 2 26
2 2 6 4 26
2 2 8 4 26
2 2 6 6 26
1 4 8 6 26
1 4 9 6 26
2 2 6 8 26
3 6 0 0 27
3 6 3 0 27
1 4 0 6 27
2 2 1 6 27
1 4 3 6 27
2 2 1 8 27
2 2 4 6 27
2 2 4 8 27
2 2 6 0 27
2 2 8 0 27
2 2 6 2 27
2 2 8 2 27
4 1 6 4 27
1 4 6 5 27
2 2 7 5 27
2 2 7 7 27
1 4 9 5 27
4 1 6 9 27
2 2 0 0 28
2 2 0 2 28
2 2 0 4 28
3 6 2 0 28
3 6 5 0 28
2 2 8 0 28
1 4 8 2 28
1 4 9 2 28
2 2 0 6 28
2 2 0 8 28
2 2 2 6 28
2 2 2 8 28
1 4 4 6 28
2 2 5 6 28
1 4 7 6 28
2 2 5 8 28
1 4 8 6 28
1 4 9 6 28
3 6 0 0 29
3 6 3 0 29
3 6 6 0 29
1 4 9 0 29
2 2 0 6 29
2 2 0 8 29
2 2 2 6 29
2 2 2 8 29
1 4 4 6 29
1 4 5 6 29
2 2 6 6 29
1 4 8 6 29
2 2 6 8 29
1 4 9 4 29
2 2 0 0 30
2 2 0 2 30
3 6 2 0 30
3 6 5 0 30
4 1 2 6 30
2 2 2 7 30
2 2 4 7 30
2 2 6 6 30
1 4 0 4 30
4 1 2 9 30
1 4 1 4 30
2 2 6 8 30
2 2 0 8 30
1 4 8 0 30
2 2 8 4 30
2 2 8 6 30
1 4 9 0 30
2 2 8 8 30
3 6 0 0 31
3 6 3 0 31
3 6 6 0 31
4 1 0 6 31
4 1 0 7 31
2 2 0 8 31
2 2 2 8 31
2 2 4 6 31
2 2 4 8 31
4 1 6 6 31
2 2 6 7 31
1 4 9 0 31
2 2 8 7 31
4 1 6 9 31
2 2 0 0 32
2 2 0 2 32
2 2 0 4 32
3 6 2 0 32
3 6 5 0 32
2 2 8 0 32
1 4 8 2 32
4 1 0 6 32
2 2 0 7 32
4 1 4 6 32
1 4 9 2 32
4 1 2 7 32
2 2 2 8 32
2 2 4 8 32
2 2 6 7 32
1 4 8 6 32
1 4 9 6 32
3 6 0 0 33
3 6 3 0 33
3 6 6 0 33
1 4 9 0 33
4 1 0 6 33
2 2 0 7 33
2 2 2 7 33
2 2 4 6 33
2 2 4 8 33
2 2 6 6 33
2 2 6 8 33
4 1 0 9 33
1 4 8 6 33
1 4 9 4 33
3 6 0 0 34
3 6 3 0 34
4 1 0 6 34
2 2 0 7 34
2 2 2 7 34
2 2 4 6 34
2 2 4 8 34
2 2 6 0 34
2 2 8 0 34
4 1 0 9 34
2 2 6 2 34
4 1 6 4 34
4 1 6 5 34
2 2 8 2 34
1 4 6 6 34
2 2 7 6 34
2 2 7 8 34
1 4 9 6 34
3 6 0 0 35
3 6 3 0 35
4 1 0 6 35
2 2 0 7 35
1 4 6 0 35
2 2 2 7 35
1 4 4 6 35
2 2 7 0 35
4 1 0 9 35
2 2 7 2 35
1 4 5 6 35
1 4 9 0 35
2 2 6 4 35
1 4 6 6 35
2 2 8 4 35
2 2 7 6 35
2 2 7 8 35
1 4 9 6 35
3 6 0 0 36
3 6 3 0 36
3 6 6 0 36
2 2 0 6 36
1 4 9 0 36
2 2 0 8 36
2 2 2 6 36
1 4 4 6 36
1 4 5 6 36
2 2 2 8 36
2 2 6 6 36
2 2 6 8 36
2 2 8 6 36
2 2 8 8 36
2 2 0 0 37
1 4 0 2 37
2 2 0 6 37
3 6 2 0 37
3 6 5 0 37
2 2 0 8 37
2 2 8 0 37
4 1 2 6 37
1 4 1 2 37
2 2 8 2 37
2 2 8 4 37
2 2 2 7 37
1 4 6 6 37
1 4 7 6 37
2 2 4 7 37
2 2 8 6 37
2 2 8 8 37
4 1 2 9 37
3 6 0 0 38
3 6 3 0 38
3 6 6 0 38
1 4 9 0 38
2 2 0 6 38
2 2 0 8 38
1 4 2 6 38
2 2 3 6 38
1 4 5 6 38
2 2 3 8 38
4 1 6 6 38
2 2 6 7 38
2 2 8 7 38
4 1 6 9 38
1 4 0 0 39
1 4 0 4 39
3 6 1 0 39
3 6 4 0 39
3 6 7 0 39
2 2 1 6 39
2 2 0 8 39
1 4 3 6 39
2 2 4 6 39
2 2 4 8 39
2 2 6 6 39
2 2 6 8 39
2 2 8 6 39
2 2 8 8 39
3 6 0 0 40
3 6 3 0 40
3 6 6 0 40
1 4 9 0 40
4 1 0 6 40
2 2 0 7 40
2 2 2 7 40
1 4 4 6 40
4 1 0 9 40
2 2 5 6 40
1 4 7 6 40
2 2 5 8 40
2 2 8 6 40
2 2 8 8 40
4 1 0 0 41
1 4 0 1 41
4 1 4 0 41
3 6 1 1 41
3 6 4 1 41
3 6 7 1 41
2 2 1 7 41
2 2 3 7 41
4 1 1 9 41
2 2 5 7 41
2 2 7 7 41
4 1 5 9 41
1 4 0 5 41
3 6 0 0 42
3 6 3 0 42
3 6 6 0 42
2 2 0 6 42
2 2 0 8 42
1 4 9 0 42
2 2 2 6 42
2 2 2 8 42
1 4 4 6 42
2 2 5 6 42
2 2 5 8 42
2 2 7 6 42
2 2 7 8 42
1 4 9 4 42
3 6 0 0 43
3 6 3 0 43
4 1 0 6 43
4 1 0 7 43
4 1 0 8 43
2 2 4 6 43
2 2 4 8 43
1 4 6 0 43
1 4 7 0 43
2 2 8 0 43
1 4 6 4 43
2 2 8 2 43
1 4 7 4 43
4 1 0 9 43
2 2 6 8 43
2 2 8 4 43
2 2 8 6 43
2 2 8 8 43
1 4 0 0 44
4 1 1 0 44
3 6 1 1 44
3 6 4 1 44
3 6 7 1 44
4 1 5 0 44
1 4 0 4 44
2 2 1 7 44
2 2 3 7 44
2 2 5 7 44
2 2 7 7 44
4 1 1 9 44
4 1 5 9 44
3 6 0 0 45
3 6 3 0 45
3 6 6 0 45
1 4 9 0 45
2 2 0 6 45
2 2 0 8 45
1 4 2 6 45
2 2 3 6 45
2 2 3 8 45
1 4 5 6 45
2 2 6 6 45
2 2 6 8 45
2 2 8 6 45
2 2 8 8 45
3 6 0 0 46
3 6 3 0 46
4 1 0 6 46
1 4 6 0 46
4 1 0 7 46
1 4 4 6 46
2 2 7 0 46
2 2 7 2 46
1 4 5 6 46
1 4 9 0 46
4 1 0 8 46
4 1 0 9 46
2 2 6 4 46
4 1 6 6 46
4 1 6 7 46
2 2 8 4 46
4 1 6 8 46
4 1 6 9 46
2 2 0 0 47
2 2 0 2 47
1 4 0 4 47
3 6 2 0 47
3 6 5 0 47
1 4 1 4 47
1 4 8 0 47
1 4 9 0 47
4 1 2 6 47
4 1 2 7 47
2 2 8 4 47
4 1 0 8 47
4 1 0 9 47
2 2 4 8 47
2 2 6 6 47
2 2 6 8 47
1 4 8 6 47
1 4 9 6 47
3 6 0 0 48
3 6 3 0 48
3 6 6 0 48
1 4 9 0 48
2 2 0 6 48
2 2 0 8 48
2 2 2 6 48
2 2 2 8 48
4 1 4 6 48
2 2 4 7 48
2 2 6 7 48
1 4 8 6 48
4 1 4 9 48
1 4 9 4 48
3 6 0 0 49
3 6 3 0 49
3 6 6 0 49
2 2 0 6 49
2 2 0 8 49
4 1 2 6 49
2 2 2 7 49
2 2 4 7 49
2 2 6 6 49
2 2 6 8 49
2 2 8 6 49
2 2 8 8 49
1 4 9 0 49
4 1 2 9 49
2 2 0 0 50
2 2 0 2 50
3 6 2 0 50
3 6 5 0 50
1 4 0 4 50
2 2 0 8 50
2 2 8 0 50
4 1 2 6 50
2 2 8 2 50
2 2 8 4 50
2 2 2 7 50
4 1 6 6 50
2 2 4 7 50
2 2 6 7 50
4 1 2 9 50
2 2 8 7 50
4 1 6 9 50
1 4 1 4 50
3 6 0 0 51
3 6 3 0 51
3 6 6 0 51
2 2 0 6 51
2 2 0 8 51
2 2 2 6 51
2 2 2 8 51
2 2 4 6 51
2 2 4 8 51
2 2 6 6 51
2 2 6 8 51
2 2 8 6 51
2 2 8 8 51
1 4 9 0 51
2 2 0 0 52
2 2 0 2 52
2 2 0 4 52
3 6 2 0 52
3 6 5 0 52
2 2 8 0 52
1 4 8 2 52
4 1 0 6 52
4 1 0 7 52
2 2 0 8 52
2 2 2 8 52
4 1 4 6 52
2 2 4 7 52
1 4 9 2 52
4 1 6 7 52
2 2 6 8 52
2 2 8 8 52
3 6 0 0 53
3 6 3 0 53
3 6 6 0 53
2 2 0 6 53
2 2 0 8 53
2 2 2 6 53
2 2 2 8 53
2 2 4 6 53
2 2 4 8 53
2 2 6 6 53
2 2 6 8 53
2 2 8 6 53
2 2 8 8 53
1 4 9 0 53
3 6 0 0 54
3 6 3 0 54
4 1 0 6 54
2 2 0 7 54
2 2 2 7 54
1 4 4 6 54
2 2 6 0 54
2 2 8 0 54
2 2 6 2 54
2 2 8 2 54
1 4 5 6 54
1 4 6 4 54
2 2 7 4 54
2 2 7 6 54
4 1 0 9 54
2 2 6 8 54
2 2 8 8 54
1 4 9 4 54
2 2 0 0 55
2 2 0 2 55
2 2 0 4 55
3 6 2 0 55
3 6 5 0 55
2 2 8 0 55
1 4 8 2 55
2 2 0 6 55
2 2 0 8 55
2 2 2 6 55
2 2 2 8 55
2 2 4 6 55
4 1 6 6 55
2 2 4 8 55
1 4 9 2 55
4 1 6 7 55
2 2 6 8 55
2 2 8 8 55
3 6 0 0 56
3 6 3 0 56
3 6 6 0 56
1 4 9 0 56
1 4 0 6 56
1 4 1 6 56
4 1 2 6 56
4 1 2 7 56
2 2 6 6 56
4 1 2 8 56
2 2 6 8 56
2 2 8 6 56
2 2 8 8 56
4 1 2 9 56
3 6 0 0 57
3 6 3 0 57
1 4 0 6 57
2 2 1 6 57
2 2 1 8 57
1 4 3 6 57
1 4 4 6 57
2 2 6 0 57
2 2 8 0 57
1 4 5 6 57
2 2 6 2 57
2 2 8 2 57
1 4 6 4 57
2 2 7 4 57
2 2 7 6 57
2 2 6 8 57
1 4 9 4 57
2 2 8 8 57
2 2 0 0 58
2 2 0 2 58
2 2 0 4 58
3 6 2 0 58
3 6 5 0 58
2 2 8 0 58
2 2 8 2 58
2 2 8 4 58
2 2 0 6 58
2 2 0 8 58
2 2 2 6 58
4 1 4 6 58
2 2 2 8 58
2 2 4 7 58
4 1 6 7 58
4 1 6 8 58
4 1 4 9 58
3 6 0 0 59
3 6 3 0 59
3 6 6 0 59
1 4 9 0 59
2 2 0 6 59
2 2 0 8 59
2 2 2 6 59
2 2 2 8 59
1 4 4 6 59
2 2 5 6 59
2 2 5 8 59
1 4 7 6 59
2 2 8 6 59
2 2 8 8 59
1 4 0 0 60
4 1 1 0 60
3 6 1 1 60
3 6 4 1 60
3 6 7 1 60
4 1 5 0 60
2 2 1 7 60
2 2 3 7 60
2 2 5 7 60
4 1 1 9 60
2 2 7 7 60
1 4 0 4 60
4 1 5 9 60
3 6 0 0 61
3 6 3 0 61
3 6 6 0 61
4 1 0 6 61
2 2 0 7 61
2 2 2 7 61
2 2 4 6 61
2 2 4 8 61
4 1 0 9 61
4 1 6 6 61
2 2 6 7 61
2 2 8 7 61
4 1 6 9 61
1 4 9 0 61
3 6 0 0 62
3 6 3 0 62
2 2 0 6 62
2 2 0 8 62
2 2 2 6 62
2 2 2 8 62
2 2 4 6 62
2 2 4 8 62
2 2 6 0 62
4 1 6 2 62
2 2 8 0 62
2 2 6 3 62
4 1 6 5 62
1 4 6 6 62
1 4 7 6 62
2 2 8 3 62
1 4 8 6 62
1 4 9 6 62
3 6 0 0 63
3 6 3 0 63
4 1 0 6 63
4 1 0 7 63
2 2 0 8 63
4 1 6 0 63
2 2 2 8 63
2 2 4 6 63
1 4 6 1 63
2 2 4 8 63
1 4 7 1 63
2 2 8 1 63
1 4 6 5 63
1 4 7 5 63
2 2 8 3 63
2 2 8 5 63
2 2 8 7 63
4 1 6 9 63
4 1 0 0 64
1 4 0 1 64
3 6 1 1 64
3 6 4 0 64
3 6 7 0 64
2 2 1 7 64
2 2 4 6 64
2 2 4 8 64
2 2 6 6 64
2 2 6 8 64
2 2 8 6 64
2 2 8 8 64
1 4 0 5 64
3 6 0 0 65
3 6 3 0 65
3 6 6 0 65
4 1 0 6 65
2 2 0 7 65
2 2 2 7 65
2 2 4 6 65
2 2 4 8 65
2 2 6 6 65
2 2 6 8 65
1 4 8 6 65
4 1 0 9 65
1 4 9 0 65
1 4 9 4 65
3 6 0 0 66
3 6 3 0 66
2 2 0 6 66
1 4 2 6 66
4 1 6 0 66
2 2 0 8 66
4 1 6 1 66
1 4 3 6 66
2 2 4 6 66
2 2 4 8 66
2 2 6 2 66
2 2 8 2 66
2 2 6 4 66
4 1 6 6 66
2 2 8 4 66
2 2 6 7 66
2 2 8 7 66
4 1 6 9 66
3 6 0 0 67
3 6 3 0 67
1 4 0 6 67
1 4 1 6 67
1 4 2 6 67
1 4 3 6 67
4 1 6 0 67
2 2 4 6 67
2 2 4 8 67
2 2 6 1 67
2 2 8 1 67
4 1 6 3 67
2 2 6 4 67
1 4 6 6 67
2 2 8 4 67
1 4 7 6 67
2 2 8 6 67
2 2 8 8 67
3 6 0 0 68
3 6 3 0 68
4 1 0 6 68
1 4 6 0 68
1 4 7 0 68
4 1 0 7 68
2 2 8 0 68
4 1 0 8 68
2 2 8 2 68
2 2 4 6 68
2 2 4 8 68
4 1 0 9 68
2 2 6 4 68
2 2 8 4 68
4 1 6 6 68
4 1 6 7 68
2 2 6 8 68
2 2 8 8 68
1 4 0 0 69
1 4 0 4 69
3 6 1 0 69
3 6 4 0 69
3 6 7 0 69
4 1 1 6 69
1 4 5 6 69
2 2 1 7 69
2 2 3 7 69
2 2 6 6 69
1 4 8 6 69
2 2 6 8 69
4 1 1 9 69
1 4 9 6 69
3 6 0 0 70
3 6 3 0 70
3 6 6 0 70
1 4 9 0 70
2 2 0 6 70
4 1 2 6 70
2 2 0 8 70
2 2 2 7 70
1 4 6 6 70
1 4 7 6 70
2 2 4 7 70
2 2 8 6 70
2 2 8 8 70
4 1 2 9 70
1 4 0 0 71
2 2 1 0 71
2 2 3 0 71
3 6 1 2 71
3 6 4 2 71
3 6 7 2 71
2 2 5 0 71
2 2 7 0 71
2 2 1 8 71
2 2 3 8 71
1 4 0 4 71
2 2 5 8 71
2 2 7 8 71
3 6 0 0 72
3 6 3 0 72
3 6 6 0 72
1 4 9 0 72
2 2 0 6 72
4 1 2 6 72
2 2 0 8 72
2 2 2 7 72
2 2 4 7 72
2 2 6 6 72
2 2 6 8 72
2 2 8 6 72
2 2 8 8 72
4 1 2 9 72
2 2 0 0 73
1 4 0 2 73
4 1 2 0 73
3 6 2 1 73
3 6 5 1 73
4 1 6 0 73
4 1 2 7 73
2 2 0 6 73
2 2 6 7 73
1 4 1 2 73
1 4 8 1 73
1 4 9 1 73
1 4 8 5 73
4 1 0 8 73
4 1 0 9 73
2 2 4 8 73
1 4 9 5 73
4 1 6 9 73
3 6 0 0 74
3 6 3 0 74
3 6 6 0 74
1 4 9 0 74
2 2 0 6 74
2 2 0 8 74
2 2 2 6 74
2 2 2 8 74
2 2 4 6 74
2 2 4 8 74
2 2 6 6 74
2 2 6 8 74
2 2 8 6 74
2 2 8 8 74
3 6 0 0 75
3 6 3 0 75
1 4 0 6 75
2 2 1 6 75
2 2 1 8 75
2 2 3 6 75
1 4 6 0 75
1 4 7 0 75
2 2 3 8 75
2 2 8 0 75
2 2 8 2 75
2 2 6 4 75
2 2 8 4 75
2 2 5 6 75
2 2 5 8 75
2 2 7 6 75
2 2 7 8 75
1 4 9 6 75
2 2 0 0 76
2 2 0 2 76
2 2 0 4 76
3 6 2 0 76
3 6 5 0 76
2 2 8 0 76
2 2 8 2 76
2 2 8 4 76
2 2 0 6 76
2 2 0 8 76
2 2 2 6 76
4 1 4 6 76
2 2 2 8 76
4 1 4 7 76
2 2 4 8 76
2 2 6 8 76
2 2 8 6 76
2 2 8 8 76
3 6 0 0 77
3 6 3 0 77
3 6 6 0 77
1 4 9 0 77
1 4 0 6 77
2 2 1 6 77
2 2 1 8 77
2 2 3 6 77
2 2 3 8 77
1 4 5 6 77
4 1 6 6 77
2 2 6 7 77
2 2 8 7 77
4 1 6 9 77
3 6 0 0 78
3 6 3 0 78
1 4 0 6 78
2 2 1 6 78
2 2 1 8 78
2 2 3 6 78
1 4 6 0 78
2 2 3 8 78
1 4 5 6 78
1 4 7 0 78
2 2 8 0 78
2 2 8 2 78
2 2 6 4 78
1 4 6 6 78
1 4 7 6 78
1 4 8 4 78
2 2 8 8 78
1 4 9 4 78
3 6 0 0 79
3 6 3 0 79
4 1 0 6 79
4 1 0 7 79
2 2 0 8 79
2 2 2 8 79
2 2 4 6 79
2 2 4 8 79
2 2 6 0 79
2 2 8 0 79
4 1 6 2 79
2 2 6 3 79
2 2 8 3 79
4 1 6 5 79
2 2 6 6 79
1 4 8 6 79
2 2 6 8 79
1 4 9 6 79
3 6 0 0 80
3 6 3 0 80
4 1 0 6 80
2 2 0 7 80
4 1 2 7 80
2 2 2 8 80
2 2 4 8 80
1 4 6 0 80
1 4 7 0 80
1 4 8 0 80
2 2 6 4 80
1 4 9 0 80
2 2 8 4 80
2 2 6 6 80
2 2 6 8 80
2 2 8 6 80
2 2 8 8 80
1 4 0 0 81
2 2 1 0 81
1 4 0 4 81
3 6 1 2 81
3 6 4 2 81
3 6 7 2 81
2 2 3 0 81
2 2 5 0 81
2 2 7 0 81
4 1 0 8 81
4 1 0 9 81
2 2 4 8 81
4 1 6 8 81
4 1 6 9 81
3 6 0 0 82
3 6 3 0 82
3 6 6 0 82
1 4 9 0 82
1 4 0 6 82
2 2 1 6 82
1 4 3 6 82
1 4 4 6 82
1 4 5 6 82
1 4 6 6 82
1 4 7 6 82
2 2 1 8 82
2 2 8 6 82
2 2 8 8 82
2 2 0 0 83
2 2 0 2 83
2 2 0 4 83
3 6 2 0 83
3 6 5 0 83
2 2 8 0 83
1 4 8 2 83
1 4 9 2 83
2 2 0 6 83
2 2 0 8 83
2 2 2 6 83
2 2 2 8 83
4 1 4 6 83
4 1 4 7 83
2 2 4 8 83
2 2 6 8 83
2 2 8 6 83
2 2 8 8 83
3 6 0 0 84
3 6 3 0 84
3 6 6 0 84
1 4 9 0 84
1 4 0 6 84
2 2 1 6 84
1 4 3 6 84
1 4 4 6 84
2 2 1 8 84
2 2 5 6 84
2 2 5 8 84
1 4 7 6 84
2 2 8 6 84
2 2 8 8 84
4 1 0 0 85
4 1 4 0 85
3 6 0 1 85
3 6 3 1 85
3 6 6 1 85
1 4 9 1 85
2 2 0 7 85
2 2 2 7 85
4 1 0 9 85
2 2 4 7 85
2 2 6 7 85
4 1 4 9 85
2 2 8 7 85
3 6 0 0 86
3 6 3 0 86
3 6 6 0 86
1 4 9 0 86
1 4 0 6 86
1 4 1 6 86
1 4 2 6 86
2 2 3 6 86
2 2 3 8 86
2 2 5 6 86
1 4 7 6 86
2 2 5 8 86
2 2 8 6 86
2 2 8 8 86
3 6 0 0 87
3 6 3 0 87
4 1 0 6 87
4 1 0 7 87
2 2 0 8 87
2 2 2 8 87
1 4 4 6 87
4 1 6 0 87
1 4 5 6 87
4 1 6 1 87
2 2 6 2 87
1 4 6 4 87
2 2 8 2 87
1 4 7 4 87
1 4 8 4 87
2 2 6 8 87
2 2 8 8 87
1 4 9 4 87
2 2 0 0 88
2 2 0 2 88
3 6 2 0 88
3 6 5 0 88
2 2 0 4 88
1 4 8 0 88
4 1 0 6 88
2 2 8 4 88
4 1 0 7 88
2 2 0 8 88
2 2 2 8 88
2 2 4 6 88
2 2 4 8 88
1 4 9 0 88
2 2 6 6 88
1 4 8 6 88
2 2 6 8 88
1 4 9 6 88
3 6 0 0 89
3 6 3 0 89
3 6 6 0 89
2 2 0 6 89
2 2 0 8 89
2 2 2 6 89
2 2 2 8 89
2 2 4 6 89
2 2 4 8 89
1 4 9 0 89
2 2 6 6 89
2 2 6 8 89
2 2 8 6 89
2 2 8 8 89
3 6 0 0 90
3 6 3 0 90
4 1 0 6 90
1 4 6 0 90
4 1 0 7 90
1 4 4 6 90
2 2 7 0 90
2 2 7 2 90
2 2 0 8 90
4 1 6 4 90
2 2 2 8 90
4 1 6 5 90
1 4 9 0 90
2 2 5 6 90
2 2 5 8 90
1 4 7 6 90
1 4 8 6 90
1 4 9 6 90
4 1 0 0 91
4 1 4 0 91
4 1 0 1 91
3 6 0 2 91
3 6 3 2 91
3 6 6 2 91
2 2 0 8 91
2 2 2 8 91
2 2 4 8 91
4 1 6 8 91
1 4 9 2 91
4 1 6 9 91
4 1 4 1 91
2 2 8 0 91
3 6 0 0 92
3 6 3 0 92
3 6 6 0 92
1 4 9 0 92
2 2 0 6 92
2 2 0 8 92
1 4 2 6 92
2 2 3 6 92
2 2 3 8 92
2 2 5 6 92
2 2 5 8 92
2 2 7 6 92
1 4 9 4 92
2 2 7 8 92
3 6 0 0 93
3 6 3 0 93
4 1 0 6 93
2 2 0 7 93
1 4 6 0 93
4 1 2 7 93
4 1 2 8 93
2 2 7 0 93
2 2 7 2 93
2 2 6 4 93
4 1 0 9 93
1 4 9 0 93
2 2 8 4 93
2 2 6 6 93
2 2 6 8 93
2 2 8 6 93
2 2 8 8 93
1 4 0 0 94
2 2 1 0 94
4 1 3 0 94
3 6 1 2 94
3 6 4 2 94
3 6 7 0 94
2 2 7 6 94
2 2 1 8 94
2 2 3 8 94
2 2 5 8 94
2 2 7 8 94
1 4 9 6 94
1 4 0 4 94
4 1 3 1 94
3 6 0 0 95
3 6 3 0 95
3 6 6 0 95
4 1 0 6 95
1 4 9 0 95
2 2 0 7 95
1 4 4 6 95
2 2 2 7 95
1 4 5 6 95
1 4 6 6 95
2 2 7 6 95
2 2 7 8 95
1 4 9 4 95
4 1 0 9 95
1 4 0 0 96
2 2 1 0 96
1 4 0 4 96
3 6 1 2 96
3 6 4 2 96
3 6 7 2 96
2 2 3 0 96
2 2 5 0 96
2 2 7 0 96
4 1 0 8 96
2 2 4 8 96
2 2 6 8 96
4 1 0 9 96
2 2 8 8 96
5 3 0 0 97
5 3 5 0 97
3 6 0 3 97
1 4 3 3 97
1 4 4 3 97
1 4 5 3 97
2 2 3 7 97
1 4 6 3 97
4 1 0 9 97
2 2 5 7 97
1 4 7 3 97
2 2 7 7 97
2 2 8 3 97
2 2 8 5 97
4 1 4 9 97
2 2 0 0 98
2 2 0 2 98
2 2 0 4 98
5 3 2 0 98
5 3 2 3 98
5 3 0 6 98
5 3 5 6 98
1 4 7 0 98
1 4 8 0 98
1 4 9 0 98
2 2 7 4 98
4 1 0 9 98
4 1 4 9 98
5 3 0 0 99
5 3 5 0 99
5 3 0 3 99
1 4 0 6 99
2 2 1 6 99
1 4 3 6 99
2 2 1 8 99
2 2 5 3 99
1 4 4 6 99
2 2 7 3 99
2 2 5 5 99
2 2 5 7 99
2 2 7 5 99
2 2 7 7 99
1 4 9 3 99
4 1 5 9 99
2 2 0 0 100
2 2 0 2 100
5 3 2 0 100
5 3 2 3 100
5 3 2 6 100
1 4 0 4 100
2 2 0 8 100
1 4 1 4 100
2 2 7 0 100
2 2 7 2 100
1 4 9 0 100
2 2 7 4 100
2 2 7 6 100
2 2 7 8 100
1 4 9 4 100
4 1 2 9 100
5 3 0 0 101
5 3 5 0 101
5 3 0 3 101
2 2 0 6 101
2 2 0 8 101
2 2 2 6 101
2 2 2 8 101
1 4 4 6 101
2 2 5 3 101
2 2 7 3 101
2 2 5 5 101
1 4 7 5 101
2 2 5 7 101
1 4 8 5 101
1 4 9 3 101
4 1 5 9 101
5 3 0 0 102
5 3 5 0 102
2 2 0 3 102
2 2 0 5 102
2 2 0 7 102
2 2 2 3 102
2 2 2 5 102
2 2 2 7 102
1 4 4 3 102
4 1 0 9 102
2 2 5 3 102
1 4 5 5 102
4 1 6 5 102
1 4 6 6 102
2 2 7 3 102
2 2 7 6 102
2 2 7 8 102
1 4 9 6 102
2 2 0 0 103
2 2 0 2 103
2 2 0 4 103
5 3 2 0 103
5 3 2 3 103
5 3 0 6 103
5 3 5 6 103
2 2 7 0 103
2 2 7 2 103
1 4 9 0 103
2 2 7 4 103
4 1 0 9 103
4 1 4 9 103
5 3 0 0 104
5 3 5 0 104
5 3 0 3 104
2 2 0 6 104
2 2 0 8 104
2 2 2 6 104
2 2 2 8 104
2 2 5 3 104
2 2 7 3 104
1 4 4 6 104
4 1 5 5 104
2 2 5 6 104
1 4 7 6 104
2 2 5 8 104
1 4 8 6 104
1 4 9 3 104
2 2 0 0 105
2 2 0 2 105
2 2 0 4 105
5 3 2 0 105
5 3 2 3 105
5 3 0 6 105
5 3 5 6 105
1 4 7 0 105
4 1 0 9 105
2 2 8 0 105
4 1 4 9 105
2 2 8 2 105
2 2 7 4 105
5 3 0 0 106
5 3 5 0 106
5 3 0 3 106
2 2 0 6 106
2 2 0 8 106
2 2 2 6 106
2 2 2 8 106
1 4 4 6 106
2 2 5 3 106
2 2 7 3 106
2 2 5 5 106
2 2 5 7 106
2 2 7 5 106
2 2 7 7 106
1 4 9 3 106
4 1 5 9 106
2 2 0 0 107
2 2 0 2 107
5 3 2 0 107
5 3 2 3 107
5 3 2 6 107
1 4 0 4 107
1 4 1 4 107
2 2 0 8 107
2 2 7 0 107
1 4 7 2 107
1 4 8 2 107
2 2 7 6 107
2 2 7 8 107
1 4 9 0 107
4 1 2 9 107
1 4 9 4 107
5 3 0 0 108
5 3 5 0 108
5 3 0 3 108
2 2 0 6 108
1 4 2 6 108
1 4 3 6 108
1 4 4 6 108
2 2 0 8 108
2 2 5 3 108
2 2 7 3 108
2 2 5 5 108
2 2 5 7 108
1 4 7 5 108
1 4 8 5 108
1 4 9 3 108
4 1 5 9 108
2 2 0 0 109
2 2 0 2 109
5 3 2 0 109
5 3 2 3 109
5 3 2 6 109
1 4 0 4 109
1 4 1 4 109
2 2 0 8 109
4 1 2 9 109
2 2 7 0 109
2 2 7 2 109
2 2 7 4 109
2 2 7 6 109
2 2 7 8 109
1 4 9 0 109
1 4 9 4 109
5 3 0 0 110
5 3 5 0 110
5 3 0 3 110
2 2 0 6 110
2 2 0 8 110
2 2 2 6 110
2 2 2 8 110
1 4 4 6 110
2 2 5 3 110
4 1 5 5 110
2 2 7 3 110
2 2 5 6 110
2 2 5 8 110
2 2 7 6 110
2 2 7 8 110
1 4 9 3 110
5 3 0 0 111
5 3 5 0 111
4 1 0 3 111
1 4 0 4 111
1 4 1 4 111
2 2 0 8 111
2 2 2 4 111
1 4 2 6 111
2 2 4 3 111
2 2 6 3 111
1 4 3 6 111
1 4 4 5 111
1 4 5 5 111
4 1 6 5 111
2 2 8 3 111
2 2 6 6 111
1 4 8 6 111
2 2 6 8 111
1 4 9 6 111
5 3 0 0 112
5 3 5 0 112
2 2 0 3 112
2 2 0 5 112
4 1 2 3 112
2 2 0 7 112
4 1 6 3 112
4 1 2 4 112
4 1 6 4 112
4 1 2 5 112
2 2 2 6 112
2 2 2 8 112
1 4 4 6 112
2 2 6 5 112
2 2 8 5 112
2 2 6 7 112
1 4 5 6 112
2 2 8 7 112
4 1 6 9 112
2 2 0 0 113
2 2 0 2 113
2 2 0 4 113
5 3 2 0 113
5 3 2 3 113
5 3 0 6 113
5 3 5 6 113
2 2 7 0 113
2 2 7 2 113
2 2 7 4 113
1 4 9 0 113
4 1 0 9 113
4 1 4 9 113
5 3 0 0 114
5 3 5 0 114
5 3 0 3 114
2 2 0 6 114
2 2 0 8 114
2 2 2 6 114
2 2 2 8 114
1 4 4 6 114
2 2 5 3 114
2 2 7 3 114
2 2 5 5 114
2 2 5 7 114
2 2 7 5 114
1 4 9 3 114
2 2 7 7 114
4 1 5 9 114
1 4 0 0 115
2 2 1 0 115
5 3 1 2 115
5 3 1 5 115
4 1 1 8 115
1 4 0 4 115
1 4 6 2 115
4 1 1 9 115
2 2 6 6 115
2 2 5 8 115
2 2 7 2 115
2 2 7 4 115
2 2 8 6 115
2 2 7 8 115
2 2 3 0 115
2 2 5 0 115
2 2 7 0 115
1 4 9 0 115
5 3 0 0 116
5 3 5 0 116
5 3 0 3 116
2 2 0 6 116
2 2 0 8 116
2 2 2 6 116
2 2 2 8 116
2 2 5 3 116
2 2 7 3 116
4 1 5 5 116
2 2 4 6 116
4 1 6 6 116
2 2 4 8 116
2 2 6 7 116
2 2 8 7 116
4 1 6 9 116
2 2 0 0 117
1 4 0 2 117
1 4 1 2 117
5 3 2 0 117
5 3 2 3 117
5 3 0 6 117
5 3 5 6 117
1 4 7 0 117
1 4 8 0 117
1 4 9 0 117
2 2 7 4 117
4 1 0 9 117
4 1 4 9 117
5 3 0 0 118
5 3 5 0 118
5 3 0 3 118
2 2 0 6 118
2 2 0 8 118
2 2 2 6 118
2 2 2 8 118
2 2 5 3 118
1 4 4 6 118
4 1 5 5 118
2 2 7 3 118
4 1 5 6 118
2 2 5 7 118
2 2 7 7 118
4 1 5 9 118
1 4 9 3 118
5 3 0 0 119
5 3 5 0 119
2 2 0 3 119
1 4 0 5 119
2 2 2 3 119
1 4 1 5 119
2 2 2 5 119
2 2 2 7 119
2 2 4 3 119
2 2 6 3 119
2 2 8 3 119
2 2 4 5 119
1 4 6 5 119
2 2 4 7 119
1 4 7 5 119
1 4 8 5 119
1 4 9 5 119
4 1 0 9 119
4 1 4 9 119
5 3 0 0 120
5 3 5 0 120
2 2 0 3 120
2 2 0 5 120
1 4 2 3 120
2 2 0 7 120
1 4 3 3 120
2 2 2 7 120
1 4 4 3 120
2 2 5 3 120
2 2 7 3 120
2 2 5 5 120
4 1 0 9 120
2 2 4 7 120
1 4 7 5 120
1 4 8 5 120
1 4 9 3 120
4 1 0 0 121
2 2 0 1 121
2 2 0 3 121
5 3 2 1 121
5 3 2 4 121
5 3 2 7 121
4 1 4 0 121
1 4 0 5 121
1 4 1 5 121
2 2 7 1 121
2 2 7 3 121
1 4 9 1 121
1 4 7 5 121
2 2 8 5 121
2 2 8 7 121
5 3 0 0 122
5 3 5 0 122
5 3 0 3 122
4 1 0 6 122
2 2 0 7 122
2 2 2 7 122
2 2 5 3 122
1 4 4 6 122
2 2 7 3 122
4 1 0 9 122
2 2 5 5 122
2 2 5 7 122
2 2 7 5 122
2 2 7 7 122
4 1 5 9 122
1 4 9 3 122
4 1 0 0 123
2 2 0 1 123
4 1 4 0 123
5 3 2 1 123
5 3 2 4 123
5 3 2 7 123
1 4 0 3 123
1 4 1 3 123
2 2 0 7 123
1 4 7 1 123
2 2 7 5 123
1 4 8 0 123
2 2 7 7 123
1 5 9 0 123
1 5 9 5 123
5 3 0 0 124
5 3 5 0 124
5 3 0 3 124
2 2 0 6 124
1 4 2 6 124
4 1 5 3 124
4 1 5 4 124
2 2 0 8 124
1 4 3 6 124
2 2 5 5 124
2 2 5 7 124
1 4 4 6 124
2 2 7 5 124
2 2 7 7 124
1 4 9 3 124
4 1 5 9 124
2 2 0 0 125
5 1 2 0 125
2 2 0 2 125
5 3 2 1 125
5 3 0 4 125
5 3 0 7 125
5 3 5 4 125
5 3 5 7 125
3 2 7 0 125
3 2 7 2 125
5 3 0 0 126
5 3 5 0 126
5 3 0 3 126
1 5 5 3 126
5 1 0 6 126
5 1 0 7 126
1 5 6 3 126
5 1 0 8 126
1 5 7 3 126
1 5 8 3 126
5 1 0 9 126
5 1 5 8 126
5 1 5 9 126
1 5 9 3 126
5 3 0 0 127
5 3 5 0 127
5 1 0 3 127
5 1 5 3 127
1 5 0 4 127
1 5 1 4 127
1 5 2 4 127
1 5 3 4 127
1 5 4 4 127
5 1 0 9 127
5 1 5 4 127
5 1 5 5 127
5 1 5 6 127
5 3 5 7 127
5 1 0 0 128
5 1 5 0 128
1 5 0 1 128
5 3 1 1 128
5 3 1 4 128
5 3 1 7 128
1 5 6 1 128
1 5 7 1 128
1 5 8 1 128
1 5 9 1 128
2 3 6 6 128
2 3 8 6 128
5 3 0 0 129
5 3 5 0 129
5 3 0 3 129
5 1 0 6 129
1 5 5 3 129
5 1 0 7 129
5 1 0 8 129
5 1 0 9 129
1 5 6 3 129
1 5 7 3 129
1 5 8 3 129
5 1 5 8 129
5 1 5 9 129
1 5 9 3 129
5 1 0 0 130
5 1 5 0 130
5 3 0 1 130
5 3 5 1 130
5 3 0 4 130
5 3 0 7 130
5 3 5 4 130
5 3 5 7 130
5 3 0 0 131
5 3 5 0 131
5 3 0 3 131
5 1 0 6 131
1 5 5 3 131
1 5 6 3 131
1 5 7 3 131
1 5 8 3 131
5 1 5 8 131
5 1 5 9 131
1 5 9 3 131
5 1 0 7 131
5 1 0 8 131
5 1 0 9 131
5 3 0 0 132
5 3 5 0 132
1 5 0 3 132
5 1 1 3 132
1 5 1 4 132
5 1 2 4 132
5 1 2 5 132
5 3 2 6 132
1 5 7 4 132
1 5 8 4 132
1 5 9 4 132
5 1 1 9 132
1 5 0 0 133
1 5 0 5 133
1 5 1 0 133
5 3 2 0 133
5 3 2 3 133
5 3 2 6 133
1 5 1 5 133
5 1 2 9 133
1 5 7 0 133
1 5 8 0 133
1 5 9 0 133
1 5 7 5 133
1 5 8 5 133
1 5 9 5 133
5 3 0 0 134
5 3 5 0 134
5 3 0 3 134
1 5 5 3 134
5 1 0 6 134
5 1 0 7 134
5 1 0 8 134
1 5 6 3 134
1 5 7 3 134
5 1 0 9 134
1 5 8 3 134
1 5 9 3 134
5 1 5 8 134
5 1 5 9 134
5 1 0 0 135
5 1 5 0 135
5 3 0 1 135
5 3 5 1 135
5 3 0 4 135
5 3 0 7 135
5 3 5 4 135
5 3 5 7 135
5 3 0 0 136
5 3 5 0 136
5 3 0 3 136
5 1 0 6 136
5 1 0 7 136
1 5 5 3 136
5 1 0 8 136
1 5 6 3 136
5 1 0 9 136
1 5 7 3 136
1 5 8 3 136
5 1 5 8 136
5 1 5 9 136
1 5 9 3 136
5 1 0 0 137
5 1 5 0 137
5 3 0 1 137
5 3 5 1 137
5 3 0 4 137
5 3 0 7 137
5 3 5 4 137
5 3 5 7 137
5 3 0 0 138
5 3 5 0 138
5 3 0 3 138
1 5 5 3 138
1 5 6 3 138
1 5 7 3 138
5 1 0 6 138
1 5 8 3 138
5 1 5 8 138
5 1 5 9 138
5 1 0 7 138
1 5 9 3 138
5 1 0 8 138
5 1 0 9 138
5 1 0 0 139
1 5 0 1 139
5 1 5 0 139
5 3 1 1 139
5 3 1 4 139
5 3 1 7 139
1 5 6 1 139
1 5 7 1 139
1 5 8 1 139
1 5 9 1 139
2 3 6 6 139
2 3 8 6 139
5 3 0 0 140
5 3 5 0 140
5 3 0 3 140
5 1 0 6 140
5 1 0 7 140
5 1 0 8 140
1 5 5 3 140
5 1 0 9 140
1 5 6 3 140
1 5 7 3 140
1 5 8 3 140
1 5 9 3 140
5 1 5 8 140
5 1 5 9 140
5 3 0 0 141
5 3 5 0 141
5 1 0 3 141
5 1 5 3 141
1 5 0 4 141
1 5 1 4 141
1 5 2 4 141
1 5 3 4 141
1 5 4 4 141
5 1 0 9 141
1 5 5 4 141
1 5 6 4 141
1 5 7 4 141
1 5 8 4 141
1 5 9 4 141
5 1 5 9 141
5 1 0 0 142
5 1 5 0 142
5 1 0 1 142
5 3 0 2 142
5 3 0 5 142
5 3 5 1 142
5 3 5 4 142
5 3 5 7 142
5 1 0 8 142
5 1 0 9 142
5 3 0 0 143
5 3 5 0 143
5 3 0 3 143
1 5 5 3 143
1 5 6 3 143
5 1 0 6 143
5 1 0 7 143
5 1 0 8 143
1 5 7 3 143
1 5 8 3 143
1 5 9 3 143
5 1 0 9 143
5 1 5 8 143
5 1 5 9 143
5 3 0 0 144
5 3 5 0 144
1 5 0 3 144
1 5 1 3 144
1 5 2 3 144
1 5 3 3 144
5 1 4 3 144
5 1 4 4 144
1 5 4 5 144
1 5 5 5 144
1 5 6 5 144
1 5 7 5 144
1 5 8 5 144
1 5 9 3 144
3 2 0 8 144
5 3 0 0 145
5 3 5 0 145
5 1 0 3 145
1 5 0 4 145
5 1 5 3 145
1 5 1 4 145
1 5 2 4 145
1 5 3 4 145
5 1 4 4 145
5 1 4 5 145
5 1 4 6 145
5 3 4 7 145
1 5 9 4 145
5 1 0 0 146
5 1 5 0 146
1 5 0 1 146
5 3 1 1 146
5 3 1 4 146
5 3 1 7 146
1 5 6 1 146
1 5 7 1 146
1 5 8 1 146
1 5 9 1 146
3 2 6 6 146
3 2 6 8 146
5 3 0 0 147
5 3 5 0 147
5 3 0 3 147
5 1 0 6 147
5 1 0 7 147
5 1 0 8 147
5 1 0 9 147
1 5 5 3 147
1 5 6 3 147
1 5 7 3 147
1 5 8 3 147
5 1 5 8 147
1 5 9 3 147
5 1 5 9 147
5 1 0 0 148
5 1 5 0 148
5 1 0 1 148
5 3 0 2 148
5 3 0 5 148
5 3 5 1 148
5 3 5 4 148
5 3 5 7 148
5 1 0 8 148
5 1 0 9 148
5 3 0 0 149
5 3 5 0 149
5 3 0 3 149
5 1 0 6 149
5 1 0 7 149
1 5 5 3 149
1 5 6 3 149
1 5 7 3 149
5 1 0 8 149
1 5 8 3 149
5 1 0 9 149
5 1 5 8 149
5 1 5 9 149
1 5 9 3 149
5 1 0 0 150
5 1 5 0 150
5 1 0 1 150
5 3 0 2 150
5 3 0 5 150
5 3 5 1 150
5 3 5 4 150
5 3 5 7 150
5 1 0 8 150
5 1 0 9 150
5 3 0 0 151
5 3 5 0 151
5 3 0 3 151
1 5 5 3 151
1 5 6 3 151
5 1 0 6 151
1 5 7 3 151
1 5 8 3 151
5 1 5 8 151
1 5 9 3 151
5 1 5 9 151
5 3 0 7 151
1 5 0 0 152
5 1 1 0 152
1 5 0 5 152
5 3 1 1 152
5 3 1 4 152
5 3 1 7 152
1 5 6 0 152
1 5 7 0 152
1 5 8 0 152
1 5 9 0 152
1 5 6 5 152
1 5 7 5 152
1 5 8 5 152
1 5 9 5 152
5 3 0 0 153
5 3 5 0 153
5 3 0 3 153
1 5 5 3 153
1 5 6 3 153
1 5 7 3 153
1 5 8 3 153
1 5 9 3 153
5 1 5 8 153
5 1 5 9 153
5 1 0 6 153
5 1 0 7 153
5 1 0 8 153
5 1 0 9 153
5 1 0 0 154
5 1 5 0 154
5 3 0 1 154
5 3 5 1 154
5 3 0 4 154
5 3 0 7 154
5 3 5 4 154
5 3 5 7 154
5 3 0 0 155
5 3 5 0 155
5 3 0 3 155
5 1 0 6 155
5 1 0 7 155
5 1 0 8 155
5 1 0 9 155
1 5 5 3 155
1 5 6 3 155
1 5 7 3 155
1 5 8 3 155
1 5 9 3 155
5 1 5 8 155
5 1 5 9 155
5 1 0 0 156
5 1 5 0 156
5 3 0 1 156
5 3 5 1 156
5 3 0 4 156
5 3 0 7 156
5 3 5 4 156
5 3 5 7 156
5 3 0 0 157
5 3 5 0 157
5 3 0 3 157
5 1 0 6 157
1 5 5 3 157
1 5 6 3 157
1 5 7 3 157
5 1 0 7 157
1 5 8 3 157
1 5 9 3 157
5 1 0 8 157
5 1 0 9 157
5 1 5 8 157
5 1 5 9 157
5 3 0 0 158
5 3 5 0 158
1 5 0 3 158
1 5 1 3 158
1 5 2 3 158
1 5 3 3 158
1 5 4 3 158
5 1 0 8 158
1 5 5 3 158
1 5 6 3 158
5 1 0 9 158
1 5 7 3 158
1 5 8 3 158
5 1 5 8 158
5 1 5 9 158
1 5 9 3 158
1 5 0 0 159
1 5 0 5 159
5 1 1 0 159
5 3 1 1 159
5 3 1 4 159
5 3 1 7 159
1 5 6 0 159
1 5 7 0 159
1 5 8 0 159
1 5 9 0 159
1 5 6 5 159
1 5 7 5 159
1 5 8 5 159
1 5 9 5 159
5 3 0 0 160
5 3 5 0 160
5 3 0 3 160
5 1 0 6 160
5 1 0 7 160
5 1 0 8 160
5 1 0 9 160
1 5 5 3 160
1 5 6 3 160
1 5 7 3 160
1 5 8 3 160
5 1 5 8 160
5 1 5 9 160
1 5 9 3 160
5 3 0 0 161
5 3 5 0 161
5 1 0 3 161
5 1 5 3 161
5 1 0 4 161
5 1 0 5 161
5 1 0 6 161
5 1 0 7 161
1 5 5 4 161
1 5 6 4 161
1 5 7 4 161
1 5 8 4 161
5 1 0 8 161
1 5 9 4 161
5 1 0 9 161
5 1 5 9 161
5 1 0 0 162
5 1 5 0 162
5 3 0 1 162
5 3 5 1 162
5 3 0 4 162
5 3 0 7 162
5 3 5 4 162
5 3 5 7 162
5 3 0 0 163
5 3 5 0 163
5 3 0 3 163
1 5 5 3 163
5 1 0 6 163
1 5 6 3 163
5 1 0 7 163
1 5 7 3 163
5 1 0 8 163
5 1 0 9 163
1 5 8 3 163
1 5 9 3 163
5 1 5 8 163
5 1 5 9 163
1 5 0 0 164
1 5 0 5 164
1 5 1 0 164
5 3 2 0 164
5 3 2 3 164
5 3 2 6 164
1 5 1 5 164
5 1 2 9 164
1 5 7 0 164
1 5 8 0 164
1 5 9 0 164
1 5 7 5 164
1 5 8 5 164
1 5 9 5 164
5 3 0 0 165
5 3 5 0 165
5 3 0 3 165
5 1 0 6 165
5 1 0 7 165
5 1 0 8 165
1 5 5 3 165
5 1 0 9 165
1 5 6 3 165
1 5 7 3 165
1 5 8 3 165
1 5 9 3 165
5 1 5 8 165
5 1 5 9 165
5 1 0 0 166
5 1 5 0 166
5 3 0 1 166
5 3 5 1 166
5 3 0 4 166
5 3 0 7 166
5 3 5 4 166
5 3 5 7 166
5 3 0 0 167
5 3 5 0 167
5 3 0 3 167
5 1 0 6 167
1 5 5 3 167
1 5 6 3 167
1 5 7 3 167
1 5 8 3 167
1 5 9 3 167
5 1 5 8 167
5 1 5 9 167
5 1 0 7 167
5 1 0 8 167
5 1 0 9 167
5 1 0 0 168
5 1 5 0 168
5 1 0 1 168
5 3 0 2 168
5 3 0 5 168
5 3 5 1 168
5 3 5 4 168
5 3 5 7 168
5 1 0 8 168
5 1 0 9 168
5 3 0 0 169
5 3 5 0 169
5 3 0 3 169
5 1 0 6 169
5 1 0 7 169
5 1 0 8 169
5 1 0 9 169
5 1 5 3 169
5 1 5 4 169
1 5 5 5 169
1 5 6 5 169
1 5 7 5 169
1 5 8 5 169
1 5 9 5 169
5 1 0 0 170
5 1 5 0 170
5 1 0 1 170
5 3 0 2 170
5 3 0 5 170
5 3 5 1 170
5 3 5 4 170
5 3 5 7 170
5 1 0 8 170
5 1 0 9 170
6 2 0 0 171
6 2 0 2 171
6 2 0 4 171
1 5 6 0 171
5 1 0 6 171
1 5 7 0 171
1 5 8 0 171
5 1 0 7 171
5 1 0 8 171
5 1 0 9 171
1 5 9 0 171
1 5 6 5 171
1 5 7 5 171
1 5 8 5 171
1 5 9 5 171
5 1 0 0 172
5 1 5 0 172
6 2 0 1 172
6 2 0 3 172
6 2 0 5 172
6 2 0 7 172
5 1 0 9 172
1 5 6 1 172
1 5 7 1 172
1 5 8 1 172
1 5 9 1 172
2 3 6 6 172
2 3 8 6 172
6 2 0 0 173
6 2 0 2 173
6 2 0 4 173
5 1 0 6 173
5 1 0 7 173
5 1 0 8 173
5 1 0 9 173
1 5 6 0 173
1 5 7 0 173
1 5 8 0 173
1 5 9 0 173
1 5 6 5 173
1 5 7 5 173
1 5 8 5 173
1 5 9 5 173
5 1 0 0 174
5 1 5 0 174
6 2 0 1 174
6 2 0 3 174
6 2 0 5 174
6 2 0 7 174
5 1 0 9 174
1 5 6 1 174
1 5 7 1 174
1 5 8 1 174
1 5 9 1 174
2 3 6 6 174
2 3 8 6 174
6 2 0 0 175
6 2 0 2 175
6 2 0 4 175
5 1 0 6 175
5 1 0 7 175
5 1 0 8 175
5 1 0 9 175
1 5 6 0 175
1 5 7 0 175
1 5 8 0 175
1 5 9 0 175
1 5 6 5 175
1 5 7 5 175
1 5 8 5 175
1 5 9 5 175
6 2 0 0 176
6 2 0 2 176
5 1 0 4 176
5 1 0 5 176
5 1 0 6 176
5 1 0 7 176
5 1 0 8 176
5 1 0 9 176
5 1 5 4 176
5 1 5 5 176
5 1 5 6 176
5 1 5 7 176
5 1 5 8 176
5 1 5 9 176
3 2 6 0 176
3 2 6 2 176
5 1 0 0 177
5 1 5 0 177
5 1 0 1 177
6 2 0 2 177
6 2 0 4 177
6 2 0 6 177
6 2 0 8 177
1 5 6 2 177
5 1 5 1 177
1 5 7 2 177
1 5 8 2 177
1 5 9 2 177
3 2 6 7 177
6 2 0 0 178
6 2 0 2 178
6 2 0 4 178
5 1 0 6 178
5 1 0 7 178
5 1 0 8 178
1 5 6 0 178
5 1 0 9 178
1 5 7 0 178
1 5 8 0 178
1 5 9 0 178
1 5 6 5 178
1 5 7 5 178
1 5 8 5 178
1 5 9 5 178
6 2 0 0 179
6 2 0 2 179
5 1 0 4 179
5 1 0 5 179
5 1 0 6 179
5 1 0 7 179
5 1 0 8 179
5 1 0 9 179
5 1 5 4 179
5 1 5 5 179
5 1 5 6 179
5 1 5 7 179
5 1 5 8 179
5 1 5 9 179
2 3 6 0 179
2 3 8 0 179
1 5 0 0 180
5 1 1 0 180
1 5 0 5 180
6 2 1 1 180
6 2 1 3 180
6 2 1 5 180
6 2 1 7 180
1 5 7 1 180
5 1 1 9 180
1 5 8 1 180
2 3 7 6 180
1 9 9 1 180
6 2 0 0 181
6 2 0 2 181
6 2 0 4 181
5 1 0 6 181
5 1 0 7 181
5 1 0 8 181
3 2 6 0 181
2 3 6 2 181
3 2 6 5 181
3 2 6 7 181
2 3 8 2 181
2 3 0 0 182
3 2 2 0 182
3 2 5 0 182
6 2 2 2 182
6 2 2 4 182
6 2 2 6 182
6 2 2 8 182
2 3 0 3 182
2 3 0 6 182
2 3 8 0 182
2 3 8 3 182
2 3 8 6 182
6 2 0 0 183
6 2 0 2 183
6 2 0 4 183
3 2 0 6 183
3 2 0 8 183
2 3 3 6 183
3 2 6 0 183
3 2 6 2 183
3 2 6 4 183
2 3 5 6 183
2 3 7 6 183
1 9 9 0 183
6 2 0 0 184
6 2 0 2 184
3 2 6 0 184
3 2 6 2 184
3 2 0 4 184
3 2 0 6 184
3 2 0 8 184
3 2 3 4 184
2 3 3 6 184
3 2 6 4 184
2 3 5 6 184
3 2 7 6 184
3 2 7 8 184
3 2 0 0 185
3 2 3 0 185
3 2 6 0 185
6 2 0 2 185
6 2 0 4 185
6 2 0 6 185
6 2 0 8 185
3 2 6 2 185
2 3 6 4 185
3 2 6 7 185
2 3 8 4 185
6 2 0 0 186
6 2 0 2 186
6 2 0 4 186
2 3 0 6 186
2 3 2 6 186
2 3 4 6 186
2 3 6 0 186
3 2 6 3 186
3 2 6 5 186
2 3 8 0 186
2 3 6 7 186
2 3 8 7 186
6 2 0 0 187
6 2 0 2 187
3 2 6 0 187
2 3 0 4 187
2 3 0 7 187
3 2 6 2 187
3 2 2 4 187
2 3 2 6 187
2 3 5 4 187
2 3 5 7 187
2 3 7 4 187
2 3 7 7 187
1 9 9 0 187
3 2 0 0 188
3 2 3 0 188
2 3 0 2 188
6 2 2 2 188
6 2 2 4 188
6 2 2 6 188
6 2 2 8 188
3 2 6 0 188
2 3 0 5 188
2 3 8 2 188
2 3 8 5 188
6 2 0 0 189
6 2 0 2 189
6 2 0 4 189
3 2 0 6 189
2 3 3 6 189
2 3 6 0 189
3 2 0 8 189
3 2 6 3 189
2 3 8 0 189
2 3 6 5 189
2 3 8 5 189
3 2 6 8 189
6 2 0 0 190
6 2 0 2 190
6 2 0 4 190
3 2 0 6 190
2 3 3 6 190
2 3 6 0 190
3 2 0 8 190
3 2 6 3 190
3 2 6 5 190
2 3 8 0 190
2 3 6 7 190
2 3 8 7 190
6 2 0 0 191
6 2 0 2 191
3 2 6 0 191
3 2 6 2 191
3 2 0 4 191
2 3 0 6 191
3 2 3 4 191
3 2 2 6 191
3 2 2 8 191
2 3 6 4 191
2 3 8 4 191
3 2 6 7 191
3 2 0 0 192
3 2 3 0 192
2 3 0 2 192
6 2 2 2 192
6 2 2 4 192
6 2 2 6 192
6 2 2 8 192
3 2 6 0 192
2 3 0 5 192
2 3 8 2 192
2 3 8 5 192
6 2 0 0 193
6 2 0 2 193
6 2 0 4 193
2 3 0 6 193
2 3 2 6 193
2 3 4 6 193
3 2 6 0 193
3 2 6 2 193
2 3 6 4 193
3 2 6 7 193
2 3 8 4 193
9 1 0 9 193
3 2 0 0 194
2 3 0 2 194
2 3 0 5 194
6 2 3 0 194
6 2 2 2 194
6 2 2 4 194
6 2 2 6 194
6 2 0 8 194
2 3 8 2 194
2 3 8 5 194
3 2 6 8 194
6 2 0 0 195
6 2 0 2 195
6 2 0 4 195
2 3 0 6 195
3 2 2 6 195
3 2 2 8 195
3 2 6 0 195
2 3 6 2 195
3 2 6 5 195
3 2 6 7 195
2 3 8 2 195
6 2 0 0 196
6 2 0 2 196
3 2 6 0 196
2 3 0 4 196
2 3 0 7 196
3 2 6 2 196
3 2 2 4 196
2 3 2 6 196
3 2 5 4 196
2 3 4 6 196
2 3 6 6 196
2 3 8 4 196
2 3 8 7 196
3 2 0 0 197
3 2 3 0 197
3 2 6 0 197
6 2 0 2 197
6 2 0 4 197
6 2 0 6 197
6 2 0 8 197
2 3 6 2 197
3 2 6 5 197
2 3 8 2 197
2 3 6 7 197
2 3 8 7 197
6 2 0 0 198
6 2 0 2 198
6 2 0 4 198
3 2 0 6 198
2 3 3 6 198
3 2 0 8 198
3 2 6 0 198
3 2 6 2 198
3 2 6 4 198
3 2 5 6 198
2 3 8 6 198
3 2 5 8 198
2 3 0 0 199
2 3 0 3 199
6 2 2 0 199
6 2 2 2 199
6 2 2 4 199
6 2 0 6 199
6 2 0 8 199
3 2 6 6 199
2 3 8 0 199
3 2 6 8 199
2 3 8 3 199
6 2 0 0 200
6 2 0 2 200
6 2 0 4 200
2 3 0 6 200
2 3 2 6 200
3 2 6 0 200
2 3 4 6 200
2 3 6 2 200
3 2 6 5 200
2 3 8 2 200
2 3 6 7 200
2 3 8 7 200
3 2 0 0 201
3 2 3 0 201
6 2 0 2 201
6 2 0 4 201
6 2 0 6 201
6 2 0 8 201
2 3 6 0 201
2 3 8 0 201
2 3 6 3 201
2 3 8 3 201
3 2 6 6 201
3 2 6 8 201
6 2 0 0 202
6 2 0 2 202
6 2 0 4 202
3 2 0 6 202
3 2 0 8 202
3 2 3 6 202
3 2 3 8 202
3 2 6 0 202
2 3 6 2 202
3 2 6 5 202
2 3 8 2 202
2 3 6 7 202
2 3 8 7 202
6 2 0 0 203
6 2 0 2 203
3 2 6 0 203
3 2 6 2 203
3 2 0 4 203
3 2 0 6 203
2 3 3 4 203
3 2 0 8 203
3 2 5 4 203
2 3 3 7 203
2 3 5 6 203
2 3 7 6 203
2 3 0 0 204
3 2 2 0 204
3 2 5 0 204
6 2 2 2 204
6 2 2 4 204
6 2 2 6 204
6 2 2 8 204
2 3 0 3 204
2 3 0 6 204
2 3 8 0 204
2 3 8 3 204
2 3 8 6 204
6 2 0 0 205
6 2 0 2 205
6 2 0 4 205
3 2 0 6 205
2 3 3 6 205
3 2 0 8 205
3 2 6 0 205
3 2 6 2 205
3 2 6 4 205
3 2 5 6 205
2 3 8 6 205
3 2 5 8 205
6 2 0 0 206
6 2 0 2 206
3 2 6 0 206
3 2 6 2 206
2 3 0 4 206
2 3 0 7 206
3 2 2 4 206
2 3 2 6 206
3 2 5 4 206
2 3 4 6 206
3 2 6 6 206
3 2 6 8 206
2 3 0 0 207
2 3 0 3 207
2 3 0 6 207
6 2 2 0 207
6 2 2 2 207
6 2 2 4 207
6 2 2 6 207
6 2 2 8 207
2 4 8 0 207
2 4 8 4 207
6 2 0 0 208
6 2 0 2 208
6 2 0 4 208
3 2 0 6 208
3 2 0 8 208
2 3 3 6 208
3 2 6 0 208
3 2 6 2 208
3 2 6 4 208
3 2 5 6 208
3 2 5 8 208
2 4 8 6 208
4 2 0 0 209
4 2 4 0 209
4 2 0 2 209
6 2 4 2 209
6 2 0 4 209
6 2 0 6 209
6 2 0 8 209
4 2 6 4 209
2 4 6 6 209
2 4 8 6 209
6 2 0 0 210
6 2 0 2 210
6 2 0 4 210
4 2 0 6 210
4 2 0 8 210
2 4 4 6 210
4 2 6 0 210
2 4 6 2 210
2 4 8 2 210
4 2 6 6 210
4 2 6 8 210
2 4 0 0 211
4 2 2 0 211
4 2 6 0 211
6 2 2 2 211
6 2 0 4 211
6 2 0 6 211
6 2 0 8 211
2 4 6 4 211
2 4 8 2 211
2 4 8 6 211
6 2 0 0 212
6 2 0 2 212
6 2 0 4 212
4 2 0 6 212
2 4 4 6 212
4 2 0 8 212
2 4 6 0 212
2 4 8 0 212
4 2 6 4 212
4 2 6 6 212
4 2 6 8 212
2 4 0 0 213
2 4 0 4 213
2 4 2 0 213
6 2 4 0 213
6 2 4 2 213
6 2 2 4 213
6 2 2 6 213
6 2 0 8 213
2 4 8 4 213
4 2 6 8 213
6 2 0 0 214
6 2 0 2 214
6 2 0 4 214
4 2 0 6 214
2 4 4 6 214
4 2 0 8 214
2 4 6 0 214
4 2 6 4 214
4 2 6 6 214
2 4 8 0 214
4 2 6 8 214
6 2 0 0 215
6 2 0 2 215
2 4 6 0 215
2 4 8 0 215
4 2 0 4 215
4 2 0 6 215
2 4 4 4 215
2 4 6 4 215
4 2 0 8 215
4 2 4 8 215
2 4 8 4 215
4 2 0 0 216
4 2 4 0 216
4 2 0 2 216
6 2 4 2 216
6 2 0 4 216
6 2 0 6 216
6 2 0 8 216
2 4 6 4 216
2 4 8 4 216
4 2 6 8 216
6 2 0 0 217
6 2 0 2 217
6 2 0 4 217
4 2 0 6 217
4 2 0 8 217
2 4 4 6 217
4 2 6 0 217
2 4 6 2 217
4 2 6 6 217
4 2 6 8 217
2 4 8 2 217
4 2 0 0 218
4 2 4 0 218
6 2 0 2 218
6 2 0 4 218
6 2 0 6 218
6 2 0 8 218
2 4 6 2 218
2 4 6 6 218
2 4 8 0 218
2 4 8 4 218
6 2 0 0 219
6 2 0 2 219
6 2 0 4 219
2 4 0 6 219
2 4 2 6 219
4 2 6 0 219
2 4 4 6 219
4 2 6 2 219
4 2 6 4 219
4 2 6 6 219
4 2 6 8 219
4 2 0 0 220
4 2 4 0 220
4 2 0 2 220
6 2 4 2 220
6 2 0 4 220
6 2 0 6 220
6 2 0 8 220
2 4 6 4 220
2 4 8 4 220
4 2 6 8 220
6 2 0 0 221
6 2 0 2 221
6 2 0 4 221
4 2 0 6 221
4 2 0 8 221
2 4 4 6 221
4 2 6 0 221
2 4 6 2 221
2 4 8 2 221
4 2 6 6 221
4 2 6 8 221
2 4 0 0 222
2 4 0 4 222
2 4 2 0 222
6 2 4 0 222
6 2 4 2 222
6 2 2 4 222
6 2 2 6 222
6 2 0 8 222
2 4 8 4 222
4 2 6 8 222
6 2 0 0 223
6 2 0 2 223
6 2 0 4 223
2 4 0 6 223
2 4 2 6 223
4 2 6 0 223
2 4 4 6 223
4 2 6 2 223
4 2 6 4 223
4 2 6 6 223
4 2 6 8 223
2 4 0 0 224
2 4 0 4 224
2 4 2 0 224
6 2 4 0 224
6 2 4 2 224
6 2 2 4 224
6 2 2 6 224
6 2 0 8 224
2 4 8 4 224
4 2 6 8 224
6 2 0 0 225
6 2 0 2 225
6 2 0 4 225
2 4 0 6 225
4 2 2 6 225
4 2 2 8 225
2 4 6 0 225
2 4 8 0 225
4 2 6 4 225
4 2 6 6 225
4 2 6 8 225
4 2 0 0 226
2 4 0 2 226
4 2 4 0 226
6 2 2 2 226
6 2 2 4 226
6 2 0 6 226
6 2 0 8 226
2 4 8 0 226
4 2 6 6 226
4 2 6 8 226
6 2 0 0 227
6 2 0 2 227
6 2 0 4 227
2 4 0 6 227
2 4 2 6 227
2 4 4 6 227
4 2 6 0 227
2 4 6 2 227
2 4 8 2 227
4 2 6 6 227
4 2 6 8 227
2 4 0 0 228
4 2 2 0 228
4 2 6 0 228
6 2 2 2 228
6 2 0 4 228
6 2 0 6 228
6 2 0 8 228
2 4 6 4 228
2 4 8 2 228
2 4 8 6 228
6 2 0 0 229
6 2 0 2 229
6 2 0 4 229
4 2 0 6 229
2 4 4 6 229
2 4 6 0 229
4 2 0 8 229
2 4 8 0 229
2 4 6 4 229
2 4 8 4 229
4 2 6 8 229
2 4 0 0 230
2 4 0 4 230
2 4 2 0 230
6 2 4 0 230
6 2 4 2 230
6 2 2 4 230
6 2 2 6 230
6 2 0 8 230
2 4 8 4 230
4 2 6 8 230
6 2 0 0 231
6 2 0 2 231
6 2 0 4 231
4 2 0 6 231
2 4 4 6 231
4 2 0 8 231
4 2 6 0 231
4 2 6 2 231
4 2 6 4 231
2 4 6 6 231
2 4 8 6 231
4 2 0 0 232
4 2 4 0 232
2 4 0 2 232
6 2 2 2 232
6 2 2 4 232
6 2 0 6 232
6 2 0 8 232
4 2 6 6 232
2 4 8 0 232
4 2 6 8 232
6 2 0 0 233
6 2 0 2 233
6 2 0 4 233
2 4 0 6 233
2 4 2 6 233
2 4 4 6 233
2 4 6 0 233
2 4 8 0 233
2 4 6 4 233
2 4 8 4 233
4 2 6 8 233
4 2 0 0 234
2 4 0 2 234
4 2 4 0 234
6 2 2 2 234
6 2 2 4 234
6 2 0 6 234
6 2 0 8 234
2 4 8 0 234
4 2 6 6 234
4 2 6 8 234
6 2 0 0 235
6 2 0 2 235
6 2 0 4 235
2 4 0 6 235
4 2 2 6 235
2 4 6 0 235
2 4 8 0 235
4 2 2 8 235
4 2 6 4 235
4 2 6 6 235
4 2 6 8 235
2 4 0 0 236
2 4 0 4 236
2 4 2 0 236
6 2 4 0 236
6 2 4 2 236
6 2 2 4 236
6 2 2 6 236
6 2 0 8 236
2 4 8 4 236
4 2 6 8 236
6 2 0 0 237
6 2 0 2 237
6 2 0 4 237
2 4 0 6 237
2 4 2 6 237
2 4 4 6 237
2 4 6 0 237
4 2 6 4 237
4 2 6 6 237
4 2 6 8 237
2 4 8 0 237
6 2 0 0 238
6 2 0 2 238
4 2 6 0 238
4 2 6 2 238
2 4 0 4 238
2 4 2 4 238
2 4 4 4 238
4 2 0 8 238
2 4 6 4 238
2 4 8 4 238
4 2 4 8 238
4 2 0 0 239
4 2 4 0 239
2 4 0 2 239
6 2 2 2 239
6 2 2 4 239
6 2 0 6 239
6 2 0 8 239
4 2 6 6 239
2 4 8 0 239
4 2 6 8 239
6 2 0 0 240
6 2 0 2 240
6 2 0 4 240
4 2 0 6 240
4 2 0 8 240
2 4 4 6 240
2 4 6 0 240
2 4 8 0 240
2 4 6 4 240
2 4 8 4 240
4 2 6 8 240
4 2 0 0 241
4 2 4 0 241
4 2 0 2 241
6 2 4 2 241
6 2 0 4 241
6 2 0 6 241
6 2 0 8 241
4 2 6 4 241
4 2 6 6 241
4 2 6 8 241
6 2 0 0 242
6 2 0 2 242
6 2 0 4 242
4 2 0 6 242
4 2 0 8 242
2 4 4 6 242
4 2 6 0 242
4 2 6 2 242
4 2 6 4 242
4 2 6 6 242
4 2 6 8 242
2 4 0 0 243
2 4 0 4 243
2 4 2 0 243
6 2 4 0 243
6 2 4 2 243
6 2 2 4 243
6 2 2 6 243
6 2 0 8 243
2 5 8 4 243
2 4 0 0 244
2 4 0 4 244
6 2 2 0 244
2 5 2 2 244
2 5 4 2 244
2 5 6 2 244
2 5 8 0 244
3 3 2 7 244
3 3 5 7 244
2 5 8 5 244
2 5 0 0 245
2 5 0 5 245
2 5 2 0 245
2 4 2 5 245
2 4 4 0 245
4 2 6 0 245
4 2 6 2 245
2 4 4 4 245
3 3 6 4 245
3 3 6 7 245
9 1 0 0 246
9 1 0 1 246
9 1 0 2 246
2 5 0 3 246
2 5 2 3 246
2 5 4 3 246
2 5 6 3 246
2 5 8 3 246
9 1 0 8 246
9 1 0 9 246
2 5 0 0 247
2 5 0 5 247
2 5 2 0 247
2 5 2 5 247
2 5 4 0 247
2 5 6 0 247
2 5 8 0 247
2 5 4 5 247
2 5 6 5 247
2 5 8 5 247
9 1 0 0 248
9 1 0 1 248
9 1 0 2 248
2 5 0 3 248
2 5 2 3 248
2 5 4 3 248
2 5 6 3 248
2 5 8 3 248
9 1 0 8 248
9 1 0 9 248
2 5 0 0 249
2 5 0 5 249
2 5 2 0 249
2 5 2 5 249
2 5 4 0 249
2 5 6 0 249
2 5 8 0 249
2 5 4 5 249
2 5 6 5 249
2 5 8 5 249
9 1 0 0 250
9 1 0 1 250
2 5 0 2 250
2 5 2 2 250
2 5 4 2 250
2 5 6 2 250
2 5 8 2 250
9 1 0 7 250
9 1 0 8 250
9 1 0 9 250
2 5 0 0 251
2 5 0 5 251
2 5 2 0 251
2 5 2 5 251
2 5 4 0 251
2 5 6 0 251
2 5 8 0 251
2 5 4 5 251
2 5 6 5 251
2 5 8 5 251
9 1 0 0 252
9 1 0 1 252
9 1 0 2 252
2 5 0 3 252
2 5 2 3 252
2 5 4 3 252
2 5 6 3 252
2 5 8 3 252
9 1 0 8 252
9 1 0 9 252
2 5 0 0 253
2 5 0 5 253
2 5 2 0 253
3 3 4 0 253
3 3 7 0 253
3 3 4 3 253
2 5 2 5 253
3 3 7 3 253
3 3 4 6 253
3 3 7 6 253
9 1 0 0 254
9 1 0 1 254
9 1 0 2 254
2 5 0 3 254
2 5 2 3 254
2 5 4 3 254
2 5 6 3 254
2 5 8 3 254
9 1 0 8 254
9 1 0 9 254
2 5 0 0 255
2 5 0 5 255
2 5 2 0 255
1 9 4 0 255
2 5 2 5 255
2 5 5 0 255
2 5 7 0 255
2 5 5 5 255
2 5 7 5 255
1 9 9 0 255
9 1 0 0 256
9 1 0 1 256
2 5 0 2 256
2 5 2 2 256
2 5 4 2 256
2 5 6 2 256
2 5 8 2 256
9 1 0 7 256
9 1 0 8 256
9 1 0 9 256
2 5 0 0 257
2 5 0 5 257
2 5 2 0 257
2 5 2 5 257
2 5 4 0 257
2 5 6 0 257
2 5 8 0 257
2 5 4 5 257
2 5 6 5 257
2 5 8 5 257
9 1 0 0 258
9 1 0 1 258
9 1 0 2 258
2 5 0 3 258
2 5 2 3 258
2 5 4 3 258
2 5 6 3 258
2 5 8 3 258
9 1 0 8 258
9 1 0 9 258
2 5 0 0 259
2 5 0 5 259
2 5 2 0 259
1 9 4 0 259
1 9 5 0 259
1 9 6 0 259
2 5 2 5 259
2 5 7 0 259
2 5 7 5 259
1 9 9 0 259
9 1 0 0 260
9 1 0 1 260
2 5 0 2 260
2 5 2 2 260
2 5 4 2 260
2 5 6 2 260
2 5 8 2 260
9 1 0 7 260
9 1 0 8 260
9 1 0 9 260
2 5 0 0 261
2 5 0 5 261
2 5 2 0 261
3 3 4 0 261
2 5 2 5 261
2 5 4 3 261
2 5 6 3 261
2 5 8 3 261
3 3 7 0 261
9 1 0 0 262
9 1 0 1 262
9 1 0 2 262
2 5 0 3 262
2 5 2 3 262
2 5 4 3 262
2 5 6 3 262
2 5 8 3 262
9 1 0 8 262
9 1 0 9 262
2 5 0 0 263
2 5 0 5 263
2 5 2 0 263
2 5 2 5 263
2 5 4 0 263
2 5 6 0 263
2 5 8 0 263
2 5 4 5 263
2 5 6 5 263
2 5 8 5 263
9 1 0 0 264
9 1 0 1 264
9 1 0 2 264
2 5 0 3 264
2 5 2 3 264
2 5 4 3 264
2 5 6 3 264
2 5 8 3 264
9 1 0 8 264
9 1 0 9 264
2 5 0 0 265
2 5 0 5 265
2 5 2 0 265
1 9 4 0 265
1 9 5 0 265
1 9 6 0 265
2 5 2 5 265
2 5 7 0 265
2 5 7 5 265
1 9 9 0 265
9 1 0 0 266
9 1 0 1 266
9 1 0 2 266
2 5 0 3 266
2 5 2 3 266
2 5 4 3 266
2 5 6 3 266
2 5 8 3 266
9 1 0 8 266
9 1 0 9 266
2 5 0 0 267
2 5 0 5 267
2 5 2 0 267
2 5 2 5 267
2 5 4 0 267
2 5 6 0 267
2 5 8 0 267
2 5 4 5 267
2 5 6 5 267
2 5 8 5 267
9 1 0 0 268
9 1 0 1 268
9 1 0 2 268
2 5 0 3 268
2 5 2 3 268
2 5 4 3 268
2 5 6 3 268
2 5 8 3 268
9 1 0 8 268
9 1 0 9 268
2 5 0 0 269
2 5 0 5 269
2 5 2 0 269
3 3 4 0 269
2 5 2 5 269
2 5 4 3 269
2 5 6 3 269
2 5 8 3 269
3 3 7 0 269
9 1 0 0 270
9 1 0 1 270
9 1 0 2 270
2 5 0 3 270
2 5 2 3 270
2 5 4 3 270
2 5 6 3 270
2 5 8 3 270
9 1 0 8 270
9 1 0 9 270
2 5 0 0 271
2 5 0 5 271
2 5 2 0 271
1 9 4 0 271
2 5 2 5 271
2 5 5 0 271
2 5 7 0 271
2 5 5 5 271
2 5 7 5 271
1 9 9 0 271
9 1 0 0 272
9 1 0 1 272
2 5 0 2 272
2 5 2 2 272
2 5 4 2 272
2 5 6 2 272
2 5 8 2 272
3 3 0 7 272
3 3 3 7 272
3 3 6 7 272
2 5 0 0 273
2 5 0 5 273
2 5 2 0 273
2 5 2 5 273
2 5 4 0 273
2 5 6 0 273
2 5 8 0 273
2 5 4 5 273
2 5 6 5 273
2 5 8 5 273
9 1 0 0 274
9 1 0 1 274
2 5 0 2 274
2 5 2 2 274
2 5 4 2 274
2 5 6 2 274
2 5 8 2 274
9 1 0 7 274
9 1 0 8 274
9 1 0 9 274
2 5 0 0 275
2 5 0 5 275
2 5 2 0 275
1 9 4 0 275
1 9 5 0 275
2 5 2 5 275
2 5 6 0 275
2 5 8 0 275
2 5 6 5 275
2 5 8 5 275
9 1 0 0 276
9 1 0 1 276
9 1 0 2 276
2 5 0 3 276
2 5 2 3 276
2 5 4 3 276
2 5 6 3 276
2 5 8 3 276
9 1 0 8 276
9 1 0 9 276
2 5 0 0 277
2 5 0 5 277
2 5 2 0 277
2 5 2 5 277
2 5 4 0 277
2 5 6 0 277
2 5 8 0 277
2 5 4 5 277
2 5 6 5 277
2 5 8 5 277
9 1 0 0 278
9 1 0 1 278
9 1 0 2 278
2 5 0 3 278
2 5 2 3 278
2 5 4 3 278
2 5 6 3 278
2 5 8 3 278
9 1 0 8 278
9 1 0 9 278
2 5 0 0 279
2 5 0 5 279
2 5 2 0 279
2 5 2 5 279
2 5 4 0 279
2 5 6 0 279
2 5 8 0 279
2 5 4 5 279
2 5 6 5 279
2 5 8 5 279
9 1 0 0 280
9 1 0 1 280
9 1 0 2 280
2 5 0 3 280
2 5 2 3 280
2 5 4 3 280
2 5 6 3 280
2 5 8 3 280
9 1 0 8 280
9 1 0 9 280
2 5 0 0 281
2 5 0 5 281
2 5 2 0 281
1 9 4 0 281
3 3 5 0 281
2 5 2 5 281
2 5 5 3 281
2 5 7 3 281
9 1 0 0 282
9 1 0 1 282
2 5 0 2 282
3 3 2 2 282
3 3 2 5 282
3 3 5 2 282
3 3 5 5 282
9 1 0 0 283
1 9 0 1 283
9 1 1 1 283
9 1 1 2 283
9 1 1 3 283
9 1 1 4 283
9 1 1 5 283
9 1 1 6 283
9 1 1 7 283
9 1 1 8 283
9 1 1 9 283
1 9 0 0 284
1 9 1 0 284
1 9 2 0 284
1 9 3 0 284
1 9 4 0 284
3 3 5 0 284
3 3 5 3 284
3 3 5 6 284
1 9 8 0 284
9 1 0 9 284
1 9 9 0 284
9 1 0 0 285
9 1 0 1 285
9 1 0 2 285
9 1 0 3 285
9 1 0 4 285
9 1 0 5 285
9 1 0 6 285
9 1 0 7 285
9 1 0 8 285
9 1 0 9 285
1 9 9 0 285
9 1 0 0 286
3 3 0 1 286
3 3 0 4 286
3 3 0 7 286
3 3 3 1 286
3 3 6 1 286
3 3 3 4 286
3 3 3 7 286
3 3 6 4 286
3 3 6 7 286
1 9 9 0 286
9 1 0 0 287
9 1 0 1 287
9 1 0 2 287
9 1 0 3 287
9 1 0 4 287
9 1 0 5 287
9 1 0 6 287
9 1 0 7 287
9 1 0 8 287
9 1 0 9 287
1 9 9 0 287
9 1 0 0 288
9 1 0 1 288
9 1 0 2 288
9 1 0 3 288
9 1 0 4 288
9 1 0 5 288
9 1 0 6 288
9 1 0 7 288
9 1 0 8 288
1 9 9 0 288
9 1 0 9 288
1 9 0 0 289
9 1 1 0 289
1 9 1 1 289
3 3 2 1 289
3 3 5 1 289
3 3 2 4 289
3 3 2 7 289
3 3 5 4 289
3 3 5 7 289
1 9 8 1 289
1 9 9 1 289
9 1 0 0 290
9 1 0 1 290
9 1 0 2 290
9 1 0 3 290
9 1 0 4 290
9 1 0 5 290
9 1 0 6 290
9 1 0 7 290
9 1 0 8 290
9 1 0 9 290
1 9 9 0 290
9 1 0 0 291
9 1 0 1 291
9 1 0 2 291
9 1 0 3 291
9 1 0 4 291
9 1 0 5 291
9 1 0 6 291
9 1 0 7 291
9 1 0 8 291
9 1 0 9 291
1 9 9 0 291
9 1 0 0 292
9 1 0 1 292
9 1 0 2 292
9 1 0 3 292
9 1 0 4 292
9 1 0 5 292
9 1 0 6 292
9 1 0 7 292
9 1 0 8 292
9 1 0 9 292
1 9 9 0 292
1 9 0 0 293
1 9 1 0 293
1 9 2 0 293
3 3 3 0 293
3 3 6 0 293
3 3 3 3 293
3 3 3 6 293
3 3 6 3 293
3 3 6 6 293
9 1 0 9 293
1 9 9 0 293
9 1 0 0 294
9 1 0 1 294
9 1 0 2 294
9 1 0 3 294
9 1 0 4 294
9 1 0 5 294
9 1 0 6 294
9 1 0 7 294
9 1 0 8 294
9 1 0 9 294
1 9 9 0 294
1 9 0 0 295
1 9 1 0 295
1 9 2 0 295
1 9 3 0 295
1 9 4 0 295
1 9 5 0 295
3 3 6 0 295
3 3 6 3 295
3 3 6 6 295
9 1 0 9 295
1 9 9 0 295
9 1 0 0 296
9 1 0 1 296
9 1 0 2 296
9 1 0 3 296
9 1 0 4 296
9 1 0 5 296
9 1 0 6 296
9 1 0 7 296
9 1 0 8 296
1 9 9 0 296
9 1 0 9 296
1 9 0 0 297
1 9 1 0 297
1 9 2 0 297
3 3 3 0 297
3 3 6 0 297
3 3 3 3 297
3 3 3 6 297
3 3 6 3 297
3 3 6 6 297
9 1 0 9 297
1 9 9 0 297
9 1 0 0 298
9 1 0 1 298
9 1 0 2 298
9 1 0 3 298
9 1 0 4 298
9 1 0 5 298
9 1 0 6 298
9 1 0 7 298
9 1 0 8 298
9 1 0 9 298
1 9 9 0 298
1 9 0 0 299
1 9 1 0 299
1 9 2 0 299
1 9 3 0 299
1 9 4 0 299
1 9 5 0 299
1 9 6 0 299
1 9 7 0 299
1 9 8 0 299
9 1 0 9 299
1 9 9 0 299
9 1 0 0 300
9 1 0 1 300
9 1 0 2 300
9 1 0 3 300
9 1 0 4 300
9 1 0 5 300
9 1 0 6 300
9 1 0 7 300
9 1 0 8 300
9 1 0 9 300
1 9 9 0 300
3 3 0 0 301
3 3 0 3 301
3 3 0 6 301
3 3 3 0 301
3 3 6 0 301
3 3 3 3 301
3 3 3 6 301
3 3 6 3 301
3 3 6 6 301
9 1 0 9 301
1 9 9 0 301
9 1 0 0 302
9 1 0 1 302
9 1 0 2 302
9 1 0 3 302
9 1 0 4 302
9 1 0 5 302
9 1 0 6 302
9 1 0 7 302
9 1 0 8 302
1 9 9 0 302
9 1 0 9 302
9 1 0 0 303
1 9 0 1 303
1 9 1 1 303
3 3 2 1 303
3 3 5 1 303
3 3 2 4 303
3 3 2 7 303
3 3 5 4 303
3 3 5 7 303
1 9 8 1 303
1 9 9 0 303
9 1 0 0 304
9 1 0 1 304
9 1 0 2 304
9 1 0 3 304
9 1 0 4 304
9 1 0 5 304
9 1 0 6 304
9 1 0 7 304
9 1 0 8 304
1 9 9 0 304
9 1 0 9 304
9 1 0 0 305
9 1 0 1 305
9 1 0 2 305
9 1 0 3 305
9 1 0 4 305
9 1 0 5 305
9 1 0 6 305
9 1 0 7 305
9 1 0 8 305
1 9 9 0 305
9 1 0 9 305
1 9 0 0 306
1 9 1 0 306
1 9 2 0 306
1 9 3 0 306
1 9 4 0 306
1 9 5 0 306
1 9 6 0 306
1 9 7 0 306
1 9 8 0 306
1 9 9 0 306
9 1 0 9 306
9 1 0 0 307
9 1 0 1 307
9 1 0 2 307
9 1 0 3 307
3 3 0 4 307
3 3 0 7 307
3 3 3 4 307
3 3 3 7 307
3 3 6 4 307
3 3 6 7 307
1 9 9 0 307
9 1 0 0 308
9 1 0 1 308
9 1 0 2 308
9 1 0 3 308
9 1 0 4 308
9 1 0 5 308
9 1 0 6 308
9 1 0 7 308
9 1 0 8 308
9 1 0 9 308
1 9 9 0 308
1 9 0 0 309
1 9 1 0 309
1 9 2 0 309
1 9 3 0 309
3 3 4 0 309
3 3 7 0 309
3 3 4 3 309
3 3 7 3 309
3 3 4 6 309
3 3 7 6 309
9 1 0 9 309
9 1 0 0 310
9 1 0 1 310
9 1 0 2 310
9 1 0 3 310
9 1 0 4 310
9 1 0 5 310
9 1 0 6 310
9 1 0 7 310
9 1 0 8 310
9 1 0 9 310
1 9 9 0 310
9 1 0 0 311
9 1 0 1 311
9 1 0 2 311
9 1 0 3 311
9 1 0 4 311
9 1 0 5 311
9 1 0 6 311
9 1 0 7 311
9 1 0 8 311
9 1 0 9 311
1 9 9 0 311
9 1 0 0 312
9 1 0 1 312
9 1 0 2 312
9 1 0 3 312
9 1 0 4 312
9 1 0 5 312
9 1 0 6 312
9 1 0 7 312
9 1 0 8 312
9 1 0 9 312
1 9 9 0 312
1 9 0 0 313
1 9 1 0 313
1 9 2 0 313
3 3 3 0 313
3 3 6 0 313
3 3 3 3 313
3 3 3 6 313
3 3 6 3 313
3 3 6 6 313
9 1 0 9 313
1 9 9 0 313
9 1 0 0 314
9 1 0 1 314
9 1 0 2 314
9 1 0 3 314
9 1 0 4 314
9 1 0 5 314
9 1 0 6 314
9 1 0 7 314
9 1 0 8 314
1 9 9 0 314
9 1 0 9 314
9 1 0 0 315
9 1 0 1 315
9 1 0 2 315
9 1 0 3 315
9 1 0 4 315
9 1 0 5 315
9 1 0 6 315
9 1 0 7 315
9 1 0 8 315
1 9 9 0 315
9 1 0 9 315
9 1 0 0 316
9 1 0 1 316
9 1 0 2 316
9 1 0 3 316
9 1 0 4 316
9 1 0 5 316
9 1 0 6 316
9 1 0 7 316
9 1 0 8 316
9 1 0 9 316
1 9 9 0 316
1 9 0 0 317
1 9 1 0 317
3 3 2 0 317
3 3 5 0 317
3 3 2 3 317
3 3 2 6 317
3 3 5 3 317
3 3 5 6 317
1 9 8 0 317
9 1 0 9 317
1 9 9 0 317
9 1 0 0 318
9 1 0 1 318
9 1 0 2 318
9 1 0 3 318
3 3 0 4 318
3 3 0 7 318
3 3 3 4 318
3 3 3 7 318
3 3 6 4 318
3 3 6 7 318
1 9 9 0 318
9 1 0 0 319
9 1 0 1 319
9 1 0 2 319
9 1 0 3 319
9 1 0 4 319
9 1 0 5 319
9 1 0 6 319
9 1 0 7 319
9 1 0 8 319
9 1 0 9 319
1 9 9 0 319
9 1 0 0 320
9 1 0 1 320
9 1 0 2 320
9 1 0 3 320
9 1 0 4 320
9 1 0 5 320
9 1 0 6 320
9 1 0 7 320
9 1 0 8 320
9 1 0 9 320
1 9 9 0 320
9 1 0 0 321
9 1 0 1 321
9 1 0 2 321
9 1 0 3 321
9 1 0 4 321
9 1 0 5 321
9 1 0 6 321
3 3 0 7 321
3 3 3 7 321
3 3 6 7 321
1 9 9 0 321
9 1 0 0 322
9 1 0 1 322
9 1 0 2 322
9 1 0 3 322
9 1 0 4 322
9 1 0 5 322
9 1 0 6 322
9 1 0 7 322
9 1 0 8 322
9 1 0 9 322
1 9 9 0 322
9 1 0 0 323
9 1 0 1 323
3 3 0 2 323
3 3 0 5 323
3 3 3 2 323
3 3 6 2 323
3 3 3 5 323
3 3 6 5 323
9 1 0 8 323
9 1 0 9 323
1 9 9 0 323
9 1 0 0 324
9 1 0 1 324
9 1 0 2 324
9 1 0 3 324
9 1 0 4 324
9 1 0 5 324
9 1 0 6 324
9 1 0 7 324
9 1 0 8 324
9 1 0 9 324
1 9 9 0 324
9 1 0 0 325
9 1 0 1 325
9 1 0 2 325
9 1 0 3 325
9 1 0 4 325
9 1 0 5 325
9 1 0 6 325
9 1 0 7 325
9 1 0 8 325
9 1 0 9 325
1 9 9 0 325
3 3 0 0 326
1 9 3 0 326
3 3 0 3 326
3 3 0 6 326
3 3 4 0 326
3 3 7 0 326
3 3 4 3 326
3 3 7 3 326
3 3 4 6 326
3 3 7 6 326
9 1 0 9 326
9 1 0 0 327
9 1 0 1 327
9 1 0 2 327
9 1 0 3 327
9 1 0 4 327
9 1 0 5 327
9 1 0 6 327
9 1 0 7 327
9 1 0 8 327
1 9 9 0 327
9 1 0 9 327
9 1 0 0 328
1 9 0 1 328
9 1 1 1 328
9 1 1 2 328
3 3 1 3 328
3 3 1 6 328
3 3 4 3 328
3 3 7 3 328
3 3 4 6 328
3 3 7 6 328
9 1 1 9 328
1 9 0 0 329
1 9 1 0 329
1 9 2 0 329
1 9 3 0 329
1 9 4 0 329
1 9 5 0 329
3 3 6 0 329
3 3 6 3 329
3 3 6 6 329
9 1 0 9 329
1 9 9 0 329
9 1 0 0 330
9 1 0 1 330
9 1 0 2 330
9 1 0 3 330
9 1 0 4 330
9 1 0 5 330
9 1 0 6 330
9 1 0 7 330
9 1 0 8 330
1 9 9 0 330
9 1 0 9 330
9 1 0 0 331
9 1 0 1 331
9 1 0 2 331
9 1 0 3 331
9 1 0 4 331
3 3 0 5 331
3 3 3 5 331
3 3 6 5 331
9 1 0 8 331
9 1 0 9 331
1 9 9 0 331
1 9 0 0 332
1 9 1 0 332
1 9 2 0 332
1 9 3 0 332
3 3 4 0 332
3 3 7 0 332
3 3 4 3 332
3 3 7 3 332
3 3 4 6 332
3 3 7 6 332
9 1 0 9 332
9 1 0 0 333
9 1 0 1 333
9 1 0 2 333
9 1 0 3 333
9 1 0 4 333
9 1 0 5 333
9 1 0 6 333
9 1 0 7 333
9 1 0 8 333
9 1 0 9 333
1 9 9 0 333
9 1 0 0 334
9 1 0 1 334
9 1 0 2 334
9 1 0 3 334
9 1 0 4 334
9 1 0 5 334
9 1 0 6 334
9 1 0 7 334
9 1 0 8 334
1 9 9 0 334
9 1 0 9 334
1 9 0 0 335
3 3 1 0 335
9 1 1 3 335
3 3 4 0 335
9 1 1 4 335
9 1 1 5 335
3 3 7 0 335
9 1 1 6 335
9 1 1 7 335
9 1 1 8 335
9 1 0 9 335
9 1 0 0 336
1 9 0 1 336
1 9 1 1 336
3 3 2 1 336
3 3 5 1 336
3 3 2 4 336
3 3 2 7 336
3 3 5 4 336
3 3 5 7 336
1 9 8 1 336
1 9 9 0 336
9 1 0 0 337
1 9 0 1 337
9 1 1 1 337
9 1 1 2 337
9 1 1 3 337
9 1 1 4 337
9 1 1 5 337
9 1 1 6 337
9 1 1 7 337
9 1 1 8 337
9 1 1 9 337
1 9 0 0 338
1 9 1 0 338
1 9 2 0 338
1 9 3 0 338
1 9 4 0 338
3 3 5 0 338
3 3 5 3 338
3 3 5 6 338
1 9 8 0 338
1 9 9 0 338
9 1 0 9 338
9 1 0 0 339
9 1 0 1 339
9 1 0 2 339
9 1 0 3 339
9 1 0 4 339
9 1 0 5 339
9 1 0 6 339
3 3 0 7 339
3 3 3 7 339
3 3 6 7 339
1 9 9 0 339
1 9 0 0 340
9 1 1 0 340
9 1 1 1 340
9 1 1 2 340
9 1 1 3 340
9 1 1 4 340
9 1 1 5 340
3 3 1 6 340
3 3 4 6 340
3 3 7 6 340
9 1 0 9 340
9 1 0 0 341
9 1 0 1 341
9 1 0 2 341
9 1 0 3 341
3 3 0 4 341
3 3 0 7 341
3 3 3 4 341
3 3 3 7 341
3 3 6 4 341
3 3 6 7 341
1 9 9 0 341
1 9 0 0 342
1 9 1 0 342
1 9 2 0 342
1 9 3 0 342
1 9 4 0 342
1 9 5 0 342
1 9 6 0 342
3 3 7 0 342
3 3 7 3 342
3 3 7 6 342
9 1 0 9 342
9 1 0 0 343
9 1 0 1 343
9 1 0 2 343
9 1 0 3 343
9 1 0 4 343
9 1 0 5 343
9 1 0 6 343
9 1 0 7 343
9 1 0 8 343
1 9 9 0 343
9 1 0 9 343
9 1 0 0 344
9 1 0 1 344
9 1 0 2 344
9 1 0 3 344
9 1 0 4 344
9 1 0 5 344
9 1 0 6 344
9 1 0 7 344
9 1 0 8 344
9 1 0 9 344
1 9 9 0 344
9 1 0 0 345
9 1 0 1 345
9 1 0 2 345
9 1 0 3 345
9 1 0 4 345
9 1 0 5 345
9 1 0 6 345
9 1 0 7 345
9 1 0 8 345
1 9 9 0 345
9 1 0 9 345
1 9 0 0 346
1 9 1 0 346
1 9 2 0 346
1 9 3 0 346
1 9 4 0 346
3 3 5 0 346
3 3 5 3 346
3 3 5 6 346
1 9 8 0 346
9 1 0 9 346
1 9 9 0 346
9 1 0 0 347
9 1 0 1 347
9 1 0 2 347
9 1 0 3 347
9 1 0 4 347
9 1 0 5 347
3 3 0 6 347
3 3 3 6 347
3 3 6 6 347
1 9 9 0 347
9 1 0 9 347
9 1 0 0 348
9 1 0 1 348
9 1 0 2 348
9 1 0 3 348
9 1 0 4 348
9 1 0 5 348
9 1 0 6 348
3 3 0 7 348
3 3 3 7 348
3 3 6 7 348
1 9 9 0 348
9 1 0 0 349
9 1 0 1 349
9 1 0 2 349
9 1 0 3 349
9 1 0 4 349
3 3 0 5 349
3 3 3 5 349
3 3 6 5 349
9 1 0 8 349
9 1 0 9 349
1 9 9 0 349
1 9 0 0 350
1 9 1 0 350
1 9 2 0 350
1 9 3 0 350
1 9 4 0 350
1 9 5 0 350
3 3 6 0 350
3 3 6 3 350
3 3 6 6 350
9 1 0 9 350
1 9 9 0 350
9 1 0 0 351
9 1 0 1 351
9 1 0 2 351
9 1 0 3 351
9 1 0 4 351
9 1 0 5 351
9 1 0 6 351
9 1 0 7 351
9 1 0 8 351
1 9 9 0 351
9 1 0 9 351
9 1 0 0 352
9 1 0 1 352
9 1 0 2 352
9 1 0 3 352
9 1 0 4 352
9 1 0 5 352
9 1 0 6 352
9 1 0 7 352
9 1 0 8 352
9 1 0 9 352
1 9 9 0 352
1 9 0 0 353
1 9 1 0 353
1 9 2 0 353
1 9 3 0 353
3 3 4 0 353
3 3 7 0 353
3 3 4 3 353
3 3 7 3 353
3 3 4 6 353
3 3 7 6 353
9 1 0 9 353
9 1 0 0 354
9 1 0 1 354
9 1 0 2 354
9 1 0 3 354
9 1 0 4 354
9 1 0 5 354
9 1 0 6 354
9 1 0 7 354
9 1 0 8 354
9 1 0 9 354
1 9 9 0 354
9 1 0 0 355
9 1 0 1 355
9 1 0 2 355
3 3 0 3 355
3 3 0 6 355
3 3 3 3 355
3 3 3 6 355
3 3 6 3 355
3 3 6 6 355
9 1 0 9 355
1 9 9 0 355
9 1 0 0 356
9 1 0 1 356
9 1 0 2 356
9 1 0 3 356
9 1 0 4 356
9 1 0 5 356
9 1 0 6 356
9 1 0 7 356
9 1 0 8 356
9 1 0 9 356
1 9 9 0 356
1 9 0 0 357
1 9 1 0 357
3 3 2 0 357
3 3 5 0 357
3 3 2 3 357
3 3 2 6 357
3 3 5 3 357
3 3 5 6 357
1 9 8 0 357
9 1 0 9 357
1 9 9 0 357
9 1 0 0 358
9 1 0 1 358
9 1 0 2 358
9 1 0 3 358
9 1 0 4 358
9 1 0 5 358
9 1 0 6 358
9 1 0 7 358
9 1 0 8 358
9 1 0 9 358
1 9 9 0 358
9 1 0 0 359
9 1 0 1 359
9 1 0 2 359
9 1 0 3 359
9 1 0 4 359
9 1 0 5 359
9 1 0 6 359
9 1 0 7 359
9 1 0 8 359
9 1 0 9 359
1 9 9 0 359
1 9 0 0 360
1 9 1 0 360
1 9 2 0 360
3 3 3 0 360
3 3 6 0 360
3 3 3 3 360
3 3 3 6 360
3 3 6 3 360
3 3 6 6 360
9 1 0 9 360
1 9 9 0 360
9 1 0 0 361
9 1 0 1 361
9 1 0 2 361
9 1 0 3 361
9 1 0 4 361
9 1 0 5 361
9 1 0 6 361
3 3 0 7 361
3 3 3 7 361
3 3 6 7 361
1 9 9 0 361
1 9 0 0 362
1 9 1 0 362
1 9 2 0 362
1 9 3 0 362
3 3 4 0 362
3 3 7 0 362
3 3 4 3 362
3 3 7 3 362
3 3 4 6 362
3 3 7 6 362
9 1 0 9 362
9 1 0 0 363
9 1 0 1 363
9 1 0 2 363
9 1 0 3 363
9 1 0 4 363
9 1 0 5 363
9 1 0 6 363
9 1 0 7 363
9 1 0 8 363
9 1 0 9 363
1 9 9 0 363
1 9 0 0 364
1 9 1 0 364
1 9 2 0 364
1 9 3 0 364
1 9 4 0 364
1 9 5 0 364
1 9 6 0 364
3 3 7 0 364
3 3 7 3 364
3 3 7 6 364
9 1 0 9 364
9 1 0 0 365
9 1 0 1 365
9 1 0 2 365
9 1 0 3 365
9 1 0 4 365
9 1 0 5 365
9 1 0 6 365
9 1 0 7 365
9 1 0 8 365
9 1 0 9 365
1 9 9 0 365
9 1 0 0 366
9 1 0 1 366
9 1 0 2 366
9 1 0 3 366
9 1 0 4 366
9 1 0 5 366
9 1 0 6 366
9 1 0 7 366
9 1 0 8 366
9 1 0 9 366
1 9 9 0 366
9 1 0 0 367
9 1 0 1 367
9 1 0 2 367
9 1 0 3 367
9 1 0 4 367
9 1 0 5 367
9 1 0 6 367
3 3 0 7 367
3 3 3 7 367
3 3 6 7 367
1 9 9 0 367
9 1 0 0 368
9 1 0 1 368
9 1 0 2 368
9 1 0 3 368
9 1 0 4 368
9 1 0 5 368
9 1 0 6 368
9 1 0 7 368
9 1 0 8 368
9 1 0 9 368
1 9 9 0 368
1 9 0 0 369
1 9 1 0 369
1 9 2 0 369
1 9 3 0 369
3 3 4 0 369
3 3 7 0 369
3 3 4 3 369
3 3 7 3 369
3 3 4 6 369
3 3 7 6 369
9 1 0 9 369
9 1 0 0 370
9 1 0 1 370
9 1 0 2 370
9 1 0 3 370
9 1 0 4 370
9 1 0 5 370
9 1 0 6 370
9 1 0 7 370
9 1 0 8 370
9 1 0 9 370
1 9 9 0 370
1 9 0 0 371
1 9 1 0 371
3 3 2 0 371
3 3 5 0 371
3 3 2 3 371
3 3 2 6 371
3 3 5 3 371
3 3 5 6 371
1 9 8 0 371
1 9 9 0 371
9 1 0 9 371
9 1 0 0 372
9 1 0 1 372
9 1 0 2 372
9 1 0 3 372
9 1 0 4 372
9 1 0 5 372
9 1 0 6 372
9 1 0 7 372
9 1 0 8 372
9 1 0 9 372
1 9 9 0 372
1 9 0 0 373
1 9 1 0 373
1 9 2 0 373
1 9 3 0 373
1 9 4 0 373
1 9 5 0 373
1 9 6 0 373
3 3 7 0 373
3 3 7 3 373
3 3 7 6 373
9 1 0 9 373
9 1 0 0 374
9 1 0 1 374
9 1 0 2 374
9 1 0 3 374
9 1 0 4 374
9 1 0 5 374
9 1 0 6 374
9 1 0 7 374
9 1 0 8 374
1 9 9 0 374
9 1 0 9 374
9 1 0 0 375
9 1 0 1 375
9 1 0 2 375
9 1 0 3 375
3 3 0 4 375
3 3 0 7 375
3 3 3 4 375
3 3 3 7 375
3 3 6 4 375
3 3 6 7 375
1 9 9 0 375
9 1 0 0 376
9 1 0 1 376
9 1 0 2 376
9 1 0 3 376
9 1 0 4 376
9 1 0 5 376
9 1 0 6 376
9 1 0 7 376
9 1 0 8 376
9 1 0 9 376
1 9 9 0 376
1 9 0 0 377
1 9 1 0 377
1 9 2 0 377
3 3 3 0 377
3 3 6 0 377
3 3 3 3 377
3 3 3 6 377
3 3 6 3 377
3 3 6 6 377
1 9 9 0 377
9 1 0 9 377
9 1 0 0 378
9 1 0 1 378
9 1 0 2 378
9 1 0 3 378
9 1 0 4 378
9 1 0 5 378
9 1 0 6 378
9 1 0 7 378
9 1 0 8 378
9 1 0 9 378
1 9 9 0 378
1 9 0 0 379
1 9 1 0 379
1 9 2 0 379
1 9 3 0 379
1 9 4 0 379
1 9 5 0 379
1 9 6 0 379
1 9 7 0 379
1 9 8 0 379
9 1 0 9 379
1 9 9 0 379
9 1 0 0 380
9 1 0 1 380
9 1 0 2 380
9 1 0 3 380
9 1 0 4 380
9 1 0 5 380
9 1 0 6 380
9 1 0 7 380
9 1 0 8 380
1 9 9 0 380
9 1 0 9 380
9 1 0 0 381
9 1 0 1 381
9 1 0 2 381
9 1 0 3 381
9 1 0 4 381
9 1 0 5 381
9 1 0 6 381
9 1 0 7 381
9 1 0 8 381
9 1 0 9 381
1 9 9 0 381
9 1 0 0 382
9 1 0 1 382
3 3 0 2 382
3 3 0 5 382
3 3 3 2 382
3 3 6 2 382
3 3 3 5 382
3 3 6 5 382
9 1 0 8 382
1 9 9 0 382
9 1 0 9 382
9 1 0 0 383
9 1 0 1 383
9 1 0 2 383
9 1 0 3 383
9 1 0 4 383
9 1 0 5 383
9 1 0 6 383
9 1 0 7 383
9 1 0 8 383
1 9 9 0 383
9 1 0 9 383
9 1 0 0 384
1 9 0 1 384
9 1 1 1 384
9 1 1 2 384
9 1 1 3 384
9 1 1 4 384
9 1 1 5 384
9 1 1 6 384
1 9 0 0 385
