% State of a bin packing problem:
%
% Bin number: 659
% Total uncovered points: 5100
% Total covered points: 60800
% Number of boxes: 5000
% Unused boxes: 0
% Runtime: None
%
% Bin size:
10 10
%
% Boxes (width, height) not in some bins:
%
% Boxes (width, height, x_position, y_position, bin_id) in bins:
4 9 0 0 0
4 9 4 0 0
1 2 8 0 0
1 2 8 2 0
1 2 8 4 0
1 2 8 6 0
1 2 8 8 0
1 2 9 0 0
1 2 9 2 0
1 2 9 4 0
1 2 9 6 0
1 2 9 8 0
3 1 0 9 0
3 1 3 9 0
1 2 0 0 1
1 2 1 0 1
1 2 2 0 1
4 9 3 0 1
1 2 0 2 1
1 2 0 4 1
1 2 0 6 1
1 2 0 8 1
1 2 1 2 1
1 2 1 4 1
1 2 1 6 1
1 2 1 8 1
1 2 2 2 1
1 2 2 4 1
1 2 2 6 1
1 2 2 8 1
1 2 7 0 1
1 2 7 2 1
1 2 7 4 1
1 2 7 6 1
1 2 7 8 1
1 2 8 0 1
1 2 8 2 1
1 2 8 4 1
1 2 8 6 1
1 2 8 8 1
1 2 9 0 1
1 2 9 2 1
1 2 9 4 1
1 2 9 6 1
1 2 9 8 1
3 1 3 9 1
4 9 0 0 2
4 9 4 0 2
1 2 8 0 2
1 2 8 2 2
1 2 8 4 2
1 2 8 6 2
1 2 8 8 2
1 2 9 0 2
1 2 9 2 2
1 2 9 4 2
1 2 9 6 2
1 2 9 8 2
3 1 0 9 2
3 1 3 9 2
4 9 0 0 3
4 9 4 0 3
1 2 8 0 3
1 2 8 2 3
1 2 8 4 3
1 2 8 6 3
1 2 8 8 3
1 2 9 0 3
1 2 9 2 3
1 2 9 4 3
1 2 9 6 3
1 2 9 8 3
3 1 0 9 3
3 1 3 9 3
4 9 0 0 4
4 9 4 0 4
1 2 8 0 4
1 2 8 2 4
1 2 8 4 4
1 2 8 6 4
1 2 8 8 4
1 2 9 0 4
1 2 9 2 4
1 2 9 4 4
1 2 9 6 4
1 2 9 8 4
3 1 0 9 4
3 1 3 9 4
4 9 0 0 5
4 9 4 0 5
1 2 8 0 5
1 2 8 2 5
1 2 8 4 5
1 2 8 6 5
1 2 8 8 5
1 2 9 0 5
1 2 9 2 5
1 2 9 4 5
1 2 9 6 5
1 2 9 8 5
3 1 0 9 5
3 1 3 9 5
4 9 0 0 6
4 9 4 0 6
1 2 8 0 6
1 2 8 2 6
1 2 8 4 6
1 2 8 6 6
1 2 8 8 6
1 2 9 0 6
1 2 9 2 6
1 2 9 4 6
1 2 9 6 6
1 2 9 8 6
3 1 0 9 6
3 1 3 9 6
4 9 0 0 7
4 9 4 0 7
1 2 8 0 7
1 2 8 2 7
1 2 8 4 7
1 2 8 6 7
1 2 8 8 7
1 2 9 0 7
1 2 9 2 7
1 2 9 4 7
1 2 9 6 7
1 2 9 8 7
3 1 0 9 7
3 1 3 9 7
4 9 0 0 8
4 9 4 0 8
1 2 8 0 8
1 2 8 2 8
1 2 8 4 8
1 2 8 6 8
1 2 8 8 8
1 2 9 0 8
1 2 9 2 8
1 2 9 4 8
1 2 9 6 8
1 2 9 8 8
3 1 0 9 8
3 1 3 9 8
4 9 0 0 9
4 9 4 0 9
1 2 8 0 9
1 2 8 2 9
1 2 8 4 9
1 2 8 6 9
1 2 8 8 9
1 2 9 0 9
1 2 9 2 9
1 2 9 4 9
1 2 9 6 9
1 2 9 8 9
3 1 0 9 9
3 1 3 9 9
4 9 0 0 10
4 9 4 0 10
1 2 8 0 10
1 2 8 2 10
1 2 8 4 10
1 2 8 6 10
1 2 8 8 10
1 2 9 0 10
1 2 9 2 10
1 2 9 4 10
1 2 9 6 10
1 2 9 8 10
3 1 0 9 10
3 1 3 9 10
4 9 0 0 11
4 9 4 0 11
1 2 8 0 11
1 2 8 2 11
1 2 8 4 11
1 2 8 6 11
1 2 8 8 11
1 2 9 0 11
1 2 9 2 11
1 2 9 4 11
1 2 9 6 11
1 2 9 8 11
3 1 0 9 11
3 1 3 9 11
4 9 0 0 12
4 9 4 0 12
1 2 8 0 12
1 2 8 2 12
1 2 8 4 12
1 2 8 6 12
1 2 8 8 12
1 2 9 0 12
1 2 9 2 12
1 2 9 4 12
1 2 9 6 12
1 2 9 8 12
3 1 0 9 12
3 1 3 9 12
4 9 0 0 13
4 9 4 0 13
1 2 8 0 13
1 2 8 2 13
1 2 8 4 13
1 2 8 6 13
1 2 8 8 13
1 2 9 0 13
1 2 9 2 13
1 2 9 4 13
1 2 9 6 13
1 2 9 8 13
3 1 0 9 13
3 1 3 9 13
4 9 0 0 14
4 9 4 0 14
1 2 8 0 14
1 2 8 2 14
1 2 8 4 14
1 2 8 6 14
1 2 8 8 14
1 2 9 0 14
1 2 9 2 14
1 2 9 4 14
1 2 9 6 14
1 2 9 8 14
3 1 0 9 14
3 1 3 9 14
4 9 0 0 15
4 9 4 0 15
1 2 8 0 15
1 2 8 2 15
1 2 8 4 15
1 2 8 6 15
1 2 8 8 15
1 2 9 0 15
1 2 9 2 15
1 2 9 4 15
1 2 9 6 15
1 2 9 8 15
3 1 0 9 15
3 1 3 9 15
4 9 0 0 16
4 9 4 0 16
1 2 8 0 16
1 2 8 2 16
1 2 8 4 16
1 2 8 6 16
1 2 8 8 16
1 2 9 0 16
1 2 9 2 16
1 2 9 4 16
1 2 9 6 16
1 2 9 8 16
3 1 0 9 16
3 1 3 9 16
4 9 0 0 17
4 9 4 0 17
1 2 8 0 17
1 2 8 2 17
1 2 8 4 17
1 2 8 6 17
1 2 8 8 17
1 2 9 0 17
1 2 9 2 17
1 2 9 4 17
1 2 9 6 17
1 2 9 8 17
3 1 0 9 17
3 1 3 9 17
4 9 0 0 18
4 9 4 0 18
1 2 8 0 18
1 2 8 2 18
1 2 8 4 18
1 2 8 6 18
1 2 8 8 18
1 2 9 0 18
1 2 9 2 18
1 2 9 4 18
1 2 9 6 18
1 2 9 8 18
3 1 0 9 18
3 1 3 9 18
4 9 0 0 19
4 9 4 0 19
1 2 8 0 19
1 2 8 2 19
1 2 8 4 19
1 2 8 6 19
1 2 8 8 19
1 2 9 0 19
1 2 9 2 19
1 2 9 4 19
1 2 9 6 19
1 2 9 8 19
3 1 0 9 19
3 1 3 9 19
4 9 0 0 20
4 9 4 0 20
1 2 8 0 20
1 2 8 2 20
1 2 8 4 20
1 2 8 6 20
1 2 8 8 20
1 2 9 0 20
1 2 9 2 20
1 2 9 4 20
1 2 9 6 20
1 2 9 8 20
3 1 0 9 20
3 1 3 9 20
4 9 0 0 21
4 9 4 0 21
1 2 8 0 21
1 2 8 2 21
1 2 8 4 21
1 2 8 6 21
1 2 8 8 21
1 2 9 0 21
1 2 9 2 21
1 2 9 4 21
1 2 9 6 21
1 2 9 8 21
3 1 0 9 21
3 1 3 9 21
4 9 0 0 22
4 9 4 0 22
1 2 8 0 22
1 2 8 2 22
1 2 8 4 22
1 2 8 6 22
1 2 8 8 22
1 2 9 0 22
1 2 9 2 22
1 2 9 4 22
1 2 9 6 22
1 2 9 8 22
3 1 0 9 22
3 1 3 9 22
4 9 0 0 23
4 9 4 0 23
1 2 8 0 23
1 2 8 2 23
1 2 8 4 23
1 2 8 6 23
1 2 8 8 23
1 2 9 0 23
1 2 9 2 23
1 2 9 4 23
1 2 9 6 23
1 2 9 8 23
3 1 0 9 23
3 1 3 9 23
4 9 0 0 24
4 9 4 0 24
1 2 8 0 24
1 2 8 2 24
1 2 8 4 24
1 2 8 6 24
1 2 8 8 24
1 2 9 0 24
1 2 9 2 24
1 2 9 4 24
1 2 9 6 24
1 2 9 8 24
3 1 0 9 24
3 1 3 9 24
4 9 0 0 25
4 9 4 0 25
1 2 8 0 25
1 2 8 2 25
1 2 8 4 25
1 2 8 6 25
1 2 8 8 25
1 2 9 0 25
1 2 9 2 25
1 2 9 4 25
1 2 9 6 25
1 2 9 8 25
3 1 0 9 25
3 1 3 9 25
4 9 0 0 26
4 9 4 0 26
1 2 8 0 26
1 2 8 2 26
1 2 8 4 26
1 2 8 6 26
1 2 8 8 26
1 2 9 0 26
1 2 9 2 26
1 2 9 4 26
1 2 9 6 26
1 2 9 8 26
3 1 0 9 26
3 1 3 9 26
4 9 0 0 27
4 9 4 0 27
1 2 8 0 27
1 2 8 2 27
1 2 8 4 27
1 2 8 6 27
1 2 8 8 27
1 2 9 0 27
1 2 9 2 27
1 2 9 4 27
1 2 9 6 27
1 2 9 8 27
3 1 0 9 27
3 1 3 9 27
4 9 0 0 28
4 9 4 0 28
1 2 8 0 28
1 2 8 2 28
1 2 8 4 28
1 2 8 6 28
1 2 8 8 28
1 2 9 0 28
1 2 9 2 28
1 2 9 4 28
1 2 9 6 28
1 2 9 8 28
3 1 0 9 28
3 1 3 9 28
4 9 0 0 29
4 9 4 0 29
1 2 8 0 29
1 2 8 2 29
1 2 8 4 29
1 2 8 6 29
1 2 8 8 29
1 2 9 0 29
1 2 9 2 29
1 2 9 4 29
1 2 9 6 29
1 2 9 8 29
3 1 0 9 29
3 1 3 9 29
4 9 0 0 30
4 9 4 0 30
1 2 8 0 30
1 2 8 2 30
1 2 8 4 30
1 2 8 6 30
1 2 8 8 30
1 2 9 0 30
1 2 9 2 30
1 2 9 4 30
1 2 9 6 30
1 2 9 8 30
3 1 0 9 30
3 1 3 9 30
4 9 0 0 31
4 9 4 0 31
1 2 8 0 31
1 2 8 2 31
1 2 8 4 31
1 2 8 6 31
1 2 8 8 31
1 2 9 0 31
1 2 9 2 31
1 2 9 4 31
1 2 9 6 31
1 2 9 8 31
3 1 0 9 31
3 1 3 9 31
4 9 0 0 32
4 9 4 0 32
1 2 8 0 32
1 2 8 2 32
1 2 8 4 32
1 2 8 6 32
1 2 8 8 32
1 2 9 0 32
1 2 9 2 32
1 2 9 4 32
1 2 9 6 32
1 2 9 8 32
3 1 0 9 32
3 1 3 9 32
4 9 0 0 33
4 9 4 0 33
1 2 8 0 33
1 2 8 2 33
1 2 8 4 33
1 2 8 6 33
1 2 8 8 33
1 2 9 0 33
1 2 9 2 33
1 2 9 4 33
1 2 9 6 33
1 2 9 8 33
3 1 0 9 33
3 1 3 9 33
4 9 0 0 34
4 9 4 0 34
1 2 8 0 34
1 2 8 2 34
1 2 8 4 34
1 2 8 6 34
1 2 8 8 34
1 2 9 0 34
1 2 9 2 34
1 2 9 4 34
1 2 9 6 34
1 2 9 8 34
3 1 0 9 34
3 1 3 9 34
4 9 0 0 35
4 9 4 0 35
1 2 8 0 35
1 2 8 2 35
1 2 8 4 35
1 2 8 6 35
1 2 8 8 35
1 2 9 0 35
1 2 9 2 35
1 2 9 4 35
1 2 9 6 35
1 2 9 8 35
3 1 0 9 35
3 1 3 9 35
4 9 0 0 36
4 9 4 0 36
1 2 8 0 36
1 2 8 2 36
1 2 8 4 36
1 2 8 6 36
1 2 8 8 36
1 2 9 0 36
1 2 9 2 36
1 2 9 4 36
1 2 9 6 36
1 2 9 8 36
3 1 0 9 36
3 1 3 9 36
4 9 0 0 37
4 9 4 0 37
1 2 8 0 37
1 2 8 2 37
1 2 8 4 37
1 2 8 6 37
1 2 8 8 37
1 2 9 0 37
1 2 9 2 37
1 2 9 4 37
1 2 9 6 37
1 2 9 8 37
3 1 0 9 37
3 1 3 9 37
4 9 0 0 38
4 9 4 0 38
3 1 0 9 38
3 1 3 9 38
3 1 6 9 38
2 2 8 0 38
2 2 8 2 38
2 2 8 4 38
1 4 9 6 38
4 9 0 0 39
4 9 4 0 39
3 1 0 9 39
3 1 3 9 39
3 1 6 9 39
2 2 8 0 39
1 4 8 2 39
1 4 9 2 39
2 2 8 6 39
4 9 0 0 40
4 9 4 0 40
3 1 0 9 40
3 1 3 9 40
3 1 6 9 40
2 2 8 0 40
1 4 8 2 40
1 4 9 2 40
1 4 9 6 40
4 9 0 0 41
4 9 4 0 41
3 1 0 9 41
3 1 3 9 41
3 1 6 9 41
2 2 8 0 41
2 2 8 2 41
2 2 8 4 41
2 2 8 6 41
4 9 0 0 42
4 9 4 0 42
3 1 0 9 42
3 1 3 9 42
3 1 6 9 42
2 2 8 0 42
2 2 8 2 42
1 4 8 4 42
1 4 9 4 42
4 9 0 0 43
4 9 4 0 43
3 1 0 9 43
3 1 3 9 43
3 1 6 9 43
2 2 8 0 43
1 4 8 2 43
2 2 8 6 43
1 4 9 2 43
4 9 0 0 44
4 9 4 0 44
3 1 0 9 44
2 2 8 0 44
2 2 8 2 44
1 4 8 4 44
1 4 9 4 44
2 2 8 8 44
4 9 0 0 45
4 9 4 0 45
2 2 8 0 45
2 2 8 2 45
2 2 8 4 45
1 4 8 6 45
1 4 9 6 45
8 1 0 9 45
4 9 0 0 46
4 9 4 0 46
2 2 8 0 46
2 2 8 2 46
2 2 8 4 46
2 2 8 6 46
2 2 8 8 46
8 1 0 9 46
4 9 0 0 47
4 9 4 0 47
2 2 8 0 47
2 2 8 2 47
1 4 8 4 47
2 2 8 8 47
1 4 9 4 47
8 1 0 9 47
4 9 0 0 48
4 9 4 0 48
2 2 8 0 48
1 4 8 2 48
2 2 8 6 48
2 2 8 8 48
1 4 9 2 48
8 1 0 9 48
4 9 0 0 49
4 9 4 0 49
2 2 8 0 49
1 4 8 2 49
2 2 8 6 49
2 2 8 8 49
1 4 9 2 49
8 1 0 9 49
4 9 0 0 50
4 9 4 0 50
2 2 8 0 50
2 2 8 2 50
1 4 8 4 50
2 2 8 8 50
1 4 9 4 50
8 1 0 9 50
4 9 0 0 51
4 9 4 0 51
2 2 8 0 51
1 4 8 2 51
2 2 8 6 51
1 4 9 2 51
2 2 8 8 51
8 1 0 9 51
4 9 0 0 52
4 9 4 0 52
2 2 8 0 52
1 4 8 2 52
2 2 8 6 52
2 2 8 8 52
1 4 9 2 52
8 1 0 9 52
4 9 0 0 53
4 9 4 0 53
2 2 8 0 53
2 2 8 2 53
2 2 8 4 53
1 4 8 6 53
1 4 9 6 53
8 1 0 9 53
4 9 0 0 54
4 9 4 0 54
2 2 8 0 54
2 2 8 2 54
2 2 8 4 54
2 2 8 6 54
2 2 8 8 54
8 1 0 9 54
4 9 0 0 55
4 9 4 0 55
2 2 8 0 55
2 2 8 2 55
2 2 8 4 55
2 2 8 6 55
2 2 8 8 55
8 1 0 9 55
4 9 0 0 56
4 9 4 0 56
2 2 8 0 56
2 2 8 2 56
2 2 8 4 56
1 4 8 6 56
1 4 9 6 56
8 1 0 9 56
4 9 0 0 57
4 9 4 0 57
2 2 8 0 57
2 2 8 2 57
2 2 8 4 57
1 4 8 6 57
1 4 9 6 57
8 1 0 9 57
4 9 0 0 58
4 9 4 0 58
2 2 8 0 58
2 2 8 2 58
2 2 8 4 58
1 4 8 6 58
1 4 9 6 58
8 1 0 9 58
4 9 0 0 59
4 9 4 0 59
2 2 8 0 59
2 2 8 2 59
2 2 8 4 59
2 2 8 6 59
2 2 8 8 59
8 1 0 9 59
4 9 0 0 60
4 9 4 0 60
2 2 8 0 60
1 4 8 2 60
1 4 8 6 60
1 4 9 2 60
1 4 9 6 60
8 1 0 9 60
4 9 0 0 61
4 9 4 0 61
2 2 8 0 61
2 2 8 2 61
1 4 8 4 61
2 2 8 8 61
1 4 9 4 61
8 1 0 9 61
4 9 0 0 62
4 9 4 0 62
2 2 8 0 62
1 4 8 2 62
1 4 8 6 62
1 4 9 2 62
1 4 9 6 62
8 1 0 9 62
4 9 0 0 63
4 9 4 0 63
2 2 8 0 63
2 2 8 2 63
2 2 8 4 63
2 2 8 6 63
2 2 8 8 63
8 1 0 9 63
4 9 0 0 64
4 9 4 0 64
2 2 8 0 64
2 2 8 2 64
2 2 8 4 64
2 2 8 6 64
2 2 8 8 64
8 1 0 9 64
4 9 0 0 65
4 9 4 0 65
2 2 8 0 65
2 2 8 2 65
1 4 8 4 65
2 2 8 8 65
1 4 9 4 65
8 1 0 9 65
4 9 0 0 66
4 9 4 0 66
2 2 8 0 66
2 2 8 2 66
2 2 8 4 66
2 2 8 6 66
2 2 8 8 66
8 1 0 9 66
4 9 0 0 67
4 9 4 0 67
1 4 8 0 67
1 4 8 4 67
2 2 8 8 67
1 4 9 0 67
1 4 9 4 67
8 1 0 9 67
4 9 0 0 68
4 9 4 0 68
1 4 8 0 68
1 4 8 4 68
2 2 8 8 68
1 4 9 0 68
1 4 9 4 68
8 1 0 9 68
4 9 0 0 69
4 9 4 0 69
1 4 8 0 69
1 4 8 4 69
1 4 9 0 69
1 4 9 4 69
2 2 8 8 69
8 1 0 9 69
4 9 0 0 70
4 9 4 0 70
2 2 8 0 70
2 2 8 2 70
2 2 8 4 70
1 4 8 6 70
1 4 9 6 70
8 1 0 9 70
4 9 0 0 71
4 9 4 0 71
1 4 8 0 71
1 4 8 4 71
2 2 8 8 71
1 4 9 0 71
1 4 9 4 71
8 1 0 9 71
4 9 0 0 72
4 9 4 0 72
1 4 8 0 72
2 2 8 4 72
1 4 9 0 72
1 4 8 6 72
1 4 9 6 72
8 1 0 9 72
4 9 0 0 73
4 9 4 0 73
2 2 8 0 73
1 4 8 2 73
1 4 8 6 73
1 4 9 2 73
1 4 9 6 73
8 1 0 9 73
4 9 0 0 74
4 9 4 0 74
2 2 8 0 74
2 2 8 2 74
2 2 8 4 74
2 2 8 6 74
2 2 8 8 74
8 1 0 9 74
4 9 0 0 75
4 9 4 0 75
1 4 8 0 75
1 4 8 4 75
2 2 8 8 75
1 4 9 0 75
1 4 9 4 75
8 1 0 9 75
4 9 0 0 76
4 9 4 0 76
2 2 8 0 76
2 2 8 2 76
2 2 8 4 76
2 2 8 6 76
2 2 8 8 76
8 1 0 9 76
4 9 0 0 77
4 9 4 0 77
1 4 8 0 77
2 2 8 4 77
2 2 8 6 77
2 2 8 8 77
1 4 9 0 77
8 1 0 9 77
4 9 0 0 78
4 9 4 0 78
2 2 8 0 78
1 4 8 2 78
2 2 8 6 78
2 2 8 8 78
1 4 9 2 78
8 1 0 9 78
4 9 0 0 79
4 9 4 0 79
1 4 8 0 79
2 2 8 4 79
2 2 8 6 79
2 2 8 8 79
1 4 9 0 79
8 1 0 9 79
4 9 0 0 80
4 9 4 0 80
2 2 8 0 80
2 2 8 2 80
2 2 8 4 80
1 4 8 6 80
1 4 9 6 80
8 1 0 9 80
4 9 0 0 81
4 9 4 0 81
2 2 8 0 81
1 4 8 2 81
2 2 8 6 81
1 4 9 2 81
2 2 8 8 81
8 1 0 9 81
4 9 0 0 82
4 9 4 0 82
2 2 8 0 82
1 4 8 2 82
2 2 8 6 82
1 4 9 2 82
2 2 8 8 82
8 1 0 9 82
4 9 0 0 83
4 9 4 0 83
2 2 8 0 83
2 2 8 2 83
1 4 8 4 83
2 2 8 8 83
1 4 9 4 83
8 1 0 9 83
4 9 0 0 84
4 9 4 0 84
1 4 8 0 84
1 4 8 4 84
2 2 8 8 84
1 4 9 0 84
1 4 9 4 84
8 1 0 9 84
4 9 0 0 85
4 9 4 0 85
2 2 8 0 85
2 2 8 2 85
1 4 8 4 85
2 2 8 8 85
1 4 9 4 85
8 1 0 9 85
4 9 0 0 86
4 9 4 0 86
2 2 8 0 86
2 2 8 2 86
2 2 8 4 86
1 4 8 6 86
1 4 9 6 86
8 1 0 9 86
4 9 0 0 87
4 9 4 0 87
2 2 8 0 87
1 4 8 2 87
2 2 8 6 87
1 4 9 2 87
2 2 8 8 87
8 1 0 9 87
4 9 0 0 88
4 9 4 0 88
1 4 8 0 88
1 4 8 4 88
1 4 9 0 88
2 2 8 8 88
1 4 9 4 88
8 1 0 9 88
4 9 0 0 89
4 9 4 0 89
2 2 8 0 89
1 4 8 2 89
2 2 8 6 89
2 2 8 8 89
1 4 9 2 89
8 1 0 9 89
4 9 0 0 90
4 9 4 0 90
2 2 8 0 90
1 4 8 2 90
1 4 8 6 90
1 4 9 2 90
1 4 9 6 90
8 1 0 9 90
4 9 0 0 91
4 9 4 0 91
1 4 8 0 91
2 2 8 4 91
1 4 9 0 91
2 2 8 6 91
2 2 8 8 91
8 1 0 9 91
4 9 0 0 92
4 9 4 0 92
1 4 8 0 92
1 4 8 4 92
2 2 8 8 92
1 4 9 0 92
1 4 9 4 92
8 1 0 9 92
4 9 0 0 93
4 9 4 0 93
2 2 8 0 93
2 2 8 2 93
2 2 8 4 93
2 2 8 6 93
2 2 8 8 93
8 1 0 9 93
4 9 0 0 94
4 9 4 0 94
1 4 8 0 94
2 2 8 4 94
2 2 8 6 94
1 4 9 0 94
2 2 8 8 94
8 1 0 9 94
4 9 0 0 95
4 9 4 0 95
1 4 8 0 95
2 2 8 4 95
1 4 9 0 95
2 2 8 6 95
2 2 8 8 95
8 1 0 9 95
4 9 0 0 96
4 9 4 0 96
1 4 8 0 96
1 4 8 4 96
2 2 8 8 96
1 4 9 0 96
1 4 9 4 96
8 1 0 9 96
4 9 0 0 97
4 9 4 0 97
2 2 8 0 97
2 2 8 2 97
2 2 8 4 97
1 4 8 6 97
1 4 9 6 97
8 1 0 9 97
4 9 0 0 98
4 9 4 0 98
2 2 8 0 98
2 2 8 2 98
2 2 8 4 98
2 2 8 6 98
2 2 8 8 98
8 1 0 9 98
4 9 0 0 99
4 9 4 0 99
2 2 8 0 99
2 2 8 2 99
1 4 8 4 99
2 2 8 8 99
1 4 9 4 99
8 1 0 9 99
4 9 0 0 100
4 9 4 0 100
2 2 8 0 100
2 2 8 2 100
2 2 8 4 100
2 2 8 6 100
2 2 8 8 100
8 1 0 9 100
4 9 0 0 101
4 9 4 0 101
2 2 8 0 101
1 4 8 2 101
2 2 8 6 101
2 2 8 8 101
1 4 9 2 101
8 1 0 9 101
4 9 0 0 102
4 9 4 0 102
1 4 8 0 102
1 4 8 4 102
1 4 9 0 102
2 2 8 8 102
1 4 9 4 102
8 1 0 9 102
4 9 0 0 103
4 9 4 0 103
2 2 8 0 103
1 4 8 2 103
1 4 8 6 103
1 4 9 2 103
1 4 9 6 103
8 1 0 9 103
4 9 0 0 104
4 9 4 0 104
1 4 8 0 104
1 4 8 4 104
2 2 8 8 104
1 4 9 0 104
1 4 9 4 104
8 1 0 9 104
4 9 0 0 105
4 9 4 0 105
2 2 8 0 105
1 4 8 2 105
1 4 8 6 105
1 4 9 2 105
1 4 9 6 105
8 1 0 9 105
4 9 0 0 106
4 9 4 0 106
2 2 8 0 106
2 2 8 2 106
1 4 8 4 106
1 4 9 4 106
2 2 8 8 106
8 1 0 9 106
4 9 0 0 107
4 9 4 0 107
2 2 8 0 107
2 2 8 2 107
1 4 8 4 107
1 4 9 4 107
2 2 8 8 107
8 1 0 9 107
4 9 0 0 108
4 9 4 0 108
1 4 8 0 108
1 4 8 4 108
2 2 8 8 108
1 4 9 0 108
1 4 9 4 108
8 1 0 9 108
4 9 0 0 109
4 9 4 0 109
2 2 8 0 109
2 2 8 2 109
1 4 8 4 109
2 2 8 8 109
1 4 9 4 109
8 1 0 9 109
4 9 0 0 110
4 9 4 0 110
2 2 8 0 110
2 2 8 2 110
2 2 8 4 110
2 2 8 6 110
2 2 8 8 110
8 1 0 9 110
4 9 0 0 111
4 9 4 0 111
2 2 8 0 111
2 2 8 2 111
1 4 8 4 111
1 4 9 4 111
2 2 8 8 111
8 1 0 9 111
4 9 0 0 112
4 9 4 0 112
1 4 8 0 112
2 2 8 4 112
2 2 8 6 112
2 2 8 8 112
1 4 9 0 112
8 1 0 9 112
4 9 0 0 113
4 9 4 0 113
2 2 8 0 113
2 2 8 2 113
1 4 8 4 113
2 2 8 8 113
1 4 9 4 113
8 1 0 9 113
4 9 0 0 114
4 9 4 0 114
1 4 8 0 114
2 2 8 4 114
1 4 9 0 114
1 4 8 6 114
1 4 9 6 114
8 1 0 9 114
4 9 0 0 115
4 9 4 0 115
2 2 8 0 115
2 2 8 2 115
2 2 8 4 115
2 2 8 6 115
2 2 8 8 115
8 1 0 9 115
4 9 0 0 116
4 9 4 0 116
1 4 8 0 116
1 4 8 4 116
1 4 9 0 116
1 4 9 4 116
2 2 8 8 116
8 1 0 9 116
4 9 0 0 117
4 9 4 0 117
1 4 8 0 117
1 4 8 4 117
1 4 9 0 117
1 4 9 4 117
2 2 8 8 117
8 1 0 9 117
4 9 0 0 118
4 9 4 0 118
1 4 8 0 118
1 4 8 4 118
1 4 9 0 118
1 4 9 4 118
2 2 8 8 118
8 1 0 9 118
4 9 0 0 119
4 9 4 0 119
1 4 8 0 119
1 4 8 4 119
1 4 9 0 119
2 2 8 8 119
1 4 9 4 119
8 1 0 9 119
4 9 0 0 120
4 9 4 0 120
1 4 8 0 120
1 4 8 4 120
2 2 8 8 120
1 4 9 0 120
1 4 9 4 120
8 1 0 9 120
4 9 0 0 121
4 9 4 0 121
2 2 8 0 121
2 2 8 2 121
2 2 8 4 121
2 2 8 6 121
2 2 8 8 121
8 1 0 9 121
4 9 0 0 122
4 9 4 0 122
2 2 8 0 122
1 5 8 2 122
1 5 9 2 122
2 3 8 7 122
8 1 0 9 122
4 9 0 0 123
4 9 4 0 123
1 5 8 0 123
1 5 8 5 123
1 5 9 0 123
1 5 9 5 123
8 1 0 9 123
4 9 0 0 124
4 9 4 0 124
1 5 8 0 124
1 5 8 5 124
1 5 9 0 124
1 5 9 5 124
8 1 0 9 124
4 9 0 0 125
4 9 4 0 125
1 5 8 0 125
1 5 8 5 125
1 5 9 0 125
1 5 9 5 125
8 1 0 9 125
4 9 0 0 126
4 9 4 0 126
1 5 8 0 126
1 5 8 5 126
1 5 9 0 126
1 5 9 5 126
8 1 0 9 126
4 9 0 0 127
4 9 4 0 127
1 5 8 0 127
1 5 8 5 127
1 5 9 0 127
1 5 9 5 127
8 1 0 9 127
4 9 0 0 128
4 9 4 0 128
1 5 8 0 128
1 5 8 5 128
1 5 9 0 128
1 5 9 5 128
8 1 0 9 128
4 9 0 0 129
4 9 4 0 129
1 5 8 0 129
1 5 8 5 129
1 5 9 0 129
1 5 9 5 129
8 1 0 9 129
4 9 0 0 130
4 9 4 0 130
1 5 8 0 130
1 5 8 5 130
1 5 9 0 130
1 5 9 5 130
8 1 0 9 130
4 9 0 0 131
4 9 4 0 131
1 5 8 0 131
1 5 8 5 131
1 5 9 0 131
1 5 9 5 131
8 1 0 9 131
4 9 0 0 132
4 9 4 0 132
1 5 8 0 132
1 5 8 5 132
1 5 9 0 132
1 5 9 5 132
8 1 0 9 132
4 9 0 0 133
4 9 4 0 133
1 5 8 0 133
1 5 8 5 133
1 5 9 0 133
1 5 9 5 133
8 1 0 9 133
4 9 0 0 134
4 9 4 0 134
1 5 8 0 134
1 5 8 5 134
1 5 9 0 134
1 5 9 5 134
8 1 0 9 134
4 9 0 0 135
4 9 4 0 135
1 5 8 0 135
1 5 8 5 135
1 5 9 0 135
1 5 9 5 135
8 1 0 9 135
4 9 0 0 136
4 9 4 0 136
1 5 8 0 136
1 5 8 5 136
1 5 9 0 136
1 5 9 5 136
8 1 0 9 136
4 9 0 0 137
4 9 4 0 137
1 5 8 0 137
1 5 8 5 137
1 5 9 0 137
1 5 9 5 137
8 1 0 9 137
4 9 0 0 138
4 9 4 0 138
1 5 8 0 138
1 5 8 5 138
1 5 9 0 138
1 5 9 5 138
8 1 0 9 138
4 9 0 0 139
4 9 4 0 139
1 5 8 0 139
1 5 8 5 139
1 5 9 0 139
1 5 9 5 139
8 1 0 9 139
4 9 0 0 140
4 9 4 0 140
1 5 8 0 140
1 5 8 5 140
1 5 9 0 140
1 5 9 5 140
8 1 0 9 140
4 9 0 0 141
4 9 4 0 141
1 5 8 0 141
1 5 8 5 141
1 5 9 0 141
1 5 9 5 141
8 1 0 9 141
4 9 0 0 142
4 9 4 0 142
1 5 8 0 142
1 5 8 5 142
1 5 9 0 142
1 5 9 5 142
8 1 0 9 142
4 9 0 0 143
4 9 4 0 143
1 5 8 0 143
1 5 8 5 143
1 5 9 0 143
1 5 9 5 143
8 1 0 9 143
4 9 0 0 144
4 9 4 0 144
1 5 8 0 144
1 5 8 5 144
1 5 9 0 144
1 5 9 5 144
8 1 0 9 144
4 9 0 0 145
4 9 4 0 145
1 5 8 0 145
1 5 8 5 145
1 5 9 0 145
1 5 9 5 145
8 1 0 9 145
4 9 0 0 146
4 9 4 0 146
1 5 8 0 146
1 5 8 5 146
1 5 9 0 146
1 5 9 5 146
8 1 0 9 146
4 9 0 0 147
4 9 4 0 147
1 5 8 0 147
1 5 8 5 147
1 5 9 0 147
1 5 9 5 147
8 1 0 9 147
4 9 0 0 148
4 9 4 0 148
1 5 8 0 148
1 5 8 5 148
1 5 9 0 148
1 5 9 5 148
8 1 0 9 148
4 9 0 0 149
4 9 4 0 149
1 5 8 0 149
1 5 8 5 149
1 5 9 0 149
1 5 9 5 149
8 1 0 9 149
4 9 0 0 150
4 9 4 0 150
1 5 8 0 150
1 5 8 5 150
1 5 9 0 150
1 5 9 5 150
8 1 0 9 150
4 9 0 0 151
4 9 4 0 151
1 5 8 0 151
1 5 8 5 151
1 5 9 0 151
1 5 9 5 151
8 1 0 9 151
4 9 0 0 152
4 9 4 0 152
1 5 8 0 152
1 5 8 5 152
1 5 9 0 152
1 5 9 5 152
8 1 0 9 152
4 9 0 0 153
4 9 4 0 153
1 5 8 0 153
1 5 8 5 153
1 5 9 0 153
1 5 9 5 153
8 1 0 9 153
4 9 0 0 154
4 9 4 0 154
1 5 8 0 154
1 5 8 5 154
1 5 9 0 154
1 5 9 5 154
8 1 0 9 154
4 9 0 0 155
4 9 4 0 155
1 5 8 0 155
1 5 8 5 155
1 5 9 0 155
1 5 9 5 155
8 1 0 9 155
4 9 0 0 156
4 9 4 0 156
1 5 8 0 156
1 5 8 5 156
1 5 9 0 156
1 5 9 5 156
8 1 0 9 156
4 9 0 0 157
4 9 4 0 157
1 5 8 0 157
1 5 8 5 157
1 5 9 0 157
1 5 9 5 157
8 1 0 9 157
4 9 0 0 158
4 9 4 0 158
1 5 8 0 158
1 5 8 5 158
1 5 9 0 158
1 5 9 5 158
8 1 0 9 158
4 9 0 0 159
4 9 4 0 159
1 5 8 0 159
1 5 8 5 159
1 5 9 0 159
1 5 9 5 159
8 1 0 9 159
4 9 0 0 160
4 9 4 0 160
1 5 8 0 160
1 5 8 5 160
1 5 9 0 160
1 5 9 5 160
8 1 0 9 160
4 9 0 0 161
4 9 4 0 161
1 5 8 0 161
1 5 8 5 161
1 5 9 0 161
1 5 9 5 161
8 1 0 9 161
4 9 0 0 162
4 9 4 0 162
1 5 8 0 162
1 5 8 5 162
1 5 9 0 162
1 5 9 5 162
8 1 0 9 162
4 9 0 0 163
4 9 4 0 163
1 5 8 0 163
1 5 8 5 163
1 5 9 0 163
1 5 9 5 163
8 1 0 9 163
4 9 0 0 164
4 9 4 0 164
1 5 8 0 164
1 5 8 5 164
1 5 9 0 164
1 5 9 5 164
8 1 0 9 164
4 9 0 0 165
4 9 4 0 165
1 5 8 0 165
1 5 8 5 165
1 5 9 0 165
1 5 9 5 165
8 1 0 9 165
4 9 0 0 166
4 9 4 0 166
1 5 8 0 166
1 5 8 5 166
1 5 9 0 166
1 5 9 5 166
8 1 0 9 166
4 9 0 0 167
4 9 4 0 167
1 5 8 0 167
1 5 8 5 167
1 5 9 0 167
1 5 9 5 167
8 1 0 9 167
4 9 0 0 168
4 9 4 0 168
1 5 8 0 168
1 5 8 5 168
1 5 9 0 168
1 5 9 5 168
8 1 0 9 168
4 9 0 0 169
4 9 4 0 169
1 5 8 0 169
1 5 8 5 169
1 5 9 0 169
1 5 9 5 169
8 1 0 9 169
4 9 0 0 170
4 9 4 0 170
1 5 8 0 170
1 5 8 5 170
1 5 9 0 170
1 5 9 5 170
8 1 0 9 170
4 9 0 0 171
4 9 4 0 171
1 5 8 0 171
1 5 8 5 171
1 5 9 0 171
1 5 9 5 171
8 1 0 9 171
4 9 0 0 172
4 9 4 0 172
1 5 8 0 172
1 5 8 5 172
8 1 0 9 172
4 9 0 0 173
4 9 4 0 173
2 3 8 0 173
2 3 8 3 173
2 3 8 6 173
8 1 0 9 173
4 9 0 0 174
4 9 4 0 174
2 3 8 0 174
2 3 8 3 174
2 3 8 6 174
8 1 0 9 174
4 9 0 0 175
4 9 4 0 175
2 3 8 0 175
2 3 8 3 175
2 3 8 6 175
8 1 0 9 175
4 9 0 0 176
4 9 4 0 176
2 3 8 0 176
2 3 8 3 176
2 3 8 6 176
8 1 0 9 176
4 9 0 0 177
4 9 4 0 177
2 3 8 0 177
2 3 8 3 177
2 3 8 6 177
8 1 0 9 177
4 9 0 0 178
4 9 4 0 178
2 3 8 0 178
2 3 8 3 178
2 3 8 6 178
8 1 0 9 178
4 9 0 0 179
4 9 4 0 179
2 3 8 0 179
2 3 8 3 179
2 3 8 6 179
8 1 0 9 179
4 9 0 0 180
4 9 4 0 180
2 3 8 0 180
2 3 8 3 180
2 3 8 6 180
8 1 0 9 180
4 9 0 0 181
4 9 4 0 181
2 3 8 0 181
2 3 8 3 181
2 3 8 6 181
8 1 0 9 181
4 9 0 0 182
4 9 4 0 182
2 3 8 0 182
2 3 8 3 182
2 3 8 6 182
8 1 0 9 182
4 9 0 0 183
4 9 4 0 183
2 3 8 0 183
2 3 8 3 183
2 3 8 6 183
8 1 0 9 183
4 9 0 0 184
4 9 4 0 184
2 3 8 0 184
2 3 8 3 184
2 3 8 6 184
8 1 0 9 184
4 9 0 0 185
4 9 4 0 185
2 3 8 0 185
2 3 8 3 185
2 3 8 6 185
8 1 0 9 185
4 9 0 0 186
4 9 4 0 186
2 3 8 0 186
2 3 8 3 186
2 3 8 6 186
8 1 0 9 186
4 9 0 0 187
4 9 4 0 187
2 3 8 0 187
2 3 8 3 187
2 3 8 6 187
8 1 0 9 187
4 9 0 0 188
4 9 4 0 188
2 3 8 0 188
2 3 8 3 188
2 3 8 6 188
8 1 0 9 188
4 9 0 0 189
4 9 4 0 189
2 3 8 0 189
2 3 8 3 189
2 3 8 6 189
8 1 0 9 189
4 9 0 0 190
4 9 4 0 190
2 3 8 0 190
2 3 8 3 190
2 3 8 6 190
8 1 0 9 190
4 9 0 0 191
4 9 4 0 191
2 3 8 0 191
2 3 8 3 191
2 3 8 6 191
8 1 0 9 191
4 9 0 0 192
4 9 4 0 192
2 3 8 0 192
2 3 8 3 192
2 3 8 6 192
8 1 0 9 192
4 9 0 0 193
4 9 4 0 193
2 3 8 0 193
2 3 8 3 193
2 3 8 6 193
8 1 0 9 193
4 9 0 0 194
4 9 4 0 194
2 3 8 0 194
2 3 8 3 194
2 3 8 6 194
8 1 0 9 194
4 9 0 0 195
4 9 4 0 195
2 3 8 0 195
2 3 8 3 195
2 3 8 6 195
8 1 0 9 195
4 9 0 0 196
4 9 4 0 196
2 3 8 0 196
2 3 8 3 196
2 3 8 6 196
8 1 0 9 196
4 9 0 0 197
4 9 4 0 197
2 3 8 0 197
2 3 8 3 197
2 3 8 6 197
8 1 0 9 197
4 9 0 0 198
4 9 4 0 198
2 3 8 0 198
2 3 8 3 198
2 3 8 6 198
8 1 0 9 198
4 9 0 0 199
4 9 4 0 199
2 3 8 0 199
2 3 8 3 199
2 3 8 6 199
8 1 0 9 199
4 9 0 0 200
4 9 4 0 200
2 3 8 0 200
2 3 8 3 200
2 3 8 6 200
8 1 0 9 200
4 9 0 0 201
4 9 4 0 201
2 3 8 0 201
2 3 8 3 201
2 3 8 6 201
8 1 0 9 201
4 9 0 0 202
4 9 4 0 202
2 3 8 0 202
2 3 8 3 202
2 3 8 6 202
8 1 0 9 202
4 9 0 0 203
4 9 4 0 203
2 3 8 0 203
2 3 8 3 203
2 3 8 6 203
8 1 0 9 203
4 9 0 0 204
4 9 4 0 204
2 3 8 0 204
2 3 8 3 204
2 3 8 6 204
8 1 0 9 204
4 9 0 0 205
4 9 4 0 205
2 3 8 0 205
2 3 8 3 205
2 3 8 6 205
8 1 0 9 205
4 9 0 0 206
4 9 4 0 206
2 3 8 0 206
2 3 8 3 206
2 3 8 6 206
8 1 0 9 206
4 9 0 0 207
4 9 4 0 207
2 3 8 0 207
2 3 8 3 207
2 3 8 6 207
8 1 0 9 207
4 9 0 0 208
4 9 4 0 208
2 3 8 0 208
2 3 8 3 208
8 1 0 9 208
4 9 0 0 209
4 9 4 0 209
8 1 0 9 209
2 7 8 0 209
4 9 0 0 210
4 9 4 0 210
8 1 0 9 210
2 7 8 0 210
4 9 0 0 211
4 9 4 0 211
8 1 0 9 211
2 7 8 0 211
4 9 0 0 212
4 9 4 0 212
8 1 0 9 212
2 7 8 0 212
4 9 0 0 213
4 9 4 0 213
8 1 0 9 213
2 7 8 0 213
4 9 0 0 214
4 9 4 0 214
8 1 0 9 214
2 7 8 0 214
4 9 0 0 215
4 9 4 0 215
8 1 0 9 215
2 7 8 0 215
4 9 0 0 216
4 9 4 0 216
8 1 0 9 216
2 7 8 0 216
4 9 0 0 217
4 9 4 0 217
8 1 0 9 217
2 7 8 0 217
4 9 0 0 218
4 9 4 0 218
8 1 0 9 218
2 7 8 0 218
4 9 0 0 219
4 9 4 0 219
8 1 0 9 219
2 7 8 0 219
4 9 0 0 220
4 9 4 0 220
8 1 0 9 220
2 7 8 0 220
4 9 0 0 221
4 9 4 0 221
8 1 0 9 221
2 7 8 0 221
4 9 0 0 222
4 9 4 0 222
8 1 0 9 222
2 7 8 0 222
4 9 0 0 223
4 9 4 0 223
8 1 0 9 223
2 7 8 0 223
4 9 0 0 224
4 9 4 0 224
8 1 0 9 224
2 7 8 0 224
4 9 0 0 225
4 9 4 0 225
8 1 0 9 225
2 7 8 0 225
4 9 0 0 226
4 9 4 0 226
8 1 0 9 226
2 7 8 0 226
4 9 0 0 227
4 9 4 0 227
8 1 0 9 227
2 7 8 0 227
4 9 0 0 228
4 9 4 0 228
8 1 0 9 228
2 7 8 0 228
4 9 0 0 229
4 9 4 0 229
8 1 0 9 229
2 7 8 0 229
4 9 0 0 230
4 9 4 0 230
8 1 0 9 230
2 7 8 0 230
4 9 0 0 231
4 9 4 0 231
8 1 0 9 231
2 7 8 0 231
4 9 0 0 232
4 9 4 0 232
8 1 0 9 232
2 7 8 0 232
4 9 0 0 233
4 9 4 0 233
8 1 0 9 233
2 7 8 0 233
4 9 0 0 234
4 9 4 0 234
8 1 0 9 234
2 7 8 0 234
4 9 0 0 235
4 9 4 0 235
8 1 0 9 235
2 7 8 0 235
4 9 0 0 236
4 9 4 0 236
8 1 0 9 236
2 7 8 0 236
4 9 0 0 237
4 9 4 0 237
8 1 0 9 237
2 7 8 0 237
4 9 0 0 238
4 9 4 0 238
8 1 0 9 238
2 7 8 0 238
4 9 0 0 239
4 9 4 0 239
8 1 0 9 239
2 7 8 0 239
4 9 0 0 240
4 9 4 0 240
8 1 0 9 240
2 7 8 0 240
4 9 0 0 241
4 9 4 0 241
8 1 0 9 241
2 7 8 0 241
4 9 0 0 242
4 9 4 0 242
8 1 0 9 242
2 7 8 0 242
4 9 0 0 243
4 9 4 0 243
8 1 0 9 243
2 7 8 0 243
4 9 0 0 244
4 9 4 0 244
8 1 0 9 244
2 7 8 0 244
4 9 0 0 245
4 9 4 0 245
8 1 0 9 245
2 7 8 0 245
4 9 0 0 246
4 9 4 0 246
8 1 0 9 246
2 7 8 0 246
4 9 0 0 247
4 9 4 0 247
8 1 0 9 247
2 7 8 0 247
4 9 0 0 248
4 9 4 0 248
8 1 0 9 248
2 7 8 0 248
4 9 0 0 249
4 9 4 0 249
8 1 0 9 249
2 7 8 0 249
4 9 0 0 250
4 9 4 0 250
8 1 0 9 250
2 7 8 0 250
4 9 0 0 251
4 9 4 0 251
8 1 0 9 251
2 7 8 0 251
4 9 0 0 252
4 9 4 0 252
8 1 0 9 252
2 7 8 0 252
4 9 0 0 253
4 9 4 0 253
8 1 0 9 253
2 7 8 0 253
4 9 0 0 254
4 9 4 0 254
8 1 0 9 254
2 7 8 0 254
4 9 0 0 255
4 9 4 0 255
8 1 0 9 255
2 7 8 0 255
4 9 0 0 256
4 9 4 0 256
8 1 0 9 256
2 7 8 0 256
4 9 0 0 257
4 9 4 0 257
8 1 0 9 257
2 7 8 0 257
4 9 0 0 258
4 9 4 0 258
8 1 0 9 258
2 7 8 0 258
4 9 0 0 259
4 9 4 0 259
8 1 0 9 259
2 7 8 0 259
4 9 0 0 260
4 9 4 0 260
8 1 0 9 260
2 7 8 0 260
4 9 0 0 261
4 9 4 0 261
8 1 0 9 261
2 7 8 0 261
4 9 0 0 262
4 9 4 0 262
8 1 0 9 262
2 7 8 0 262
4 9 0 0 263
4 9 4 0 263
8 1 0 9 263
2 7 8 0 263
4 9 0 0 264
4 9 4 0 264
8 1 0 9 264
2 7 8 0 264
4 9 0 0 265
4 9 4 0 265
8 1 0 9 265
2 7 8 0 265
4 9 0 0 266
4 9 4 0 266
8 1 0 9 266
2 7 8 0 266
4 9 0 0 267
4 9 4 0 267
8 1 0 9 267
2 7 8 0 267
4 9 0 0 268
4 9 4 0 268
8 1 0 9 268
2 7 8 0 268
4 9 0 0 269
4 9 4 0 269
8 1 0 9 269
2 7 8 0 269
4 9 0 0 270
4 9 4 0 270
8 1 0 9 270
2 7 8 0 270
4 9 0 0 271
4 9 4 0 271
8 1 0 9 271
2 7 8 0 271
4 9 0 0 272
4 9 4 0 272
8 1 0 9 272
2 7 8 0 272
4 9 0 0 273
4 9 4 0 273
8 1 0 9 273
2 7 8 0 273
4 9 0 0 274
4 9 4 0 274
8 1 0 9 274
2 7 8 0 274
4 9 0 0 275
4 9 4 0 275
8 1 0 9 275
2 7 8 0 275
4 9 0 0 276
4 9 4 0 276
8 1 0 9 276
2 7 8 0 276
4 9 0 0 277
4 9 4 0 277
8 1 0 9 277
2 7 8 0 277
4 9 0 0 278
4 9 4 0 278
8 1 0 9 278
2 7 8 0 278
4 9 0 0 279
4 9 4 0 279
8 1 0 9 279
2 7 8 0 279
4 9 0 0 280
4 9 4 0 280
8 1 0 9 280
2 7 8 0 280
4 9 0 0 281
4 9 4 0 281
8 1 0 9 281
2 7 8 0 281
4 9 0 0 282
4 9 4 0 282
8 1 0 9 282
2 7 8 0 282
4 9 0 0 283
4 9 4 0 283
8 1 0 9 283
2 7 8 0 283
4 9 0 0 284
4 9 4 0 284
8 1 0 9 284
2 7 8 0 284
4 9 0 0 285
4 9 4 0 285
8 1 0 9 285
2 7 8 0 285
4 9 0 0 286
4 9 4 0 286
8 1 0 9 286
2 7 8 0 286
4 9 0 0 287
4 9 4 0 287
8 1 0 9 287
2 7 8 0 287
4 9 0 0 288
4 9 4 0 288
8 1 0 9 288
2 7 8 0 288
4 9 0 0 289
4 9 4 0 289
8 1 0 9 289
2 7 8 0 289
4 9 0 0 290
4 9 4 0 290
8 1 0 9 290
2 7 8 0 290
4 9 0 0 291
4 9 4 0 291
8 1 0 9 291
2 7 8 0 291
4 9 0 0 292
4 9 4 0 292
8 1 0 9 292
2 7 8 0 292
4 9 0 0 293
4 9 4 0 293
8 1 0 9 293
2 7 8 0 293
4 9 0 0 294
4 9 4 0 294
8 1 0 9 294
2 7 8 0 294
4 9 0 0 295
4 9 4 0 295
8 1 0 9 295
2 7 8 0 295
4 9 0 0 296
4 9 4 0 296
8 1 0 9 296
2 7 8 0 296
4 9 0 0 297
4 9 4 0 297
8 1 0 9 297
2 7 8 0 297
4 9 0 0 298
4 9 4 0 298
8 1 0 9 298
2 7 8 0 298
4 9 0 0 299
4 9 4 0 299
8 1 0 9 299
2 7 8 0 299
4 6 0 0 300
4 6 4 0 300
6 3 0 6 300
3 1 6 6 300
3 1 6 7 300
3 1 6 8 300
2 2 8 0 300
2 2 8 2 300
1 4 9 4 300
8 1 0 9 300
4 6 0 0 301
4 6 4 0 301
6 3 0 6 301
3 1 6 6 301
3 1 6 7 301
3 1 6 8 301
1 4 8 0 301
2 2 8 4 301
1 4 9 6 301
1 4 9 0 301
8 1 0 9 301
4 6 0 0 302
4 6 4 0 302
6 3 0 6 302
3 1 6 6 302
3 1 6 7 302
3 1 6 8 302
2 2 8 0 302
2 2 8 2 302
2 2 8 4 302
1 4 9 6 302
8 1 0 9 302
4 6 0 0 303
4 6 4 0 303
6 3 0 6 303
3 1 6 6 303
3 1 6 7 303
3 1 6 8 303
2 2 8 0 303
2 2 8 2 303
2 2 8 4 303
1 4 9 6 303
8 1 0 9 303
4 6 0 0 304
4 6 4 0 304
6 3 0 6 304
3 1 6 6 304
3 1 6 7 304
3 1 6 8 304
2 2 8 0 304
2 2 8 2 304
1 4 9 4 304
8 1 0 9 304
4 6 0 0 305
4 6 4 0 305
6 3 0 6 305
3 1 6 6 305
3 1 6 7 305
3 1 6 8 305
2 2 8 0 305
2 2 8 2 305
2 2 8 4 305
1 4 9 6 305
8 1 0 9 305
4 6 0 0 306
4 6 4 0 306
6 3 0 6 306
3 1 6 6 306
3 1 6 7 306
3 1 6 8 306
1 4 8 0 306
2 2 8 4 306
1 4 9 6 306
1 4 9 0 306
8 1 0 9 306
4 6 0 0 307
4 6 4 0 307
6 3 0 6 307
3 1 6 6 307
3 1 6 7 307
3 1 6 8 307
1 4 8 0 307
2 2 8 4 307
1 4 9 6 307
1 4 9 0 307
8 1 0 9 307
4 6 0 0 308
4 6 4 0 308
6 3 0 6 308
3 1 6 6 308
3 1 6 7 308
3 1 6 8 308
2 2 8 0 308
1 4 8 2 308
1 4 9 2 308
1 4 9 6 308
8 1 0 9 308
4 6 0 0 309
4 6 4 0 309
6 3 0 6 309
3 1 6 6 309
3 1 6 7 309
3 1 6 8 309
2 2 8 0 309
1 4 8 2 309
1 4 9 2 309
1 4 9 6 309
8 1 0 9 309
4 6 0 0 310
4 6 4 0 310
6 3 0 6 310
3 1 6 6 310
3 1 6 7 310
3 1 6 8 310
1 4 8 0 310
2 2 8 4 310
1 4 9 6 310
1 4 9 0 310
8 1 0 9 310
4 6 0 0 311
4 6 4 0 311
6 3 0 6 311
3 1 6 6 311
3 1 6 7 311
3 1 6 8 311
1 4 8 0 311
2 2 8 4 311
1 4 9 6 311
1 4 9 0 311
8 1 0 9 311
4 6 0 0 312
4 6 4 0 312
6 3 0 6 312
3 1 6 6 312
3 1 6 7 312
3 1 6 8 312
1 4 8 0 312
2 2 8 4 312
1 4 9 6 312
1 4 9 0 312
8 1 0 9 312
4 6 0 0 313
4 6 4 0 313
6 3 0 6 313
3 1 6 6 313
3 1 6 7 313
3 1 6 8 313
2 2 8 0 313
2 2 8 2 313
2 2 8 4 313
1 4 9 6 313
8 1 0 9 313
4 6 0 0 314
4 6 4 0 314
6 3 0 6 314
3 1 6 6 314
3 1 6 7 314
3 1 6 8 314
2 2 8 0 314
2 2 8 2 314
2 2 8 4 314
1 4 9 6 314
8 1 0 9 314
4 6 0 0 315
4 6 4 0 315
6 3 0 6 315
3 1 6 6 315
3 1 6 7 315
3 1 6 8 315
2 2 8 0 315
2 2 8 2 315
1 4 9 4 315
8 1 0 9 315
4 6 0 0 316
4 6 4 0 316
6 3 0 6 316
3 1 6 6 316
3 1 6 7 316
3 1 6 8 316
1 4 8 0 316
2 2 8 4 316
1 4 9 6 316
1 4 9 0 316
8 1 0 9 316
4 6 0 0 317
4 6 4 0 317
6 3 0 6 317
3 1 6 6 317
3 1 6 7 317
3 1 6 8 317
1 4 8 0 317
2 2 8 4 317
1 4 9 6 317
1 4 9 0 317
8 1 0 9 317
4 6 0 0 318
4 6 4 0 318
6 3 0 6 318
3 1 6 6 318
3 1 6 7 318
3 1 6 8 318
2 2 8 0 318
2 2 8 2 318
1 4 9 4 318
8 1 0 9 318
4 6 0 0 319
4 6 4 0 319
6 3 0 6 319
3 1 6 6 319
3 1 6 7 319
3 1 6 8 319
1 4 8 0 319
2 2 8 4 319
1 4 9 6 319
1 4 9 0 319
8 1 0 9 319
4 6 0 0 320
4 6 4 0 320
6 3 0 6 320
3 1 6 6 320
3 1 6 7 320
3 1 6 8 320
2 2 8 0 320
2 2 8 2 320
2 2 8 4 320
1 4 9 6 320
8 1 0 9 320
4 6 0 0 321
4 6 4 0 321
6 3 0 6 321
3 1 6 6 321
3 1 6 7 321
3 1 6 8 321
2 2 8 0 321
1 4 8 2 321
1 4 9 2 321
1 4 9 6 321
8 1 0 9 321
4 6 0 0 322
4 6 4 0 322
6 3 0 6 322
3 1 6 6 322
3 1 6 7 322
3 1 6 8 322
1 4 8 0 322
2 2 8 4 322
1 4 9 6 322
1 4 9 0 322
8 1 0 9 322
4 6 0 0 323
4 6 4 0 323
6 3 0 6 323
3 1 6 6 323
3 1 6 7 323
3 1 6 8 323
1 4 8 0 323
2 2 8 4 323
1 4 9 6 323
1 4 9 0 323
8 1 0 9 323
4 6 0 0 324
4 6 4 0 324
6 3 0 6 324
3 1 6 6 324
3 1 6 7 324
3 1 6 8 324
2 2 8 0 324
2 2 8 2 324
2 2 8 4 324
1 4 9 6 324
8 1 0 9 324
4 6 0 0 325
4 6 4 0 325
6 3 0 6 325
3 1 6 6 325
3 1 6 7 325
3 1 6 8 325
2 2 8 0 325
2 2 8 2 325
2 2 8 4 325
1 4 9 6 325
8 1 0 9 325
4 6 0 0 326
4 6 4 0 326
6 3 0 6 326
3 1 6 6 326
3 1 6 7 326
3 1 6 8 326
2 2 8 0 326
2 2 8 2 326
2 2 8 4 326
1 4 9 6 326
8 1 0 9 326
4 6 0 0 327
4 6 4 0 327
6 3 0 6 327
3 1 6 6 327
3 1 6 7 327
3 1 6 8 327
2 2 8 0 327
2 2 8 2 327
2 2 8 4 327
1 4 9 6 327
8 1 0 9 327
4 6 0 0 328
4 6 4 0 328
6 3 0 6 328
3 1 6 6 328
3 1 6 7 328
3 1 6 8 328
2 2 8 0 328
2 2 8 2 328
2 2 8 4 328
1 4 9 6 328
8 1 0 9 328
4 6 0 0 329
4 6 4 0 329
6 3 0 6 329
3 1 6 6 329
3 1 6 7 329
3 1 6 8 329
2 2 8 0 329
1 4 8 2 329
1 4 9 2 329
1 4 9 6 329
8 1 0 9 329
4 6 0 0 330
4 6 4 0 330
6 3 0 6 330
3 1 6 6 330
3 1 6 7 330
3 1 6 8 330
2 2 8 0 330
1 4 8 2 330
1 4 9 2 330
1 4 9 6 330
8 1 0 9 330
4 6 0 0 331
4 6 4 0 331
6 3 0 6 331
3 1 6 6 331
3 1 6 7 331
3 1 6 8 331
2 2 8 0 331
2 2 8 2 331
1 4 9 4 331
8 1 0 9 331
4 6 0 0 332
4 6 4 0 332
6 3 0 6 332
3 1 6 6 332
3 1 6 7 332
3 1 6 8 332
2 2 8 0 332
1 4 8 2 332
1 4 9 2 332
1 4 9 6 332
8 1 0 9 332
4 6 0 0 333
4 6 4 0 333
6 3 0 6 333
3 1 6 6 333
3 1 6 7 333
3 1 6 8 333
1 4 8 0 333
2 2 8 4 333
1 4 9 6 333
1 4 9 0 333
8 1 0 9 333
4 6 0 0 334
4 6 4 0 334
6 3 0 6 334
3 1 6 6 334
3 1 6 7 334
3 1 6 8 334
1 4 8 0 334
2 2 8 4 334
1 4 9 6 334
1 4 9 0 334
8 1 0 9 334
4 6 0 0 335
4 6 4 0 335
6 3 0 6 335
3 1 6 6 335
3 1 6 7 335
3 1 6 8 335
1 4 8 0 335
2 2 8 4 335
1 4 9 6 335
1 4 9 0 335
8 1 0 9 335
4 6 0 0 336
4 6 4 0 336
6 3 0 6 336
3 1 6 6 336
3 1 6 7 336
3 1 6 8 336
2 2 8 0 336
2 2 8 2 336
2 2 8 4 336
1 4 9 6 336
8 1 0 9 336
4 6 0 0 337
4 6 4 0 337
6 3 0 6 337
3 1 6 6 337
3 1 6 7 337
3 1 6 8 337
2 2 8 0 337
2 2 8 2 337
1 4 9 4 337
8 1 0 9 337
4 6 0 0 338
4 6 4 0 338
6 3 0 6 338
3 1 6 6 338
3 1 6 7 338
3 1 6 8 338
2 2 8 0 338
1 4 8 2 338
1 4 9 2 338
1 4 9 6 338
8 1 0 9 338
4 6 0 0 339
4 6 4 0 339
6 3 0 6 339
3 1 6 6 339
3 1 6 7 339
3 1 6 8 339
2 2 8 0 339
2 2 8 2 339
1 4 9 4 339
8 1 0 9 339
4 6 0 0 340
4 6 4 0 340
6 3 0 6 340
3 1 6 6 340
3 1 6 7 340
3 1 6 8 340
2 2 8 0 340
2 2 8 2 340
2 2 8 4 340
1 4 9 6 340
8 1 0 9 340
4 6 0 0 341
4 6 4 0 341
6 3 0 6 341
3 1 6 6 341
3 1 6 7 341
3 1 6 8 341
2 2 8 0 341
1 4 8 2 341
1 4 9 2 341
1 4 9 6 341
8 1 0 9 341
4 6 0 0 342
4 6 4 0 342
6 3 0 6 342
3 1 6 6 342
3 1 6 7 342
3 1 6 8 342
1 4 8 0 342
2 2 8 4 342
1 4 9 6 342
1 4 9 0 342
8 1 0 9 342
4 6 0 0 343
4 6 4 0 343
6 3 0 6 343
3 1 6 6 343
3 1 6 7 343
3 1 6 8 343
2 2 8 0 343
2 2 8 2 343
1 4 9 4 343
8 1 0 9 343
4 6 0 0 344
4 6 4 0 344
6 3 0 6 344
3 1 6 6 344
3 1 6 7 344
3 1 6 8 344
1 4 8 0 344
2 2 8 4 344
1 4 9 6 344
1 4 9 0 344
8 1 0 9 344
4 6 0 0 345
4 6 4 0 345
6 3 0 6 345
3 1 6 6 345
3 1 6 7 345
3 1 6 8 345
1 4 8 0 345
2 2 8 4 345
1 4 9 6 345
1 4 9 0 345
8 1 0 9 345
4 6 0 0 346
4 6 4 0 346
6 3 0 6 346
3 1 6 6 346
3 1 6 7 346
3 1 6 8 346
2 2 8 0 346
2 2 8 2 346
2 2 8 4 346
1 4 9 6 346
8 1 0 9 346
4 6 0 0 347
4 6 4 0 347
6 3 0 6 347
3 1 6 6 347
3 1 6 7 347
3 1 6 8 347
2 2 8 0 347
2 2 8 2 347
2 2 8 4 347
1 4 9 6 347
8 1 0 9 347
4 6 0 0 348
4 6 4 0 348
6 3 0 6 348
3 1 6 6 348
3 1 6 7 348
3 1 6 8 348
2 2 8 0 348
2 2 8 2 348
2 2 8 4 348
1 4 9 6 348
8 1 0 9 348
4 6 0 0 349
4 6 4 0 349
6 3 0 6 349
3 1 6 6 349
3 1 6 7 349
3 1 6 8 349
1 4 8 0 349
2 2 8 4 349
1 4 9 6 349
1 4 9 0 349
8 1 0 9 349
4 6 0 0 350
4 6 4 0 350
6 3 0 6 350
3 1 6 6 350
3 1 6 7 350
3 1 6 8 350
2 2 8 0 350
2 2 8 2 350
2 2 8 4 350
1 4 9 6 350
8 1 0 9 350
4 6 0 0 351
4 6 4 0 351
6 3 0 6 351
3 1 6 6 351
3 1 6 7 351
3 1 6 8 351
2 2 8 0 351
1 4 8 2 351
1 4 9 2 351
1 4 9 6 351
8 1 0 9 351
4 6 0 0 352
4 6 4 0 352
6 3 0 6 352
3 1 6 6 352
3 1 6 7 352
3 1 6 8 352
1 4 8 0 352
2 2 8 4 352
1 4 9 6 352
1 4 9 0 352
8 1 0 9 352
4 6 0 0 353
4 6 4 0 353
6 3 0 6 353
3 1 6 6 353
3 1 6 7 353
3 1 6 8 353
2 2 8 0 353
1 4 8 2 353
1 4 9 2 353
1 4 9 6 353
8 1 0 9 353
4 6 0 0 354
4 6 4 0 354
6 3 0 6 354
3 1 6 6 354
3 1 6 7 354
3 1 6 8 354
2 2 8 0 354
2 2 8 2 354
1 4 9 4 354
8 1 0 9 354
4 6 0 0 355
4 6 4 0 355
6 3 0 6 355
3 1 6 6 355
3 1 6 7 355
3 1 6 8 355
2 2 8 0 355
1 4 8 2 355
1 4 9 2 355
1 4 9 6 355
8 1 0 9 355
4 6 0 0 356
4 6 4 0 356
6 3 0 6 356
3 1 6 6 356
3 1 6 7 356
3 1 6 8 356
1 4 8 0 356
2 2 8 4 356
1 4 9 6 356
1 4 9 0 356
8 1 0 9 356
4 6 0 0 357
4 6 4 0 357
6 3 0 6 357
3 1 6 6 357
3 1 6 7 357
3 1 6 8 357
2 2 8 0 357
2 2 8 2 357
1 4 9 4 357
8 1 0 9 357
4 6 0 0 358
4 6 4 0 358
6 3 0 6 358
3 1 6 6 358
3 1 6 7 358
3 1 6 8 358
2 2 8 0 358
1 4 8 2 358
1 4 9 2 358
1 4 9 6 358
8 1 0 9 358
4 6 0 0 359
4 6 4 0 359
6 3 0 6 359
3 1 6 6 359
3 1 6 7 359
3 1 6 8 359
2 2 8 0 359
2 2 8 2 359
2 2 8 4 359
1 4 9 6 359
8 1 0 9 359
4 6 0 0 360
4 6 4 0 360
6 3 0 6 360
3 1 6 6 360
3 1 6 7 360
3 1 6 8 360
1 4 8 0 360
2 2 8 4 360
1 4 9 6 360
1 4 9 0 360
8 1 0 9 360
4 6 0 0 361
4 6 4 0 361
6 3 0 6 361
3 1 6 6 361
3 1 6 7 361
3 1 6 8 361
1 4 8 0 361
2 2 8 4 361
1 4 9 6 361
1 4 9 0 361
8 1 0 9 361
4 6 0 0 362
4 6 4 0 362
6 3 0 6 362
3 1 6 6 362
3 1 6 7 362
3 1 6 8 362
2 2 8 0 362
2 2 8 2 362
2 2 8 4 362
1 4 9 6 362
8 1 0 9 362
4 6 0 0 363
4 6 4 0 363
6 3 0 6 363
3 1 6 6 363
3 1 6 7 363
3 1 6 8 363
2 2 8 0 363
2 2 8 2 363
2 2 8 4 363
1 4 9 6 363
8 1 0 9 363
4 6 0 0 364
4 6 4 0 364
6 3 0 6 364
3 1 6 6 364
3 1 6 7 364
3 1 6 8 364
2 2 8 0 364
2 2 8 2 364
2 2 8 4 364
1 4 9 6 364
8 1 0 9 364
4 6 0 0 365
4 6 4 0 365
6 3 0 6 365
3 1 6 6 365
3 1 6 7 365
3 1 6 8 365
1 4 8 0 365
2 2 8 4 365
1 4 9 6 365
1 4 9 0 365
8 1 0 9 365
4 6 0 0 366
4 6 4 0 366
6 3 0 6 366
3 1 6 6 366
3 1 6 7 366
3 1 6 8 366
1 4 8 0 366
2 2 8 4 366
1 4 9 6 366
1 4 9 0 366
8 1 0 9 366
4 6 0 0 367
4 6 4 0 367
6 3 0 6 367
3 1 6 6 367
3 1 6 7 367
3 1 6 8 367
2 2 8 0 367
1 4 8 2 367
1 4 9 2 367
1 4 9 6 367
8 1 0 9 367
4 6 0 0 368
4 6 4 0 368
6 3 0 6 368
3 1 6 6 368
3 1 6 7 368
3 1 6 8 368
2 2 8 0 368
2 2 8 2 368
1 4 9 4 368
8 1 0 9 368
4 6 0 0 369
4 6 4 0 369
6 3 0 6 369
3 1 6 6 369
3 1 6 7 369
3 1 6 8 369
1 4 8 0 369
2 2 8 4 369
1 4 9 6 369
1 4 9 0 369
8 1 0 9 369
4 6 0 0 370
4 6 4 0 370
6 3 0 6 370
3 1 6 6 370
3 1 6 7 370
3 1 6 8 370
1 4 8 0 370
2 2 8 4 370
1 4 9 6 370
1 4 9 0 370
8 1 0 9 370
4 6 0 0 371
4 6 4 0 371
6 3 0 6 371
3 1 6 6 371
3 1 6 7 371
3 1 6 8 371
1 4 8 0 371
2 2 8 4 371
1 4 9 6 371
1 4 9 0 371
8 1 0 9 371
4 6 0 0 372
4 6 4 0 372
6 3 0 6 372
3 1 6 6 372
3 1 6 7 372
3 1 6 8 372
1 4 8 0 372
2 2 8 4 372
1 4 9 6 372
1 4 9 0 372
8 1 0 9 372
4 6 0 0 373
4 6 4 0 373
6 3 0 6 373
3 1 6 6 373
3 1 6 7 373
3 1 6 8 373
1 4 8 0 373
2 2 8 4 373
1 4 9 6 373
1 4 9 0 373
8 1 0 9 373
4 6 0 0 374
4 6 4 0 374
6 3 0 6 374
3 1 6 6 374
3 1 6 7 374
3 1 6 8 374
1 4 8 0 374
2 2 8 4 374
1 4 9 6 374
1 4 9 0 374
8 1 0 9 374
4 6 0 0 375
4 6 4 0 375
6 3 0 6 375
3 1 6 6 375
3 1 6 7 375
3 1 6 8 375
1 4 8 0 375
2 2 8 4 375
1 4 9 6 375
1 4 9 0 375
8 1 0 9 375
4 6 0 0 376
4 6 4 0 376
6 3 0 6 376
3 1 6 6 376
3 1 6 7 376
3 1 6 8 376
1 4 8 0 376
2 2 8 4 376
1 4 9 6 376
1 4 9 0 376
8 1 0 9 376
4 6 0 0 377
4 6 4 0 377
6 3 0 6 377
3 1 6 6 377
3 1 6 7 377
3 1 6 8 377
1 4 8 0 377
2 2 8 4 377
1 4 9 6 377
1 4 9 0 377
8 1 0 9 377
4 6 0 0 378
4 6 4 0 378
6 3 0 6 378
3 1 6 6 378
3 1 6 7 378
3 1 6 8 378
1 4 8 0 378
2 2 8 4 378
1 4 9 6 378
1 4 9 0 378
8 1 0 9 378
4 6 0 0 379
4 6 4 0 379
6 3 0 6 379
3 1 6 6 379
3 1 6 7 379
3 1 6 8 379
1 4 8 0 379
2 2 8 4 379
1 4 9 6 379
1 4 9 0 379
8 1 0 9 379
4 6 0 0 380
4 6 4 0 380
6 3 0 6 380
3 1 6 6 380
3 1 6 7 380
3 1 6 8 380
2 2 8 0 380
2 2 8 2 380
2 2 8 4 380
1 4 9 6 380
8 1 0 9 380
4 6 0 0 381
4 6 4 0 381
6 3 0 6 381
3 1 6 6 381
3 1 6 7 381
3 1 6 8 381
2 2 8 0 381
2 2 8 2 381
2 2 8 4 381
1 4 9 6 381
8 1 0 9 381
4 6 0 0 382
4 6 4 0 382
6 3 0 6 382
3 1 6 6 382
3 1 6 7 382
3 1 6 8 382
2 2 8 0 382
2 2 8 2 382
1 4 9 4 382
8 1 0 9 382
4 6 0 0 383
4 6 4 0 383
6 3 0 6 383
3 1 6 6 383
3 1 6 7 383
3 1 6 8 383
1 4 8 0 383
2 2 8 4 383
1 4 9 6 383
1 4 9 0 383
8 1 0 9 383
4 6 0 0 384
4 6 4 0 384
6 3 0 6 384
3 1 6 6 384
3 1 6 7 384
3 1 6 8 384
2 2 8 0 384
2 2 8 2 384
1 4 9 4 384
8 1 0 9 384
4 6 0 0 385
4 6 4 0 385
6 3 0 6 385
3 1 6 6 385
3 1 6 7 385
3 1 6 8 385
1 4 8 0 385
2 2 8 4 385
1 4 9 6 385
1 4 9 0 385
8 1 0 9 385
4 6 0 0 386
4 6 4 0 386
6 3 0 6 386
3 1 6 6 386
3 1 6 7 386
3 1 6 8 386
2 2 8 0 386
2 2 8 2 386
2 2 8 4 386
1 4 9 6 386
8 1 0 9 386
4 6 0 0 387
4 6 4 0 387
6 3 0 6 387
3 1 6 6 387
3 1 6 7 387
3 1 6 8 387
1 4 8 0 387
2 2 8 4 387
1 4 9 6 387
1 4 9 0 387
8 1 0 9 387
4 6 0 0 388
4 6 4 0 388
6 3 0 6 388
3 1 6 6 388
3 1 6 7 388
3 1 6 8 388
1 4 8 0 388
2 2 8 4 388
1 4 9 6 388
1 4 9 0 388
8 1 0 9 388
4 6 0 0 389
4 6 4 0 389
6 3 0 6 389
3 1 6 6 389
3 1 6 7 389
3 1 6 8 389
1 4 8 0 389
2 2 8 4 389
1 4 9 6 389
1 4 9 0 389
8 1 0 9 389
4 6 0 0 390
4 6 4 0 390
6 3 0 6 390
3 1 6 6 390
3 1 6 7 390
3 1 6 8 390
2 2 8 0 390
2 2 8 2 390
2 2 8 4 390
1 4 9 6 390
8 1 0 9 390
4 6 0 0 391
4 6 4 0 391
6 3 0 6 391
3 1 6 6 391
3 1 6 7 391
3 1 6 8 391
2 2 8 0 391
2 2 8 2 391
2 2 8 4 391
1 4 9 6 391
8 1 0 9 391
4 6 0 0 392
4 6 4 0 392
6 3 0 6 392
3 1 6 6 392
3 1 6 7 392
3 1 6 8 392
2 2 8 0 392
2 2 8 2 392
2 2 8 4 392
1 4 9 6 392
8 1 0 9 392
4 6 0 0 393
4 6 4 0 393
6 3 0 6 393
3 1 6 6 393
3 1 6 7 393
3 1 6 8 393
2 2 8 0 393
2 2 8 2 393
1 4 9 4 393
8 1 0 9 393
4 6 0 0 394
4 6 4 0 394
6 3 0 6 394
3 1 6 6 394
3 1 6 7 394
3 1 6 8 394
2 2 8 0 394
1 4 8 2 394
1 4 9 2 394
1 4 9 6 394
8 1 0 9 394
4 6 0 0 395
4 6 4 0 395
6 3 0 6 395
3 1 6 6 395
3 1 6 7 395
3 1 6 8 395
1 4 8 0 395
2 2 8 4 395
1 4 9 6 395
1 4 9 0 395
8 1 0 9 395
4 6 0 0 396
4 6 4 0 396
6 3 0 6 396
3 1 6 6 396
3 1 6 7 396
3 1 6 8 396
1 4 8 0 396
2 2 8 4 396
1 4 9 6 396
1 4 9 0 396
8 1 0 9 396
4 6 0 0 397
4 6 4 0 397
6 3 0 6 397
3 1 6 6 397
3 1 6 7 397
3 1 6 8 397
2 2 8 0 397
2 2 8 2 397
1 4 9 4 397
8 1 0 9 397
4 6 0 0 398
4 6 4 0 398
6 3 0 6 398
3 1 6 6 398
3 1 6 7 398
3 1 6 8 398
2 2 8 0 398
1 4 8 2 398
1 4 9 2 398
1 4 9 6 398
8 1 0 9 398
4 6 0 0 399
4 6 4 0 399
6 3 0 6 399
3 1 6 6 399
3 1 6 7 399
3 1 6 8 399
2 2 8 0 399
2 2 8 2 399
2 2 8 4 399
1 4 9 6 399
8 1 0 9 399
6 3 0 0 400
6 3 0 3 400
4 9 6 0 400
3 1 0 6 400
3 1 3 6 400
3 1 0 7 400
3 1 3 7 400
3 1 0 8 400
3 1 3 8 400
8 1 0 9 400
3 2 0 0 401
3 2 0 2 401
6 3 0 4 401
6 3 3 0 401
6 3 0 7 401
3 2 6 3 401
2 3 6 5 401
2 3 8 5 401
3 2 6 8 401
6 3 0 0 402
6 3 0 3 402
6 3 0 6 402
3 2 6 0 402
2 3 6 2 402
2 3 6 5 402
2 3 8 2 402
3 2 6 8 402
2 3 8 5 402
6 3 0 0 403
6 3 0 3 403
3 2 0 6 403
2 3 3 6 403
3 2 0 8 403
3 2 5 6 403
2 3 6 0 403
2 3 6 3 403
3 2 5 8 403
2 7 8 0 403
3 2 0 0 404
3 2 0 2 404
3 2 0 4 404
6 3 0 6 404
6 3 3 0 404
6 3 3 3 404
3 2 6 6 404
3 2 6 8 404
6 3 0 0 405
6 3 0 3 405
6 3 0 6 405
3 2 6 0 405
2 3 6 2 405
2 3 6 5 405
2 3 8 2 405
2 3 8 5 405
3 2 6 8 405
6 3 0 0 406
6 3 0 3 406
3 2 0 6 406
2 3 3 6 406
2 3 5 6 406
2 3 6 0 406
3 2 0 8 406
2 3 6 3 406
3 2 7 6 406
3 2 7 8 406
2 3 8 0 406
2 3 8 3 406
6 3 0 0 407
6 3 0 3 407
3 2 0 6 407
3 2 3 6 407
3 2 0 8 407
3 2 3 8 407
3 2 6 0 407
2 3 6 2 407
3 2 6 5 407
2 3 8 2 407
2 3 6 7 407
2 3 8 7 407
6 3 0 0 408
6 3 0 3 408
3 2 0 6 408
3 2 3 6 408
3 2 0 8 408
3 2 3 8 408
3 2 6 0 408
3 2 6 2 408
3 2 6 4 408
2 3 6 6 408
2 3 8 6 408
3 2 0 0 409
3 2 0 2 409
6 3 0 4 409
6 3 3 0 409
6 3 0 7 409
3 2 6 3 409
2 3 6 5 409
2 3 8 5 409
3 2 6 8 409
6 3 0 0 410
6 3 0 3 410
6 3 0 6 410
3 2 6 0 410
3 2 6 2 410
3 2 6 4 410
3 2 6 6 410
3 2 6 8 410
6 3 0 0 411
6 3 0 3 411
3 2 0 6 411
3 2 3 6 411
3 2 0 8 411
3 2 3 8 411
3 2 6 0 411
3 2 6 2 411
2 3 6 4 411
3 2 6 7 411
2 3 8 4 411
6 3 0 0 412
6 3 0 3 412
3 2 0 6 412
3 2 3 6 412
3 2 0 8 412
3 2 3 8 412
3 2 6 0 412
3 2 6 2 412
2 3 6 4 412
3 2 6 7 412
2 3 8 4 412
3 2 0 0 413
3 2 0 2 413
3 2 0 4 413
6 3 0 6 413
6 3 3 0 413
6 3 3 3 413
3 2 6 6 413
3 2 6 8 413
6 3 0 0 414
6 3 0 3 414
6 3 0 6 414
3 2 6 0 414
2 3 6 2 414
2 3 6 5 414
3 2 6 8 414
2 3 8 2 414
2 3 8 5 414
6 3 0 0 415
6 3 0 3 415
3 2 0 6 415
2 3 3 6 415
3 2 0 8 415
2 3 5 6 415
3 2 6 0 415
2 3 6 2 415
3 2 7 5 415
3 2 7 7 415
2 3 8 2 415
3 2 0 0 416
3 2 0 2 416
3 2 0 4 416
6 3 0 6 416
6 3 3 0 416
6 3 3 3 416
3 2 6 6 416
3 2 6 8 416
6 3 0 0 417
6 3 0 3 417
6 3 0 6 417
3 2 6 0 417
3 2 6 2 417
2 3 6 4 417
2 3 6 7 417
2 3 8 4 417
2 3 8 7 417
3 2 0 0 418
3 2 0 2 418
3 2 0 4 418
6 3 0 6 418
6 3 3 0 418
6 3 3 3 418
3 2 6 6 418
3 2 6 8 418
6 3 0 0 419
6 3 0 3 419
6 3 0 6 419
3 2 6 0 419
3 2 6 2 419
2 3 6 4 419
3 2 6 7 419
2 3 8 4 419
8 1 0 9 419
3 2 0 0 420
3 2 0 2 420
3 2 0 4 420
6 3 0 6 420
6 3 3 0 420
6 3 3 3 420
3 2 6 6 420
3 2 6 8 420
6 3 0 0 421
6 3 0 3 421
6 3 0 6 421
3 2 6 0 421
3 2 6 2 421
2 3 6 4 421
3 2 6 7 421
2 3 8 4 421
8 1 0 9 421
6 3 0 0 422
6 3 0 3 422
3 2 0 6 422
2 3 3 6 422
2 3 5 6 422
3 2 0 8 422
2 3 6 0 422
2 3 6 3 422
3 2 7 6 422
2 3 8 0 422
3 2 7 8 422
2 3 8 3 422
3 2 0 0 423
3 2 0 2 423
3 2 0 4 423
6 3 0 6 423
6 3 3 0 423
6 3 3 3 423
3 2 6 6 423
3 2 6 8 423
6 3 0 0 424
6 3 0 3 424
6 3 0 6 424
3 2 6 0 424
2 3 6 2 424
3 2 6 5 424
2 3 8 2 424
3 2 6 7 424
8 1 0 9 424
3 2 0 0 425
3 2 0 2 425
6 3 0 4 425
6 3 3 0 425
6 3 0 7 425
3 2 6 3 425
2 3 6 5 425
2 3 8 5 425
3 2 6 8 425
6 3 0 0 426
6 3 0 3 426
6 3 0 6 426
3 2 6 0 426
3 2 6 2 426
2 3 6 4 426
3 2 6 7 426
2 3 8 4 426
8 1 0 9 426
3 2 0 0 427
3 2 0 2 427
3 2 0 4 427
6 3 0 6 427
6 3 3 0 427
6 3 3 3 427
3 2 6 6 427
3 2 6 8 427
6 3 0 0 428
6 3 0 3 428
6 3 0 6 428
3 2 6 0 428
3 2 6 2 428
3 2 6 4 428
3 2 6 6 428
3 2 6 8 428
3 2 0 0 429
3 2 0 2 429
3 2 0 4 429
6 3 0 6 429
6 3 3 0 429
6 3 3 3 429
3 2 6 6 429
3 2 6 8 429
6 3 0 0 430
6 3 0 3 430
6 3 0 6 430
3 2 6 0 430
3 2 6 2 430
2 3 6 4 430
2 3 6 7 430
2 3 8 4 430
2 3 8 7 430
3 2 0 0 431
3 2 0 2 431
6 3 0 4 431
6 3 3 0 431
6 3 0 7 431
3 2 6 3 431
3 2 6 5 431
3 2 6 7 431
6 3 0 0 432
6 3 0 3 432
6 3 0 6 432
3 2 6 0 432
3 2 6 2 432
3 2 6 4 432
3 2 6 6 432
3 2 6 8 432
6 3 0 0 433
6 3 0 3 433
3 2 0 6 433
2 3 3 6 433
2 3 5 6 433
2 3 6 0 433
2 3 6 3 433
2 3 7 6 433
3 2 0 8 433
2 3 8 0 433
2 3 8 3 433
6 3 0 0 434
6 3 0 3 434
3 2 0 6 434
3 2 3 6 434
3 2 0 8 434
3 2 3 8 434
3 2 6 0 434
3 2 6 2 434
2 3 6 4 434
2 3 6 7 434
2 3 8 4 434
2 3 8 7 434
6 3 0 0 435
6 3 0 3 435
3 2 0 6 435
3 2 3 6 435
3 2 0 8 435
3 2 3 8 435
3 2 6 0 435
3 2 6 2 435
3 2 6 4 435
3 2 6 6 435
3 2 6 8 435
3 2 0 0 436
3 2 0 2 436
3 2 0 4 436
6 3 0 6 436
6 3 3 0 436
6 3 3 3 436
2 3 6 6 436
2 3 8 6 436
8 1 0 9 436
6 3 0 0 437
6 3 0 3 437
6 3 0 6 437
3 2 6 0 437
3 2 6 2 437
3 2 6 4 437
3 2 6 6 437
3 2 6 8 437
3 2 0 0 438
3 2 0 2 438
6 3 0 4 438
6 3 3 0 438
6 3 0 7 438
2 3 6 3 438
3 2 6 6 438
3 2 6 8 438
2 3 8 3 438
6 3 0 0 439
6 3 0 3 439
6 3 0 6 439
3 2 6 0 439
2 3 6 2 439
3 2 6 5 439
3 2 6 7 439
2 3 8 2 439
8 1 0 9 439
6 3 0 0 440
6 3 0 3 440
3 2 0 6 440
2 3 3 6 440
2 3 5 6 440
3 2 0 8 440
2 3 6 0 440
3 2 6 3 440
3 2 7 5 440
3 2 7 7 440
2 3 8 0 440
6 3 0 0 441
6 3 0 3 441
3 2 0 6 441
3 2 3 6 441
3 2 0 8 441
3 2 3 8 441
3 2 6 0 441
3 2 6 2 441
3 2 6 4 441
3 2 6 6 441
3 2 6 8 441
3 2 0 0 442
3 2 0 2 442
6 3 0 4 442
6 3 3 0 442
6 3 0 7 442
3 2 6 3 442
3 2 6 5 442
2 3 6 7 442
2 3 8 7 442
6 3 0 0 443
6 3 0 3 443
6 3 0 6 443
3 2 6 0 443
3 2 6 2 443
2 3 6 4 443
2 3 6 7 443
2 3 8 4 443
2 3 8 7 443
3 2 0 0 444
3 2 0 2 444
3 2 0 4 444
6 3 0 6 444
6 3 3 0 444
6 3 3 3 444
2 3 6 6 444
2 3 8 6 444
8 1 0 9 444
6 3 0 0 445
6 3 0 3 445
6 3 0 6 445
3 2 6 0 445
3 2 6 2 445
3 2 6 4 445
3 2 6 6 445
3 2 6 8 445
6 3 0 0 446
6 3 0 3 446
3 2 0 6 446
3 2 3 6 446
8 1 0 8 446
8 1 0 9 446
3 3 6 0 446
3 3 6 3 446
8 1 0 0 447
8 1 0 1 447
8 1 0 2 447
6 3 0 3 447
6 3 0 6 447
8 1 0 9 447
3 3 6 3 447
3 3 6 6 447
6 3 0 0 448
6 3 0 3 448
6 3 0 6 448
8 1 0 9 448
3 3 6 0 448
3 3 6 3 448
3 3 6 6 448
8 1 0 0 449
8 1 0 1 449
8 1 0 2 449
6 3 0 3 449
6 3 0 6 449
8 1 0 9 449
3 3 6 3 449
3 3 6 6 449
6 3 0 0 450
6 3 0 3 450
6 3 0 6 450
8 1 0 9 450
3 3 6 0 450
3 3 6 3 450
3 3 6 6 450
8 1 0 0 451
8 1 0 1 451
8 1 0 2 451
6 3 0 3 451
6 3 0 6 451
8 1 0 9 451
3 3 6 3 451
3 3 6 6 451
6 3 0 0 452
6 3 0 3 452
6 3 0 6 452
8 1 0 9 452
3 3 6 0 452
3 3 6 3 452
3 3 6 6 452
8 1 0 0 453
8 1 0 1 453
8 1 0 2 453
6 3 0 3 453
6 3 0 6 453
8 1 0 9 453
3 3 6 3 453
3 3 6 6 453
6 3 0 0 454
6 3 0 3 454
6 3 0 6 454
8 1 0 9 454
3 3 6 0 454
3 3 6 3 454
3 3 6 6 454
8 1 0 0 455
8 1 0 1 455
8 1 0 2 455
6 3 0 3 455
6 3 0 6 455
8 1 0 9 455
3 3 6 3 455
3 3 6 6 455
6 3 0 0 456
6 3 0 3 456
6 3 0 6 456
8 1 0 9 456
3 3 6 0 456
3 3 6 3 456
3 3 6 6 456
8 1 0 0 457
8 1 0 1 457
8 1 0 2 457
6 3 0 3 457
6 3 0 6 457
8 1 0 9 457
3 3 6 3 457
3 3 6 6 457
6 3 0 0 458
6 3 0 3 458
6 3 0 6 458
8 1 0 9 458
3 3 6 0 458
3 3 6 3 458
3 3 6 6 458
8 1 0 0 459
8 1 0 1 459
8 1 0 2 459
6 3 0 3 459
6 3 0 6 459
8 1 0 9 459
3 3 6 3 459
3 3 6 6 459
6 3 0 0 460
6 3 0 3 460
6 3 0 6 460
8 1 0 9 460
3 3 6 0 460
3 3 6 3 460
3 3 6 6 460
8 1 0 0 461
8 1 0 1 461
8 1 0 2 461
6 3 0 3 461
6 3 0 6 461
8 1 0 9 461
3 3 6 3 461
3 3 6 6 461
6 3 0 0 462
6 3 0 3 462
6 3 0 6 462
8 1 0 9 462
3 3 6 0 462
3 3 6 3 462
3 3 6 6 462
8 1 0 0 463
8 1 0 1 463
8 1 0 2 463
6 3 0 3 463
6 3 0 6 463
8 1 0 9 463
3 3 6 3 463
3 3 6 6 463
6 3 0 0 464
6 3 0 3 464
6 3 0 6 464
8 1 0 9 464
3 3 6 0 464
3 3 6 3 464
3 3 6 6 464
8 1 0 0 465
8 1 0 1 465
8 1 0 2 465
6 3 0 3 465
6 3 0 6 465
8 1 0 9 465
3 3 6 3 465
3 3 6 6 465
6 3 0 0 466
6 3 0 3 466
6 3 0 6 466
8 1 0 9 466
3 3 6 0 466
3 3 6 3 466
3 3 6 6 466
8 1 0 0 467
8 1 0 1 467
8 1 0 2 467
6 3 0 3 467
6 3 0 6 467
8 1 0 9 467
3 3 6 3 467
3 3 6 6 467
6 3 0 0 468
6 3 0 3 468
6 3 0 6 468
8 1 0 9 468
3 3 6 0 468
3 3 6 3 468
3 3 6 6 468
8 1 0 0 469
8 1 0 1 469
8 1 0 2 469
6 3 0 3 469
6 3 0 6 469
8 1 0 9 469
3 3 6 3 469
3 3 6 6 469
6 3 0 0 470
6 3 0 3 470
6 3 0 6 470
8 1 0 9 470
3 3 6 0 470
3 3 6 3 470
3 3 6 6 470
8 1 0 0 471
8 1 0 1 471
8 1 0 2 471
6 3 0 3 471
6 3 0 6 471
8 1 0 9 471
3 3 6 3 471
3 3 6 6 471
6 3 0 0 472
6 3 0 3 472
6 3 0 6 472
8 1 0 9 472
3 3 6 0 472
3 3 6 3 472
3 3 6 6 472
8 1 0 0 473
8 1 0 1 473
8 1 0 2 473
6 3 0 3 473
6 3 0 6 473
8 1 0 9 473
3 3 6 3 473
3 3 6 6 473
6 3 0 0 474
6 3 0 3 474
6 3 0 6 474
8 1 0 9 474
3 3 6 0 474
3 3 6 3 474
3 3 6 6 474
8 1 0 0 475
8 1 0 1 475
8 1 0 2 475
6 3 0 3 475
6 3 0 6 475
8 1 0 9 475
3 3 6 3 475
3 3 6 6 475
6 3 0 0 476
6 3 0 3 476
6 3 0 6 476
8 1 0 9 476
3 3 6 0 476
3 3 6 3 476
3 3 6 6 476
8 1 0 0 477
8 1 0 1 477
8 1 0 2 477
6 3 0 3 477
6 3 0 6 477
8 1 0 9 477
3 3 6 3 477
3 3 6 6 477
6 3 0 0 478
6 3 0 3 478
6 3 0 6 478
8 1 0 9 478
3 3 6 0 478
3 3 6 3 478
3 3 6 6 478
8 1 0 0 479
8 1 0 1 479
8 1 0 2 479
6 3 0 3 479
6 3 0 6 479
8 1 0 9 479
3 3 6 3 479
3 3 6 6 479
6 3 0 0 480
6 3 0 3 480
6 3 0 6 480
8 1 0 9 480
3 3 6 0 480
3 3 6 3 480
3 3 6 6 480
8 1 0 0 481
8 1 0 1 481
8 1 0 2 481
6 3 0 3 481
6 3 0 6 481
8 1 0 9 481
3 3 6 3 481
3 3 6 6 481
6 3 0 0 482
6 3 0 3 482
6 3 0 6 482
8 1 0 9 482
3 3 6 0 482
3 3 6 3 482
3 3 6 6 482
8 1 0 0 483
8 1 0 1 483
8 1 0 2 483
6 3 0 3 483
6 3 0 6 483
8 1 0 9 483
3 3 6 3 483
3 3 6 6 483
6 3 0 0 484
6 3 0 3 484
6 3 0 6 484
8 1 0 9 484
3 3 6 0 484
3 3 6 3 484
3 3 6 6 484
8 1 0 0 485
8 1 0 1 485
8 1 0 2 485
6 3 0 3 485
6 3 0 6 485
8 1 0 9 485
3 3 6 3 485
3 3 6 6 485
6 3 0 0 486
6 3 0 3 486
6 3 0 6 486
8 1 0 9 486
3 3 6 0 486
3 3 6 3 486
3 3 6 6 486
8 1 0 0 487
8 1 0 1 487
8 1 0 2 487
6 3 0 3 487
6 3 0 6 487
8 1 0 9 487
3 3 6 3 487
3 3 6 6 487
6 3 0 0 488
6 3 0 3 488
6 3 0 6 488
8 1 0 9 488
3 3 6 0 488
3 3 6 3 488
3 3 6 6 488
8 1 0 0 489
8 1 0 1 489
8 1 0 2 489
6 3 0 3 489
6 3 0 6 489
8 1 0 9 489
3 3 6 3 489
3 3 6 6 489
6 3 0 0 490
6 3 0 3 490
6 3 0 6 490
8 1 0 9 490
3 3 6 0 490
3 3 6 3 490
3 3 6 6 490
8 1 0 0 491
8 1 0 1 491
8 1 0 2 491
6 3 0 3 491
6 3 0 6 491
8 1 0 9 491
3 3 6 3 491
3 3 6 6 491
6 3 0 0 492
6 3 0 3 492
6 3 0 6 492
8 1 0 9 492
3 3 6 0 492
3 3 6 3 492
3 3 6 6 492
8 1 0 0 493
8 1 0 1 493
8 1 0 2 493
6 3 0 3 493
6 3 0 6 493
8 1 0 9 493
3 3 6 3 493
3 3 6 6 493
6 3 0 0 494
6 3 0 3 494
6 3 0 6 494
8 1 0 9 494
3 3 6 0 494
3 3 6 3 494
3 3 6 6 494
8 1 0 0 495
8 1 0 1 495
8 1 0 2 495
6 3 0 3 495
6 3 0 6 495
8 1 0 9 495
3 3 6 3 495
3 3 6 6 495
6 3 0 0 496
6 3 0 3 496
6 3 0 6 496
8 1 0 9 496
3 3 6 0 496
3 3 6 3 496
3 3 6 6 496
8 1 0 0 497
8 1 0 1 497
8 1 0 2 497
6 3 0 3 497
6 3 0 6 497
8 1 0 9 497
3 3 6 3 497
3 3 6 6 497
6 3 0 0 498
6 3 0 3 498
6 3 0 6 498
8 1 0 9 498
3 3 6 0 498
3 3 6 3 498
3 3 6 6 498
8 1 0 0 499
8 1 0 1 499
8 1 0 2 499
6 3 0 3 499
6 3 0 6 499
8 1 0 9 499
3 3 6 3 499
3 3 6 6 499
6 3 0 0 500
6 3 0 3 500
6 3 0 6 500
8 1 0 9 500
3 3 6 0 500
3 3 6 3 500
3 3 6 6 500
8 1 0 0 501
8 1 0 1 501
8 1 0 2 501
6 3 0 3 501
6 3 0 6 501
8 1 0 9 501
3 3 6 3 501
3 3 6 6 501
6 3 0 0 502
6 3 0 3 502
6 3 0 6 502
8 1 0 9 502
3 3 6 0 502
3 3 6 3 502
3 3 6 6 502
8 1 0 0 503
8 1 0 1 503
8 1 0 2 503
6 3 0 3 503
6 3 0 6 503
8 1 0 9 503
3 3 6 3 503
3 3 6 6 503
6 3 0 0 504
6 3 0 3 504
6 3 0 6 504
8 1 0 9 504
3 3 6 0 504
3 3 6 3 504
3 3 6 6 504
8 1 0 0 505
8 1 0 1 505
8 1 0 2 505
6 3 0 3 505
6 3 0 6 505
8 1 0 9 505
3 3 6 3 505
3 3 6 6 505
6 3 0 0 506
6 3 0 3 506
6 3 0 6 506
8 1 0 9 506
3 3 6 0 506
3 3 6 3 506
3 3 6 6 506
8 1 0 0 507
8 1 0 1 507
8 1 0 2 507
6 3 0 3 507
6 3 0 6 507
8 1 0 9 507
3 3 6 3 507
3 3 6 6 507
6 3 0 0 508
6 3 0 3 508
6 3 0 6 508
8 1 0 9 508
3 3 6 0 508
3 3 6 3 508
3 3 6 6 508
8 1 0 0 509
8 1 0 1 509
8 1 0 2 509
6 3 0 3 509
6 3 0 6 509
8 1 0 9 509
3 3 6 3 509
3 3 6 6 509
6 3 0 0 510
6 3 0 3 510
6 3 0 6 510
8 1 0 9 510
3 3 6 0 510
3 3 6 3 510
3 3 6 6 510
8 1 0 0 511
8 1 0 1 511
8 1 0 2 511
6 3 0 3 511
6 3 0 6 511
8 1 0 9 511
3 3 6 3 511
3 3 6 6 511
6 3 0 0 512
6 3 0 3 512
6 3 0 6 512
8 1 0 9 512
3 3 6 0 512
3 3 6 3 512
3 3 6 6 512
8 1 0 0 513
8 1 0 1 513
8 1 0 2 513
6 3 0 3 513
6 3 0 6 513
8 1 0 9 513
3 3 6 3 513
3 3 6 6 513
6 3 0 0 514
6 3 0 3 514
6 3 0 6 514
8 1 0 9 514
3 3 6 0 514
3 3 6 3 514
3 3 6 6 514
8 1 0 0 515
8 1 0 1 515
8 1 0 2 515
6 3 0 3 515
6 3 0 6 515
8 1 0 9 515
3 3 6 3 515
3 3 6 6 515
6 3 0 0 516
6 3 0 3 516
6 3 0 6 516
8 1 0 9 516
3 3 6 0 516
3 3 6 3 516
8 1 0 0 517
8 1 0 1 517
8 1 0 2 517
6 3 0 3 517
6 3 0 6 517
8 1 0 9 517
3 3 6 3 517
3 3 6 6 517
6 3 0 0 518
6 3 0 3 518
6 3 0 6 518
8 1 0 9 518
2 7 6 0 518
2 7 8 0 518
8 1 0 0 519
8 1 0 1 519
8 1 0 2 519
6 3 0 3 519
6 3 0 6 519
8 1 0 9 519
3 3 6 3 519
3 3 6 6 519
6 3 0 0 520
6 3 0 3 520
6 3 0 6 520
8 1 0 9 520
2 7 6 0 520
2 7 8 0 520
8 1 0 0 521
8 1 0 1 521
8 1 0 2 521
6 3 0 3 521
6 3 0 6 521
8 1 0 9 521
3 3 6 3 521
3 3 6 6 521
6 3 0 0 522
6 3 0 3 522
6 3 0 6 522
8 1 0 9 522
2 7 6 0 522
2 7 8 0 522
8 1 0 0 523
8 1 0 1 523
8 1 0 2 523
6 3 0 3 523
6 3 0 6 523
8 1 0 9 523
3 3 6 3 523
3 3 6 6 523
6 3 0 0 524
6 3 0 3 524
6 3 0 6 524
8 1 0 9 524
2 7 6 0 524
2 7 8 0 524
8 1 0 0 525
8 1 0 1 525
8 1 0 2 525
6 3 0 3 525
6 3 0 6 525
8 1 0 9 525
3 3 6 3 525
3 3 6 6 525
6 3 0 0 526
6 3 0 3 526
6 3 0 6 526
8 1 0 9 526
2 7 6 0 526
2 7 8 0 526
8 1 0 0 527
8 1 0 1 527
8 1 0 2 527
6 3 0 3 527
6 3 0 6 527
8 1 0 9 527
3 3 6 3 527
3 3 6 6 527
6 3 0 0 528
6 3 0 3 528
6 3 0 6 528
8 1 0 9 528
2 7 6 0 528
2 7 8 0 528
8 1 0 0 529
8 1 0 1 529
8 1 0 2 529
6 3 0 3 529
6 3 0 6 529
8 1 0 9 529
3 3 6 3 529
3 3 6 6 529
6 3 0 0 530
6 3 0 3 530
6 3 0 6 530
8 1 0 9 530
2 7 6 0 530
2 7 8 0 530
8 1 0 0 531
8 1 0 1 531
8 1 0 2 531
6 3 0 3 531
6 3 0 6 531
8 1 0 9 531
3 3 6 3 531
3 3 6 6 531
6 3 0 0 532
6 3 0 3 532
6 3 0 6 532
8 1 0 9 532
2 7 6 0 532
2 7 8 0 532
8 1 0 0 533
8 1 0 1 533
8 1 0 2 533
6 3 0 3 533
6 3 0 6 533
8 1 0 9 533
3 3 6 3 533
3 3 6 6 533
6 3 0 0 534
6 3 0 3 534
6 3 0 6 534
8 1 0 9 534
2 7 6 0 534
2 7 8 0 534
8 1 0 0 535
8 1 0 1 535
8 1 0 2 535
6 3 0 3 535
6 3 0 6 535
8 1 0 9 535
3 3 6 3 535
3 3 6 6 535
6 3 0 0 536
6 3 0 3 536
6 3 0 6 536
8 1 0 9 536
2 7 6 0 536
2 7 8 0 536
8 1 0 0 537
8 1 0 1 537
8 1 0 2 537
6 3 0 3 537
6 3 0 6 537
8 1 0 9 537
3 3 6 3 537
3 3 6 6 537
6 3 0 0 538
6 3 0 3 538
6 3 0 6 538
8 1 0 9 538
2 7 6 0 538
2 7 8 0 538
8 1 0 0 539
8 1 0 1 539
8 1 0 2 539
6 3 0 3 539
6 3 0 6 539
8 1 0 9 539
3 3 6 3 539
3 3 6 6 539
6 3 0 0 540
6 3 0 3 540
6 3 0 6 540
8 1 0 9 540
2 7 6 0 540
2 7 8 0 540
2 7 0 0 541
2 7 2 0 541
2 7 4 0 541
6 3 0 7 541
2 7 6 0 541
2 7 8 0 541
6 3 0 0 542
6 3 0 3 542
6 3 0 6 542
2 7 6 0 542
2 7 8 0 542
2 7 0 0 543
2 7 2 0 543
2 7 4 0 543
6 3 0 7 543
2 7 6 0 543
2 7 8 0 543
6 3 0 0 544
6 3 0 3 544
6 3 0 6 544
2 7 6 0 544
2 7 8 0 544
2 7 0 0 545
2 7 2 0 545
2 7 4 0 545
6 3 0 7 545
2 7 6 0 545
2 7 8 0 545
6 3 0 0 546
6 3 0 3 546
6 3 0 6 546
2 7 6 0 546
2 7 8 0 546
2 7 0 0 547
2 7 2 0 547
2 7 4 0 547
6 3 0 7 547
2 7 6 0 547
2 7 8 0 547
6 3 0 0 548
6 3 0 3 548
6 3 0 6 548
2 7 6 0 548
2 7 8 0 548
2 7 0 0 549
2 7 2 0 549
2 7 4 0 549
6 3 0 7 549
2 7 6 0 549
2 7 8 0 549
6 3 0 0 550
6 3 0 3 550
6 3 0 6 550
2 7 6 0 550
2 7 8 0 550
2 7 0 0 551
2 7 2 0 551
2 7 4 0 551
6 3 0 7 551
2 7 6 0 551
2 7 8 0 551
6 3 0 0 552
6 3 0 3 552
6 3 0 6 552
2 7 6 0 552
2 7 8 0 552
2 7 0 0 553
2 7 2 0 553
2 7 4 0 553
6 3 0 7 553
2 7 6 0 553
2 7 8 0 553
6 3 0 0 554
6 3 0 3 554
6 3 0 6 554
2 7 6 0 554
2 7 8 0 554
2 7 0 0 555
2 7 2 0 555
2 7 4 0 555
6 3 0 7 555
2 7 6 0 555
2 7 8 0 555
6 3 0 0 556
6 3 0 3 556
6 3 0 6 556
2 7 6 0 556
2 7 8 0 556
2 7 0 0 557
2 7 2 0 557
2 7 4 0 557
6 3 0 7 557
2 7 6 0 557
2 7 8 0 557
6 3 0 0 558
6 3 0 3 558
6 3 0 6 558
2 7 6 0 558
2 7 8 0 558
2 7 0 0 559
2 7 2 0 559
2 7 4 0 559
6 3 0 7 559
2 7 6 0 559
2 7 8 0 559
6 3 0 0 560
6 3 0 3 560
6 3 0 6 560
2 7 6 0 560
2 7 8 0 560
2 7 0 0 561
2 7 2 0 561
2 7 4 0 561
6 3 0 7 561
2 7 6 0 561
2 7 8 0 561
6 3 0 0 562
6 3 0 3 562
6 3 0 6 562
2 7 6 0 562
2 7 8 0 562
2 7 0 0 563
2 7 2 0 563
2 7 4 0 563
6 3 0 7 563
2 7 6 0 563
2 7 8 0 563
6 3 0 0 564
6 3 0 3 564
6 3 0 6 564
2 7 6 0 564
2 7 8 0 564
2 7 0 0 565
2 7 2 0 565
2 7 4 0 565
6 3 0 7 565
2 7 6 0 565
2 7 8 0 565
6 3 0 0 566
6 3 0 3 566
6 3 0 6 566
2 7 6 0 566
2 7 8 0 566
2 7 0 0 567
2 7 2 0 567
2 7 4 0 567
6 3 0 7 567
2 7 6 0 567
2 7 8 0 567
6 3 0 0 568
6 3 0 3 568
6 3 0 6 568
2 7 6 0 568
2 7 8 0 568
2 7 0 0 569
2 7 2 0 569
2 7 4 0 569
6 3 0 7 569
2 7 6 0 569
2 7 8 0 569
6 3 0 0 570
6 3 0 3 570
6 3 0 6 570
2 7 6 0 570
2 7 8 0 570
2 7 0 0 571
2 7 2 0 571
2 7 4 0 571
6 3 0 7 571
2 7 6 0 571
2 7 8 0 571
6 3 0 0 572
6 3 0 3 572
6 3 0 6 572
2 7 6 0 572
2 7 8 0 572
2 7 0 0 573
2 7 2 0 573
2 7 4 0 573
6 3 0 7 573
2 7 6 0 573
2 7 8 0 573
6 3 0 0 574
6 3 0 3 574
6 3 0 6 574
2 7 6 0 574
2 7 8 0 574
2 7 0 0 575
2 7 2 0 575
2 7 4 0 575
6 3 0 7 575
2 7 6 0 575
2 7 8 0 575
6 3 0 0 576
6 3 0 3 576
6 3 0 6 576
2 7 6 0 576
2 7 8 0 576
2 7 0 0 577
2 7 2 0 577
2 7 4 0 577
6 3 0 7 577
2 7 6 0 577
2 7 8 0 577
6 3 0 0 578
6 3 0 3 578
6 3 0 6 578
2 7 6 0 578
2 7 8 0 578
2 7 0 0 579
2 7 2 0 579
2 7 4 0 579
6 3 0 7 579
2 7 6 0 579
2 7 8 0 579
6 3 0 0 580
6 3 0 3 580
6 3 0 6 580
2 7 6 0 580
2 7 8 0 580
2 7 0 0 581
2 7 2 0 581
2 7 4 0 581
6 3 0 7 581
2 7 6 0 581
2 7 8 0 581
6 3 0 0 582
6 3 0 3 582
6 3 0 6 582
2 7 6 0 582
2 7 8 0 582
2 7 0 0 583
2 7 2 0 583
2 7 4 0 583
6 3 0 7 583
2 7 6 0 583
2 7 8 0 583
6 3 0 0 584
6 3 0 3 584
6 3 0 6 584
2 7 6 0 584
2 7 8 0 584
2 7 0 0 585
2 7 2 0 585
2 7 4 0 585
6 3 0 7 585
2 7 6 0 585
2 7 8 0 585
6 3 0 0 586
6 3 0 3 586
6 3 0 6 586
2 7 6 0 586
2 7 8 0 586
2 7 0 0 587
2 7 2 0 587
2 7 4 0 587
6 3 0 7 587
2 7 6 0 587
2 7 8 0 587
6 3 0 0 588
6 3 0 3 588
6 3 0 6 588
2 7 6 0 588
2 7 8 0 588
2 7 0 0 589
2 7 2 0 589
2 7 4 0 589
6 3 0 7 589
2 7 6 0 589
2 7 8 0 589
6 3 0 0 590
6 3 0 3 590
6 3 0 6 590
2 7 6 0 590
2 7 8 0 590
2 7 0 0 591
2 7 2 0 591
2 7 4 0 591
6 3 0 7 591
2 7 6 0 591
2 7 8 0 591
6 3 0 0 592
6 3 0 3 592
6 3 0 6 592
2 7 6 0 592
2 7 8 0 592
2 7 0 0 593
2 7 2 0 593
2 7 4 0 593
6 3 0 7 593
2 7 6 0 593
2 7 8 0 593
6 3 0 0 594
6 3 0 3 594
6 3 0 6 594
2 7 6 0 594
2 7 8 0 594
2 7 0 0 595
2 7 2 0 595
2 7 4 0 595
6 3 0 7 595
2 7 6 0 595
2 7 8 0 595
6 3 0 0 596
6 3 0 3 596
6 3 0 6 596
2 7 6 0 596
2 7 8 0 596
2 7 0 0 597
2 7 2 0 597
2 7 4 0 597
6 3 0 7 597
2 7 6 0 597
2 7 8 0 597
6 3 0 0 598
6 3 0 3 598
6 3 0 6 598
2 7 6 0 598
2 7 8 0 598
2 7 0 0 599
2 7 2 0 599
2 7 4 0 599
6 3 0 7 599
2 7 6 0 599
2 7 8 0 599
6 3 0 0 600
6 3 0 3 600
6 3 0 6 600
2 7 6 0 600
2 7 8 0 600
2 7 0 0 601
2 7 2 0 601
2 7 4 0 601
6 3 0 7 601
2 7 6 0 601
2 7 8 0 601
6 3 0 0 602
6 3 0 3 602
6 3 0 6 602
2 7 6 0 602
2 7 8 0 602
2 7 0 0 603
2 7 2 0 603
2 7 4 0 603
6 3 0 7 603
2 7 6 0 603
2 7 8 0 603
6 3 0 0 604
6 3 0 3 604
6 3 0 6 604
2 7 6 0 604
2 7 8 0 604
2 7 0 0 605
2 7 2 0 605
2 7 4 0 605
6 3 0 7 605
2 7 6 0 605
2 7 8 0 605
6 3 0 0 606
6 3 0 3 606
6 3 0 6 606
2 7 6 0 606
2 7 8 0 606
2 7 0 0 607
2 7 2 0 607
2 7 4 0 607
6 3 0 7 607
2 7 6 0 607
2 7 8 0 607
6 3 0 0 608
6 3 0 3 608
6 3 0 6 608
2 7 6 0 608
2 7 8 0 608
2 7 0 0 609
2 7 2 0 609
2 7 4 0 609
6 3 0 7 609
2 7 6 0 609
2 7 8 0 609
6 3 0 0 610
6 3 0 3 610
2 7 6 0 610
2 7 8 0 610
2 7 0 0 611
2 7 2 0 611
2 7 4 0 611
2 7 6 0 611
2 7 8 0 611
2 7 0 0 612
2 7 2 0 612
2 7 4 0 612
2 7 6 0 612
2 7 8 0 612
2 7 0 0 613
2 7 2 0 613
2 7 4 0 613
2 7 6 0 613
2 7 8 0 613
2 7 0 0 614
2 7 2 0 614
2 7 4 0 614
2 7 6 0 614
2 7 8 0 614
2 7 0 0 615
2 7 2 0 615
2 7 4 0 615
2 7 6 0 615
2 7 8 0 615
2 7 0 0 616
2 7 2 0 616
2 7 4 0 616
2 7 6 0 616
2 7 8 0 616
2 7 0 0 617
2 7 2 0 617
2 7 4 0 617
2 7 6 0 617
2 7 8 0 617
2 7 0 0 618
2 7 2 0 618
2 7 4 0 618
2 7 6 0 618
2 7 8 0 618
2 7 0 0 619
2 7 2 0 619
2 7 4 0 619
2 7 6 0 619
2 7 8 0 619
2 7 0 0 620
2 7 2 0 620
2 7 4 0 620
2 7 6 0 620
2 7 8 0 620
2 7 0 0 621
2 7 2 0 621
2 7 4 0 621
2 7 6 0 621
2 7 8 0 621
2 7 0 0 622
2 7 2 0 622
2 7 4 0 622
2 7 6 0 622
2 7 8 0 622
2 7 0 0 623
2 7 2 0 623
2 7 4 0 623
2 7 6 0 623
2 7 8 0 623
2 7 0 0 624
2 7 2 0 624
2 7 4 0 624
2 7 6 0 624
2 7 8 0 624
2 7 0 0 625
2 7 2 0 625
2 7 4 0 625
2 7 6 0 625
2 7 8 0 625
2 7 0 0 626
2 7 2 0 626
2 7 4 0 626
2 7 6 0 626
2 7 8 0 626
2 7 0 0 627
2 7 2 0 627
2 7 4 0 627
2 7 6 0 627
2 7 8 0 627
2 7 0 0 628
2 7 2 0 628
2 7 4 0 628
2 7 6 0 628
2 7 8 0 628
2 7 0 0 629
2 7 2 0 629
2 7 4 0 629
2 7 6 0 629
2 7 8 0 629
2 7 0 0 630
2 7 2 0 630
2 7 4 0 630
2 7 6 0 630
2 7 8 0 630
2 7 0 0 631
2 7 2 0 631
2 7 4 0 631
2 7 6 0 631
2 7 8 0 631
2 7 0 0 632
2 7 2 0 632
2 7 4 0 632
2 7 6 0 632
2 7 8 0 632
2 7 0 0 633
2 7 2 0 633
2 7 4 0 633
2 7 6 0 633
2 7 8 0 633
2 7 0 0 634
2 7 2 0 634
2 7 4 0 634
2 7 6 0 634
2 7 8 0 634
2 7 0 0 635
2 7 2 0 635
2 7 4 0 635
2 7 6 0 635
2 7 8 0 635
2 7 0 0 636
2 7 2 0 636
2 7 4 0 636
2 7 6 0 636
2 7 8 0 636
2 7 0 0 637
2 7 2 0 637
2 7 4 0 637
2 7 6 0 637
2 7 8 0 637
2 7 0 0 638
2 7 2 0 638
2 7 4 0 638
2 7 6 0 638
2 7 8 0 638
2 7 0 0 639
2 7 2 0 639
2 7 4 0 639
2 7 6 0 639
2 7 8 0 639
2 7 0 0 640
2 7 2 0 640
2 7 4 0 640
2 7 6 0 640
2 7 8 0 640
2 7 0 0 641
2 7 2 0 641
2 7 4 0 641
2 7 6 0 641
2 7 8 0 641
2 7 0 0 642
2 7 2 0 642
2 7 4 0 642
2 7 6 0 642
2 7 8 0 642
2 7 0 0 643
2 7 2 0 643
2 7 4 0 643
2 7 6 0 643
2 7 8 0 643
2 7 0 0 644
2 7 2 0 644
2 7 4 0 644
2 7 6 0 644
2 7 8 0 644
2 7 0 0 645
2 7 2 0 645
2 7 4 0 645
2 7 6 0 645
2 7 8 0 645
2 7 0 0 646
2 7 2 0 646
2 7 4 0 646
2 7 6 0 646
2 7 8 0 646
2 7 0 0 647
2 7 2 0 647
2 7 4 0 647
2 7 6 0 647
2 7 8 0 647
2 7 0 0 648
2 7 2 0 648
2 7 4 0 648
2 7 6 0 648
2 7 8 0 648
2 7 0 0 649
2 7 2 0 649
2 7 4 0 649
2 7 6 0 649
2 7 8 0 649
2 7 0 0 650
2 7 2 0 650
2 7 4 0 650
2 7 6 0 650
2 7 8 0 650
2 7 0 0 651
2 7 2 0 651
2 7 4 0 651
2 7 6 0 651
2 7 8 0 651
2 7 0 0 652
2 7 2 0 652
2 7 4 0 652
2 7 6 0 652
2 7 8 0 652
2 7 0 0 653
2 7 2 0 653
2 7 4 0 653
2 7 6 0 653
2 7 8 0 653
2 7 0 0 654
2 7 2 0 654
2 7 4 0 654
2 7 6 0 654
2 7 8 0 654
2 7 0 0 655
2 7 2 0 655
2 7 4 0 655
2 7 6 0 655
2 7 8 0 655
2 7 0 0 656
2 7 2 0 656
2 7 4 0 656
2 7 6 0 656
2 7 8 0 656
2 7 0 0 657
2 7 2 0 657
2 7 4 0 657
2 7 6 0 657
2 7 8 0 657
2 7 0 0 658
2 7 2 0 658
2 7 4 0 658
2 7 6 0 658
