% State of a bin packing problem:
%
% Bin number: 74
% Total uncovered points: 52
% Total covered points: 7348
% Number of boxes: 1000
% Unused boxes: 0
% Runtime: 2.4030017852783203
%
% Bin size:
10 10
%
% Boxes (width, height) not in some bins:
%
% Boxes (width, height, x_position, y_position, bin_id) in bins:
8 8 0 0 0
2 9 8 0 0
8 2 0 8 0
2 1 8 9 0
7 9 0 0 1
3 8 7 0 1
9 1 0 9 1
3 1 7 8 1
1 1 9 9 1
8 6 0 0 2
8 4 0 6 2
2 8 8 0 2
2 2 8 8 2
9 5 0 0 3
8 5 0 5 3
2 5 8 5 3
1 5 9 0 3
7 6 0 0 4
8 4 0 6 4
3 6 7 0 4
2 4 8 6 4
5 8 0 0 5
5 7 5 0 5
9 2 0 8 5
5 1 5 7 5
1 2 9 8 5
6 6 0 0 6
4 8 6 0 6
6 4 0 6 6
4 2 6 8 6
6 6 0 0 7
4 8 6 0 7
6 4 0 6 7
4 2 6 8 7
6 6 0 0 8
7 4 0 6 8
4 6 6 0 8
3 4 7 6 8
6 6 0 0 9
7 4 0 6 9
4 6 6 0 9
3 4 7 6 9
6 6 0 0 10
7 4 0 6 10
4 6 6 0 10
3 4 7 6 10
7 5 0 0 11
7 5 0 5 11
3 7 7 0 11
3 3 7 7 11
5 7 0 0 12
5 6 5 0 12
8 3 0 7 12
2 4 8 6 12
3 1 5 6 12
5 6 0 0 13
5 6 5 0 13
7 4 0 6 13
3 4 7 6 13
6 5 0 0 14
6 5 0 5 14
4 7 6 0 14
4 3 6 7 14
5 6 0 0 15
5 6 5 0 15
7 4 0 6 15
3 4 7 6 15
5 6 0 0 16
4 7 5 0 16
8 3 0 7 16
1 9 9 0 16
5 1 0 6 16
1 3 8 7 16
1 1 9 9 16
7 4 0 0 17
5 5 0 4 17
5 5 5 4 17
3 4 7 0 17
9 1 0 9 17
1 1 9 9 17
4 7 0 0 18
4 7 4 0 18
7 3 0 7 18
2 8 8 0 18
3 2 7 8 18
1 1 7 7 18
5 5 0 0 19
5 5 0 5 19
5 5 5 0 19
4 5 5 5 19
1 5 9 5 19
6 4 0 0 20
4 6 0 4 20
4 6 4 4 20
4 4 6 0 20
2 6 8 4 20
6 4 0 0 21
6 4 0 4 21
4 6 6 0 21
9 2 0 8 21
4 2 6 6 21
1 2 9 8 21
6 4 0 0 22
6 4 0 4 22
4 6 6 0 22
4 4 6 6 22
6 2 0 8 22
3 7 0 0 23
7 3 0 7 23
3 7 3 0 23
3 7 6 0 23
3 3 7 7 23
1 7 9 0 23
7 3 0 0 24
7 3 0 3 24
7 3 0 6 24
3 7 7 0 24
3 3 7 7 24
7 1 0 9 24
3 7 0 0 25
5 4 3 0 25
5 4 3 4 25
8 2 0 8 25
2 8 8 0 25
2 2 8 8 25
3 1 0 7 25
5 4 0 0 26
4 5 0 4 26
5 4 4 4 26
5 4 5 0 26
6 2 4 8 26
4 1 0 9 26
1 4 9 4 26
4 5 0 0 27
5 4 0 5 27
5 4 4 0 27
5 4 5 4 27
5 2 5 8 27
5 1 0 9 27
1 4 9 0 27
1 1 4 4 27
5 4 0 0 28
4 5 0 4 28
6 3 4 4 28
6 3 4 7 28
4 4 5 0 28
4 1 0 9 28
1 4 9 0 28
6 3 0 0 29
6 3 0 3 29
6 3 0 6 29
3 6 6 0 29
4 4 6 6 29
1 6 9 0 29
6 1 0 9 29
3 6 0 0 30
3 6 3 0 30
6 3 0 6 30
3 6 6 0 30
4 4 6 6 30
1 6 9 0 30
6 1 0 9 30
6 3 0 0 31
8 2 0 3 31
2 8 8 0 31
4 4 0 5 31
3 5 4 5 31
2 3 6 0 31
3 2 7 8 31
4 1 0 9 31
1 3 7 5 31
2 8 0 0 32
5 3 2 0 32
3 5 2 3 32
3 5 5 3 32
2 7 8 0 32
7 2 0 8 32
2 3 8 7 32
1 3 7 0 32
1 2 7 8 32
3 5 0 0 33
5 3 0 5 33
5 3 3 0 33
5 3 5 3 33
5 3 5 6 33
5 2 0 8 33
2 3 8 0 33
5 1 5 9 33
2 2 3 3 33
5 3 0 0 34
5 3 0 3 34
5 3 0 6 34
3 5 5 0 34
3 5 5 5 34
2 7 8 0 34
2 3 8 7 34
5 1 0 9 34
5 3 0 0 35
3 5 0 3 35
3 5 3 3 35
5 3 5 0 35
3 5 6 3 35
7 2 0 8 35
1 7 9 3 35
2 2 7 8 35
3 5 0 0 36
5 3 0 5 36
3 5 3 0 36
3 5 5 5 36
3 5 6 0 36
2 5 8 5 36
5 2 0 8 36
1 5 9 0 36
5 3 0 0 37
3 5 0 3 37
2 7 3 3 37
2 7 5 0 37
2 7 7 0 37
4 3 5 7 37
1 9 9 0 37
3 2 0 8 37
1 1 9 9 37
7 2 0 0 38
7 2 0 2 38
2 6 0 4 38
4 3 2 4 38
4 3 2 7 38
4 3 6 4 38
4 3 6 7 38
3 4 7 0 38
2 6 0 0 39
2 6 2 0 39
2 6 4 0 39
4 3 0 6 39
4 3 4 6 39
4 3 6 0 39
2 6 8 3 39
8 1 0 9 39
2 3 6 3 39
2 1 8 9 39
6 2 0 0 40
6 2 0 2 40
6 2 0 4 40
6 2 0 6 40
6 2 0 8 40
4 3 6 0 40
3 4 6 3 40
4 3 6 7 40
1 4 9 3 40
4 3 0 0 41
6 2 0 3 41
6 2 0 5 41
2 6 6 0 41
4 3 0 7 41
2 6 8 0 41
3 4 6 6 41
2 3 4 0 41
2 3 4 7 41
1 4 9 6 41
3 4 0 0 42
6 2 0 4 42
3 4 0 6 42
4 3 3 0 42
3 4 3 6 42
2 6 6 3 42
2 6 8 0 42
2 4 8 6 42
3 1 3 3 42
1 3 7 0 42
2 1 6 9 42
2 5 0 0 43
2 5 0 5 43
2 5 2 0 43
2 5 2 5 43
5 2 4 0 43
2 5 4 2 43
2 5 6 2 43
2 5 8 2 43
5 2 4 7 43
6 1 4 9 43
1 2 9 0 43
1 2 9 7 43
5 2 0 0 44
5 2 0 2 44
2 5 0 4 44
5 2 2 4 44
5 2 2 6 44
5 2 2 8 44
5 2 5 0 44
5 2 5 2 44
2 5 7 4 44
1 6 9 4 44
2 1 0 9 44
2 1 7 9 44
5 2 0 0 45
2 5 0 2 45
2 5 2 2 45
5 2 0 7 45
2 5 4 2 45
2 5 6 0 45
2 5 6 5 45
2 5 8 0 45
2 5 8 5 45
6 1 0 9 45
1 2 5 0 45
1 2 5 7 45
5 2 0 0 46
5 2 0 2 46
5 2 0 4 46
2 5 5 0 46
5 2 0 6 46
2 5 5 5 46
5 2 0 8 46
2 5 7 0 46
3 3 7 5 46
3 2 7 8 46
1 5 9 0 46
5 2 0 0 47
5 2 0 2 47
3 3 0 4 47
3 3 0 7 47
3 3 3 4 47
3 3 3 7 47
3 3 5 0 47
3 3 6 3 47
3 3 6 6 47
1 8 9 0 47
4 1 6 9 47
1 3 8 0 47
1 1 5 3 47
1 1 9 8 47
3 3 0 0 48
3 3 0 3 48
3 3 0 6 48
3 3 3 0 48
3 3 3 3 48
3 3 3 6 48
3 3 6 0 48
3 3 6 3 48
3 3 6 6 48
8 1 0 9 48
1 8 9 0 48
1 2 9 8 48
1 1 8 9 48
4 2 0 0 49
4 2 0 2 49
2 4 0 4 49
4 2 0 8 49
1 8 4 0 49
2 4 2 4 49
2 4 5 0 49
1 8 7 0 49
4 2 4 8 49
2 4 5 4 49
2 4 8 0 49
2 4 8 4 49
2 2 8 8 49
4 2 0 0 50
8 1 0 2 50
4 2 0 3 50
8 1 0 5 50
1 8 8 0 50
8 1 0 6 50
4 2 0 7 50
1 8 9 0 50
8 1 0 9 50
4 2 4 0 50
4 2 4 3 50
4 2 4 7 50
2 2 8 8 50
2 4 0 0 51
2 4 0 4 51
2 4 2 0 51
2 4 2 4 51
2 4 4 0 51
2 4 4 4 51
4 2 0 8 51
2 4 6 0 51
2 4 6 4 51
2 4 8 0 51
4 2 4 8 51
2 4 8 4 51
2 2 8 8 51
4 2 0 0 52
1 8 0 2 52
8 1 1 2 52
2 4 1 3 52
1 8 9 0 52
4 2 1 7 52
2 4 3 3 52
4 2 4 0 52
4 2 5 3 52
8 1 1 9 52
4 2 5 5 52
4 2 5 7 52
1 2 8 0 52
1 2 9 8 52
2 4 0 0 53
1 8 2 0 53
8 1 0 8 53
1 8 3 0 53
2 4 0 4 53
8 1 0 9 53
4 2 4 0 53
1 8 8 0 53
2 4 4 2 53
2 4 6 2 53
4 2 4 6 53
1 7 9 0 53
2 2 8 8 53
1 1 9 7 53
1 7 0 0 54
1 7 1 0 54
7 1 0 7 54
1 7 2 0 54
1 7 3 0 54
7 1 0 8 54
1 7 4 0 54
7 1 0 9 54
1 7 5 0 54
1 7 6 0 54
1 7 7 0 54
1 6 8 0 54
1 6 9 0 54
3 2 7 7 54
3 1 7 9 54
2 1 8 6 54
7 1 0 0 55
7 1 0 1 55
7 1 0 2 55
7 1 0 3 55
7 1 0 4 55
7 1 0 5 55
1 6 7 0 55
6 1 0 6 55
6 1 0 7 55
2 3 6 6 55
2 3 8 0 55
3 2 0 8 55
3 2 3 8 55
2 3 8 3 55
2 3 8 6 55
4 1 6 9 55
3 2 0 0 56
3 2 0 2 56
1 6 0 4 56
3 2 1 4 56
2 3 1 6 56
3 2 3 0 56
3 2 3 2 56
3 2 3 6 56
6 1 1 9 56
3 2 4 4 56
3 2 6 0 56
2 3 6 6 56
3 2 6 2 56
1 6 8 4 56
1 6 9 0 56
1 4 9 6 56
3 1 3 8 56
1 2 7 4 56
1 1 7 9 56
6 1 0 0 57
2 3 0 1 57
2 3 0 4 57
3 2 0 7 57
3 2 2 1 57
3 2 2 3 57
3 2 2 5 57
6 1 0 9 57
6 1 3 7 57
3 2 5 1 57
2 3 5 3 57
1 6 8 0 57
6 1 3 8 57
1 6 9 0 57
5 1 5 6 57
4 1 6 9 57
1 3 7 3 57
2 1 6 0 57
1 2 9 7 57
2 3 0 0 58
2 3 0 3 58
2 3 0 6 58
3 2 2 0 58
3 2 2 2 58
2 3 2 4 58
2 3 2 7 58
3 2 4 4 58
3 2 4 6 58
3 2 4 8 58
3 2 5 0 58
2 3 7 2 58
3 2 7 5 58
2 3 7 7 58
1 5 9 0 58
2 2 5 2 58
1 3 9 7 58
2 1 0 9 58
1 2 8 0 58
6 1 0 0 59
2 3 0 1 59
2 3 0 4 59
6 1 0 7 59
3 2 0 8 59
3 2 2 1 59
2 3 2 3 59
3 2 3 8 59
6 1 2 6 59
3 2 4 3 59
6 1 4 5 59
2 3 6 0 59
3 2 6 7 59
2 3 8 0 59
3 2 7 3 59
4 1 6 9 59
1 3 9 6 59
1 2 5 1 59
1 1 8 6 59
1 6 0 0 60
2 3 0 6 60
3 2 1 0 60
6 1 0 9 60
6 1 1 2 60
1 6 2 3 60
3 2 3 3 60
3 2 3 5 60
2 3 6 3 60
2 3 6 6 60
2 3 7 0 60
2 3 8 3 60
2 3 8 6 60
3 2 3 7 60
3 2 4 0 60
4 1 6 9 60
1 3 1 3 60
1 3 9 0 60
1 6 0 0 61
2 3 0 6 61
1 6 1 0 61
1 6 2 0 61
2 3 2 6 61
2 3 3 0 61
2 3 3 3 61
1 6 5 0 61
1 6 6 0 61
2 3 4 6 61
6 1 0 9 61
1 6 7 0 61
3 2 6 6 61
1 5 8 0 61
1 5 9 0 61
1 5 9 5 61
2 2 6 8 61
1 2 8 8 61
1 1 8 5 61
5 1 0 0 62
5 1 0 1 62
5 1 0 2 62
1 5 0 3 62
5 1 0 8 62
5 1 0 9 62
5 1 1 3 62
1 5 5 4 62
1 5 6 0 62
1 5 6 5 62
1 5 7 0 62
1 5 7 5 62
1 5 8 0 62
1 5 8 5 62
1 5 9 0 62
1 5 9 5 62
4 1 1 4 62
4 1 1 5 62
4 1 1 6 62
4 1 1 7 62
1 3 5 0 62
1 1 5 9 62
5 1 0 0 63
5 1 0 1 63
5 1 0 2 63
5 1 0 3 63
5 1 0 4 63
5 1 0 5 63
5 1 0 6 63
5 1 0 7 63
1 5 5 0 63
1 5 5 5 63
1 5 6 0 63
1 5 6 5 63
1 5 7 0 63
1 5 7 5 63
5 1 0 8 63
1 5 8 0 63
5 1 0 9 63
1 5 8 5 63
1 4 9 0 63
1 4 9 4 63
1 2 9 8 63
4 1 0 0 64
1 4 0 1 64
1 4 0 5 64
2 2 1 1 64
1 4 1 3 64
4 1 0 9 64
2 2 1 7 64
1 4 2 3 64
1 4 3 1 64
2 2 3 5 64
4 1 3 7 64
4 1 3 8 64
2 2 4 0 64
4 1 4 2 64
4 1 4 3 64
2 2 5 4 64
4 1 4 9 64
1 4 7 4 64
4 1 6 0 64
4 1 6 1 64
1 4 8 2 64
1 4 8 6 64
1 4 9 2 64
1 4 9 6 64
2 1 5 6 64
1 1 4 4 64
1 1 7 8 64
4 1 0 0 65
4 1 0 1 65
4 1 0 2 65
4 1 0 3 65
2 2 0 4 65
4 1 0 6 65
4 1 0 7 65
4 1 0 8 65
4 1 0 9 65
2 2 2 4 65
2 2 4 0 65
1 4 4 2 65
2 2 4 6 65
4 1 4 8 65
4 1 4 9 65
1 4 5 2 65
2 2 6 0 65
4 1 6 2 65
1 4 6 3 65
2 2 7 3 65
1 4 8 5 65
1 4 9 3 65
2 2 8 0 65
1 3 7 5 65
1 3 9 7 65
1 1 6 7 65
1 1 8 9 65
4 1 0 0 66
4 1 0 1 66
4 1 0 2 66
2 2 0 3 66
4 1 0 5 66
2 2 0 6 66
4 1 0 8 66
4 1 0 9 66
4 1 2 3 66
1 4 4 4 66
2 2 2 6 66
2 2 4 0 66
2 2 4 8 66
2 2 5 4 66
1 4 6 0 66
1 4 6 6 66
2 2 7 0 66
2 2 7 2 66
2 2 7 4 66
2 2 7 6 66
2 2 7 8 66
1 4 9 0 66
1 4 9 4 66
2 1 2 4 66
2 1 4 2 66
1 2 5 6 66
1 2 9 8 66
4 1 0 0 67
2 2 0 1 67
1 4 0 3 67
2 2 0 7 67
2 2 1 3 67
2 2 1 5 67
2 2 2 1 67
4 1 0 9 67
4 1 2 7 67
2 2 3 3 67
1 4 5 0 67
2 2 3 5 67
2 2 4 8 67
2 2 5 4 67
4 1 5 6 67
4 1 6 0 67
2 2 6 1 67
2 2 6 7 67
4 1 6 3 67
1 4 9 4 67
2 2 7 4 67
4 1 6 9 67
2 2 8 1 67
1 3 4 0 67
2 1 2 8 67
2 1 8 8 67
1 1 8 7 67
1 4 0 0 68
1 4 0 4 68
1 4 1 0 68
3 1 0 8 68
3 1 0 9 68
3 1 1 4 68
3 1 1 5 68
3 1 1 6 68
3 1 1 7 68
3 1 2 0 68
3 1 2 1 68
3 1 2 2 68
3 1 2 3 68
3 1 3 8 68
3 1 3 9 68
3 1 4 4 68
3 1 4 5 68
1 3 5 0 68
1 3 6 0 68
1 3 6 6 68
1 3 7 0 68
1 3 7 3 68
1 3 7 6 68
3 1 6 9 68
1 3 8 0 68
1 3 8 3 68
1 3 8 6 68
1 3 9 0 68
1 3 9 3 68
1 3 9 6 68
2 1 4 6 68
2 1 4 7 68
2 1 5 3 68
1 1 9 9 68
3 1 0 0 69
3 1 0 1 69
3 1 0 2 69
3 1 0 3 69
3 1 0 4 69
3 1 0 5 69
1 3 0 6 69
3 1 0 9 69
1 3 1 6 69
3 1 2 6 69
3 1 2 7 69
3 1 2 8 69
1 3 3 0 69
1 3 3 3 69
3 1 3 9 69
1 3 4 0 69
1 3 4 3 69
1 3 5 0 69
1 3 5 3 69
1 3 5 6 69
3 1 6 0 69
3 1 6 1 69
1 3 6 2 69
3 1 6 5 69
3 1 6 6 69
3 1 6 7 69
1 3 7 2 69
3 1 6 8 69
1 3 8 2 69
3 1 6 9 69
1 3 9 0 69
1 3 9 3 69
1 3 9 6 69
1 1 9 9 69
3 1 0 0 70
1 3 0 1 70
3 1 0 4 70
3 1 0 5 70
2 1 0 6 70
2 1 0 7 70
2 1 0 8 70
1 2 1 1 70
1 2 2 1 70
2 1 0 9 70
2 1 1 3 70
1 2 2 6 70
1 2 2 8 70
1 2 3 0 70
1 2 3 2 70
2 1 3 4 70
1 2 3 5 70
2 1 3 7 70
2 1 3 8 70
1 2 4 0 70
2 1 3 9 70
1 2 4 2 70
1 2 4 5 70
1 2 5 0 70
2 1 5 2 70
2 1 5 3 70
1 2 5 4 70
2 1 5 6 70
2 1 5 7 70
2 1 5 8 70
1 2 6 0 70
1 2 6 4 70
2 1 5 9 70
2 1 7 0 70
1 2 7 1 70
1 2 7 3 70
1 2 7 5 70
2 1 7 7 70
1 2 7 8 70
1 2 8 1 70
2 1 8 3 70
1 2 8 4 70
1 2 8 8 70
1 2 9 0 70
1 2 9 4 70
1 2 9 6 70
1 2 9 8 70
1 1 8 6 70
1 1 9 2 70
2 1 0 0 71
2 1 0 1 71
2 1 0 2 71
2 1 0 3 71
2 1 0 4 71
1 2 0 5 71
2 1 0 7 71
1 2 0 8 71
2 1 1 5 71
2 1 1 6 71
1 2 1 8 71
1 2 2 0 71
2 1 2 2 71
1 2 2 3 71
1 2 2 7 71
2 1 2 9 71
1 2 3 0 71
2 1 3 3 71
1 2 3 4 71
2 1 3 6 71
2 1 3 7 71
1 2 4 0 71
2 1 3 8 71
2 1 4 2 71
1 2 4 4 71
1 2 5 0 71
2 1 4 9 71
2 1 5 3 71
1 2 5 4 71
1 2 5 6 71
1 2 6 0 71
1 2 6 4 71
1 2 6 6 71
1 2 6 8 71
1 2 7 0 71
1 2 7 2 71
1 2 7 4 71
1 2 7 6 71
2 1 7 8 71
1 2 8 0 71
2 1 7 9 71
1 2 8 2 71
2 1 8 4 71
1 2 8 5 71
2 1 8 7 71
1 2 9 0 71
1 2 9 2 71
1 2 9 5 71
1 2 9 8 71
1 1 5 8 71
1 1 6 2 71
2 1 0 0 72
2 1 0 1 72
2 1 0 2 72
2 1 0 3 72
2 1 0 4 72
1 2 0 5 72
1 2 0 7 72
2 1 0 9 72
1 2 1 5 72
2 1 1 7 72
2 1 1 8 72
1 2 2 0 72
2 1 2 2 72
1 2 2 3 72
2 1 2 5 72
2 1 2 6 72
2 1 2 9 72
1 2 3 0 72
1 2 3 3 72
1 2 3 7 72
2 1 4 0 72
1 2 4 1 72
2 1 4 3 72
1 1 4 4 72
1 1 4 5 72
1 1 4 6 72
1 1 4 7 72
1 1 4 8 72
1 1 4 9 72
1 1 5 1 72
1 1 5 2 72
1 1 5 4 72
1 1 5 5 72
1 1 5 6 72
1 1 5 7 72
1 1 5 8 72
1 1 5 9 72
1 1 6 0 72
1 1 6 1 72
1 1 6 2 72
1 1 6 3 72
1 1 6 4 72
1 1 6 5 72
1 1 6 6 72
1 1 6 7 72
1 1 6 8 72
1 1 6 9 72
1 1 7 0 72
1 1 7 1 72
1 1 7 2 72
1 1 7 3 72
1 1 7 4 72
1 1 7 5 72
1 1 7 6 72
1 1 7 7 72
1 1 7 8 72
1 1 7 9 72
1 1 8 0 72
1 1 8 1 72
1 1 8 2 72
1 1 8 3 72
1 1 8 4 72
1 1 8 5 72
1 1 8 6 72
1 1 8 7 72
1 1 8 8 72
1 1 8 9 72
1 1 9 0 72
1 1 9 1 72
1 1 9 2 72
1 1 9 3 72
1 1 9 4 72
1 1 9 5 72
1 1 9 6 72
1 1 9 7 72
1 1 9 8 72
1 1 9 9 72
1 1 0 0 73
1 1 0 1 73
1 1 0 2 73
1 1 0 3 73
1 1 0 4 73
1 1 0 5 73
1 1 0 6 73
1 1 0 7 73
1 1 0 8 73
1 1 0 9 73
1 1 1 0 73
1 1 1 1 73
1 1 1 2 73
1 1 1 3 73
1 1 1 4 73
1 1 1 5 73
1 1 1 6 73
1 1 1 7 73
1 1 1 8 73
1 1 1 9 73
1 1 2 0 73
1 1 2 1 73
1 1 2 2 73
1 1 2 3 73
1 1 2 4 73
1 1 2 5 73
1 1 2 6 73
1 1 2 7 73
1 1 2 8 73
1 1 2 9 73
1 1 3 0 73
1 1 3 1 73
1 1 3 2 73
1 1 3 3 73
1 1 3 4 73
1 1 3 5 73
1 1 3 6 73
1 1 3 7 73
1 1 3 8 73
1 1 3 9 73
1 1 4 0 73
1 1 4 1 73
1 1 4 2 73
1 1 4 3 73
1 1 4 4 73
1 1 4 5 73
1 1 4 6 73
1 1 4 7 73
