% State of a bin packing problem:
%
% Bin number: 247
% Total uncovered points: 380
% Total covered points: 24320
% Number of boxes: 2000
% Unused boxes: 0
% Runtime: 56.705556869506836
%
% Bin size:
10 10
%
% Boxes (width, height) not in some bins:
%
% Boxes (width, height, x_position, y_position, bin_id) in bins:
4 9 0 0 0
4 9 4 0 0
2 7 8 0 0
8 1 0 9 0
2 3 8 7 0
4 9 0 0 1
4 9 4 0 1
2 7 8 0 1
8 1 0 9 1
2 3 8 7 1
4 9 0 0 2
4 9 4 0 2
2 7 8 0 2
8 1 0 9 2
2 3 8 7 2
4 9 0 0 3
4 9 4 0 3
2 7 8 0 3
8 1 0 9 3
2 3 8 7 3
4 9 0 0 4
4 9 4 0 4
2 7 8 0 4
8 1 0 9 4
2 3 8 7 4
4 9 0 0 5
4 9 4 0 5
2 7 8 0 5
8 1 0 9 5
2 3 8 7 5
4 9 0 0 6
4 9 4 0 6
2 7 8 0 6
8 1 0 9 6
2 3 8 7 6
4 9 0 0 7
4 9 4 0 7
2 7 8 0 7
8 1 0 9 7
2 3 8 7 7
4 9 0 0 8
4 9 4 0 8
2 7 8 0 8
8 1 0 9 8
2 3 8 7 8
4 9 0 0 9
4 9 4 0 9
2 7 8 0 9
8 1 0 9 9
2 3 8 7 9
4 9 0 0 10
4 9 4 0 10
2 7 8 0 10
8 1 0 9 10
2 3 8 7 10
4 9 0 0 11
4 9 4 0 11
2 7 8 0 11
8 1 0 9 11
2 3 8 7 11
4 9 0 0 12
4 9 4 0 12
2 7 8 0 12
8 1 0 9 12
2 3 8 7 12
4 9 0 0 13
4 9 4 0 13
2 7 8 0 13
8 1 0 9 13
2 3 8 7 13
4 9 0 0 14
4 9 4 0 14
2 7 8 0 14
8 1 0 9 14
2 3 8 7 14
4 9 0 0 15
4 9 4 0 15
2 7 8 0 15
8 1 0 9 15
2 3 8 7 15
4 9 0 0 16
4 9 4 0 16
2 7 8 0 16
8 1 0 9 16
2 3 8 7 16
4 9 0 0 17
4 9 4 0 17
2 7 8 0 17
8 1 0 9 17
2 3 8 7 17
4 9 0 0 18
4 9 4 0 18
2 7 8 0 18
8 1 0 9 18
2 3 8 7 18
4 9 0 0 19
4 9 4 0 19
2 7 8 0 19
8 1 0 9 19
2 3 8 7 19
4 9 0 0 20
4 9 4 0 20
2 7 8 0 20
8 1 0 9 20
2 3 8 7 20
4 9 0 0 21
4 9 4 0 21
2 7 8 0 21
8 1 0 9 21
2 3 8 7 21
4 9 0 0 22
4 9 4 0 22
2 7 8 0 22
8 1 0 9 22
2 3 8 7 22
4 9 0 0 23
4 9 4 0 23
2 7 8 0 23
8 1 0 9 23
2 3 8 7 23
4 9 0 0 24
4 9 4 0 24
2 7 8 0 24
8 1 0 9 24
2 3 8 7 24
4 9 0 0 25
4 9 4 0 25
2 7 8 0 25
8 1 0 9 25
2 3 8 7 25
4 9 0 0 26
4 9 4 0 26
2 7 8 0 26
8 1 0 9 26
2 3 8 7 26
4 9 0 0 27
4 9 4 0 27
2 7 8 0 27
8 1 0 9 27
2 3 8 7 27
4 9 0 0 28
4 9 4 0 28
2 7 8 0 28
8 1 0 9 28
2 3 8 7 28
4 9 0 0 29
4 9 4 0 29
2 7 8 0 29
8 1 0 9 29
2 3 8 7 29
4 9 0 0 30
4 9 4 0 30
2 7 8 0 30
8 1 0 9 30
2 3 8 7 30
4 9 0 0 31
4 9 4 0 31
2 7 8 0 31
8 1 0 9 31
2 3 8 7 31
4 9 0 0 32
4 9 4 0 32
2 7 8 0 32
8 1 0 9 32
2 3 8 7 32
4 9 0 0 33
4 9 4 0 33
2 7 8 0 33
8 1 0 9 33
2 3 8 7 33
4 9 0 0 34
4 9 4 0 34
2 7 8 0 34
8 1 0 9 34
2 3 8 7 34
4 9 0 0 35
4 9 4 0 35
2 7 8 0 35
8 1 0 9 35
2 3 8 7 35
4 9 0 0 36
4 9 4 0 36
2 7 8 0 36
8 1 0 9 36
2 3 8 7 36
4 9 0 0 37
4 9 4 0 37
2 7 8 0 37
8 1 0 9 37
2 3 8 7 37
4 9 0 0 38
4 9 4 0 38
2 7 8 0 38
8 1 0 9 38
2 3 8 7 38
4 9 0 0 39
4 9 4 0 39
2 7 8 0 39
8 1 0 9 39
2 3 8 7 39
4 9 0 0 40
4 9 4 0 40
2 7 8 0 40
8 1 0 9 40
2 3 8 7 40
4 9 0 0 41
4 9 4 0 41
2 7 8 0 41
8 1 0 9 41
2 3 8 7 41
4 9 0 0 42
4 9 4 0 42
2 7 8 0 42
8 1 0 9 42
2 3 8 7 42
4 9 0 0 43
4 9 4 0 43
2 7 8 0 43
8 1 0 9 43
2 3 8 7 43
4 9 0 0 44
4 9 4 0 44
2 7 8 0 44
8 1 0 9 44
2 3 8 7 44
4 9 0 0 45
4 9 4 0 45
2 7 8 0 45
8 1 0 9 45
2 3 8 7 45
4 9 0 0 46
4 9 4 0 46
2 7 8 0 46
8 1 0 9 46
2 3 8 7 46
4 9 0 0 47
4 9 4 0 47
2 7 8 0 47
8 1 0 9 47
2 3 8 7 47
4 9 0 0 48
4 9 4 0 48
2 7 8 0 48
8 1 0 9 48
2 3 8 7 48
4 9 0 0 49
4 9 4 0 49
2 7 8 0 49
8 1 0 9 49
2 3 8 7 49
4 9 0 0 50
4 9 4 0 50
2 7 8 0 50
8 1 0 9 50
2 3 8 7 50
4 9 0 0 51
4 9 4 0 51
2 7 8 0 51
8 1 0 9 51
2 3 8 7 51
4 9 0 0 52
4 9 4 0 52
2 7 8 0 52
8 1 0 9 52
2 3 8 7 52
4 9 0 0 53
4 9 4 0 53
2 7 8 0 53
8 1 0 9 53
2 3 8 7 53
4 9 0 0 54
4 9 4 0 54
2 7 8 0 54
8 1 0 9 54
2 3 8 7 54
4 9 0 0 55
4 9 4 0 55
2 7 8 0 55
8 1 0 9 55
2 3 8 7 55
4 9 0 0 56
4 9 4 0 56
2 7 8 0 56
8 1 0 9 56
2 3 8 7 56
4 9 0 0 57
4 9 4 0 57
2 7 8 0 57
8 1 0 9 57
2 3 8 7 57
4 9 0 0 58
4 9 4 0 58
2 7 8 0 58
8 1 0 9 58
2 3 8 7 58
4 9 0 0 59
4 9 4 0 59
2 7 8 0 59
8 1 0 9 59
2 3 8 7 59
4 9 0 0 60
4 9 4 0 60
2 7 8 0 60
8 1 0 9 60
2 3 8 7 60
4 9 0 0 61
4 9 4 0 61
2 7 8 0 61
8 1 0 9 61
2 3 8 7 61
4 9 0 0 62
4 9 4 0 62
2 7 8 0 62
8 1 0 9 62
2 3 8 7 62
4 9 0 0 63
4 9 4 0 63
2 7 8 0 63
8 1 0 9 63
2 3 8 7 63
4 9 0 0 64
4 9 4 0 64
2 7 8 0 64
8 1 0 9 64
2 3 8 7 64
4 9 0 0 65
4 9 4 0 65
2 7 8 0 65
8 1 0 9 65
2 3 8 7 65
4 9 0 0 66
4 9 4 0 66
2 7 8 0 66
8 1 0 9 66
2 3 8 7 66
4 9 0 0 67
4 9 4 0 67
2 7 8 0 67
8 1 0 9 67
2 3 8 7 67
4 9 0 0 68
4 9 4 0 68
2 7 8 0 68
8 1 0 9 68
2 3 8 7 68
4 9 0 0 69
4 9 4 0 69
2 7 8 0 69
8 1 0 9 69
2 3 8 7 69
4 9 0 0 70
4 9 4 0 70
2 7 8 0 70
8 1 0 9 70
2 3 8 7 70
4 9 0 0 71
4 9 4 0 71
2 7 8 0 71
8 1 0 9 71
2 3 8 7 71
4 9 0 0 72
4 9 4 0 72
2 7 8 0 72
8 1 0 9 72
2 3 8 7 72
4 9 0 0 73
4 9 4 0 73
2 7 8 0 73
8 1 0 9 73
2 3 8 7 73
4 9 0 0 74
4 9 4 0 74
2 7 8 0 74
8 1 0 9 74
2 3 8 7 74
4 9 0 0 75
4 9 4 0 75
2 7 8 0 75
8 1 0 9 75
2 3 8 7 75
4 9 0 0 76
4 9 4 0 76
2 7 8 0 76
8 1 0 9 76
2 3 8 7 76
4 9 0 0 77
4 9 4 0 77
2 7 8 0 77
8 1 0 9 77
2 3 8 7 77
4 9 0 0 78
4 9 4 0 78
2 7 8 0 78
8 1 0 9 78
2 3 8 7 78
4 9 0 0 79
4 9 4 0 79
2 7 8 0 79
8 1 0 9 79
2 3 8 7 79
4 9 0 0 80
4 9 4 0 80
2 7 8 0 80
8 1 0 9 80
2 2 8 7 80
4 9 0 0 81
4 9 4 0 81
2 7 8 0 81
8 1 0 9 81
2 2 8 7 81
4 9 0 0 82
4 9 4 0 82
2 7 8 0 82
8 1 0 9 82
2 2 8 7 82
4 9 0 0 83
4 9 4 0 83
2 7 8 0 83
8 1 0 9 83
2 2 8 7 83
4 9 0 0 84
4 9 4 0 84
2 7 8 0 84
8 1 0 9 84
2 2 8 7 84
4 9 0 0 85
4 9 4 0 85
2 7 8 0 85
8 1 0 9 85
2 2 8 7 85
4 9 0 0 86
4 9 4 0 86
2 7 8 0 86
8 1 0 9 86
2 2 8 7 86
4 9 0 0 87
4 9 4 0 87
2 7 8 0 87
8 1 0 9 87
2 2 8 7 87
4 9 0 0 88
4 9 4 0 88
2 7 8 0 88
8 1 0 9 88
2 2 8 7 88
4 9 0 0 89
4 9 4 0 89
2 7 8 0 89
8 1 0 9 89
2 2 8 7 89
4 9 0 0 90
4 9 4 0 90
2 7 8 0 90
8 1 0 9 90
2 2 8 7 90
4 9 0 0 91
4 9 4 0 91
2 7 8 0 91
8 1 0 9 91
2 2 8 7 91
4 9 0 0 92
4 9 4 0 92
2 7 8 0 92
8 1 0 9 92
2 2 8 7 92
4 9 0 0 93
4 9 4 0 93
2 7 8 0 93
8 1 0 9 93
2 2 8 7 93
4 9 0 0 94
4 9 4 0 94
2 7 8 0 94
8 1 0 9 94
2 2 8 7 94
4 9 0 0 95
4 9 4 0 95
2 7 8 0 95
8 1 0 9 95
2 2 8 7 95
4 9 0 0 96
4 9 4 0 96
2 7 8 0 96
8 1 0 9 96
2 2 8 7 96
4 9 0 0 97
4 9 4 0 97
2 7 8 0 97
8 1 0 9 97
2 2 8 7 97
4 9 0 0 98
4 9 4 0 98
2 7 8 0 98
8 1 0 9 98
2 2 8 7 98
4 9 0 0 99
4 9 4 0 99
2 7 8 0 99
8 1 0 9 99
2 2 8 7 99
4 9 0 0 100
4 9 4 0 100
2 7 8 0 100
8 1 0 9 100
2 2 8 7 100
4 9 0 0 101
4 9 4 0 101
2 7 8 0 101
8 1 0 9 101
2 2 8 7 101
4 9 0 0 102
4 9 4 0 102
2 7 8 0 102
8 1 0 9 102
2 2 8 7 102
4 9 0 0 103
4 9 4 0 103
2 7 8 0 103
8 1 0 9 103
2 2 8 7 103
4 9 0 0 104
4 9 4 0 104
2 7 8 0 104
8 1 0 9 104
2 2 8 7 104
4 9 0 0 105
4 9 4 0 105
2 7 8 0 105
8 1 0 9 105
2 2 8 7 105
4 9 0 0 106
4 9 4 0 106
2 7 8 0 106
8 1 0 9 106
2 2 8 7 106
4 9 0 0 107
4 9 4 0 107
2 7 8 0 107
8 1 0 9 107
2 2 8 7 107
4 9 0 0 108
4 9 4 0 108
2 7 8 0 108
8 1 0 9 108
2 2 8 7 108
4 9 0 0 109
4 9 4 0 109
2 7 8 0 109
8 1 0 9 109
2 2 8 7 109
4 9 0 0 110
4 9 4 0 110
2 7 8 0 110
8 1 0 9 110
2 2 8 7 110
4 9 0 0 111
4 9 4 0 111
2 7 8 0 111
8 1 0 9 111
2 2 8 7 111
4 9 0 0 112
4 9 4 0 112
2 7 8 0 112
8 1 0 9 112
2 2 8 7 112
4 9 0 0 113
4 9 4 0 113
2 7 8 0 113
8 1 0 9 113
2 2 8 7 113
4 9 0 0 114
4 9 4 0 114
2 7 8 0 114
8 1 0 9 114
2 2 8 7 114
4 9 0 0 115
4 9 4 0 115
2 7 8 0 115
8 1 0 9 115
2 2 8 7 115
4 9 0 0 116
4 9 4 0 116
2 7 8 0 116
8 1 0 9 116
2 2 8 7 116
4 9 0 0 117
4 9 4 0 117
2 7 8 0 117
8 1 0 9 117
2 2 8 7 117
4 9 0 0 118
4 9 4 0 118
2 7 8 0 118
8 1 0 9 118
2 2 8 7 118
4 9 0 0 119
4 9 4 0 119
2 7 8 0 119
8 1 0 9 119
2 2 8 7 119
4 6 0 0 120
4 6 4 0 120
6 3 0 6 120
2 7 8 0 120
3 3 6 7 120
3 1 0 9 120
3 1 3 9 120
1 2 9 7 120
4 6 0 0 121
4 6 4 0 121
6 3 0 6 121
2 7 8 0 121
3 3 6 7 121
3 1 0 9 121
3 1 3 9 121
1 2 9 7 121
4 6 0 0 122
4 6 4 0 122
6 3 0 6 122
2 7 8 0 122
3 3 6 7 122
3 1 0 9 122
3 1 3 9 122
1 2 9 7 122
4 6 0 0 123
4 6 4 0 123
6 3 0 6 123
2 7 8 0 123
3 3 6 7 123
3 1 0 9 123
3 1 3 9 123
1 2 9 7 123
4 6 0 0 124
4 6 4 0 124
6 3 0 6 124
2 7 8 0 124
3 3 6 7 124
3 1 0 9 124
3 1 3 9 124
1 2 9 7 124
4 6 0 0 125
4 6 4 0 125
6 3 0 6 125
2 7 8 0 125
3 3 6 7 125
3 1 0 9 125
3 1 3 9 125
1 2 9 7 125
4 6 0 0 126
4 6 4 0 126
6 3 0 6 126
2 7 8 0 126
3 3 6 7 126
3 1 0 9 126
3 1 3 9 126
1 2 9 7 126
4 6 0 0 127
4 6 4 0 127
6 3 0 6 127
2 7 8 0 127
3 3 6 7 127
3 1 0 9 127
3 1 3 9 127
1 2 9 7 127
4 6 0 0 128
4 6 4 0 128
6 3 0 6 128
2 7 8 0 128
3 3 6 7 128
3 1 0 9 128
3 1 3 9 128
1 2 9 7 128
4 6 0 0 129
4 6 4 0 129
6 3 0 6 129
2 7 8 0 129
3 3 6 7 129
3 1 0 9 129
3 1 3 9 129
1 2 9 7 129
4 6 0 0 130
4 6 4 0 130
6 3 0 6 130
2 7 8 0 130
3 3 6 7 130
3 1 0 9 130
3 1 3 9 130
1 2 9 7 130
4 6 0 0 131
4 6 4 0 131
6 3 0 6 131
2 7 8 0 131
3 3 6 7 131
3 1 0 9 131
3 1 3 9 131
1 2 9 7 131
4 6 0 0 132
4 6 4 0 132
6 3 0 6 132
2 7 8 0 132
3 3 6 7 132
3 1 0 9 132
3 1 3 9 132
1 2 9 7 132
4 6 0 0 133
4 6 4 0 133
6 3 0 6 133
2 7 8 0 133
3 3 6 7 133
3 1 0 9 133
3 1 3 9 133
1 2 9 7 133
4 6 0 0 134
4 6 4 0 134
6 3 0 6 134
2 7 8 0 134
3 3 6 7 134
3 1 0 9 134
3 1 3 9 134
1 2 9 7 134
4 6 0 0 135
4 6 4 0 135
6 3 0 6 135
2 7 8 0 135
3 3 6 7 135
3 1 0 9 135
3 1 3 9 135
1 2 9 7 135
4 6 0 0 136
4 6 4 0 136
6 3 0 6 136
2 7 8 0 136
3 3 6 7 136
3 1 0 9 136
3 1 3 9 136
1 2 9 7 136
4 6 0 0 137
4 6 4 0 137
6 3 0 6 137
2 7 8 0 137
3 3 6 7 137
3 1 0 9 137
3 1 3 9 137
1 2 9 7 137
4 6 0 0 138
4 6 4 0 138
6 3 0 6 138
2 7 8 0 138
3 3 6 7 138
3 1 0 9 138
3 1 3 9 138
1 2 9 7 138
4 6 0 0 139
4 6 4 0 139
6 3 0 6 139
2 7 8 0 139
3 3 6 7 139
3 1 0 9 139
3 1 3 9 139
1 2 9 7 139
4 6 0 0 140
4 6 4 0 140
6 3 0 6 140
2 7 8 0 140
3 3 6 7 140
3 1 0 9 140
3 1 3 9 140
1 2 9 7 140
4 6 0 0 141
4 6 4 0 141
6 3 0 6 141
2 7 8 0 141
3 3 6 7 141
3 1 0 9 141
3 1 3 9 141
1 2 9 7 141
4 6 0 0 142
4 6 4 0 142
6 3 0 6 142
2 7 8 0 142
3 3 6 7 142
3 1 0 9 142
3 1 3 9 142
1 2 9 7 142
4 6 0 0 143
4 6 4 0 143
6 3 0 6 143
2 7 8 0 143
3 3 6 7 143
3 1 0 9 143
3 1 3 9 143
1 2 9 7 143
4 6 0 0 144
4 6 4 0 144
6 3 0 6 144
2 7 8 0 144
3 3 6 7 144
3 1 0 9 144
3 1 3 9 144
1 2 9 7 144
4 6 0 0 145
4 6 4 0 145
6 3 0 6 145
2 7 8 0 145
3 3 6 7 145
3 1 0 9 145
3 1 3 9 145
1 2 9 7 145
4 6 0 0 146
4 6 4 0 146
6 3 0 6 146
2 7 8 0 146
3 3 6 7 146
3 1 0 9 146
3 1 3 9 146
1 2 9 7 146
4 6 0 0 147
4 6 4 0 147
6 3 0 6 147
2 7 8 0 147
3 3 6 7 147
3 1 0 9 147
3 1 3 9 147
1 2 9 7 147
4 6 0 0 148
4 6 4 0 148
6 3 0 6 148
2 7 8 0 148
3 3 6 7 148
3 1 0 9 148
3 1 3 9 148
1 2 9 7 148
4 6 0 0 149
4 6 4 0 149
6 3 0 6 149
2 7 8 0 149
3 3 6 7 149
3 1 0 9 149
3 1 3 9 149
1 2 9 7 149
4 6 0 0 150
4 6 4 0 150
6 3 0 6 150
2 7 8 0 150
3 3 6 7 150
3 1 0 9 150
3 1 3 9 150
1 2 9 7 150
4 6 0 0 151
4 6 4 0 151
6 3 0 6 151
2 7 8 0 151
3 3 6 7 151
3 1 0 9 151
3 1 3 9 151
1 2 9 7 151
4 6 0 0 152
4 6 4 0 152
6 3 0 6 152
2 7 8 0 152
3 3 6 7 152
3 1 0 9 152
3 1 3 9 152
1 2 9 7 152
4 6 0 0 153
4 6 4 0 153
6 3 0 6 153
2 7 8 0 153
3 3 6 7 153
3 1 0 9 153
3 1 3 9 153
1 2 9 7 153
4 6 0 0 154
4 6 4 0 154
6 3 0 6 154
2 7 8 0 154
3 3 6 7 154
3 1 0 9 154
3 1 3 9 154
1 2 9 7 154
4 6 0 0 155
4 6 4 0 155
6 3 0 6 155
2 7 8 0 155
3 3 6 7 155
3 1 0 9 155
3 1 3 9 155
1 2 9 7 155
4 6 0 0 156
4 6 4 0 156
6 3 0 6 156
2 7 8 0 156
3 3 6 7 156
3 1 0 9 156
3 1 3 9 156
1 2 9 7 156
4 6 0 0 157
4 6 4 0 157
6 3 0 6 157
2 7 8 0 157
3 3 6 7 157
3 1 0 9 157
3 1 3 9 157
1 2 9 7 157
4 6 0 0 158
4 6 4 0 158
6 3 0 6 158
2 7 8 0 158
3 3 6 7 158
3 1 0 9 158
3 1 3 9 158
1 2 9 7 158
4 6 0 0 159
4 6 4 0 159
6 3 0 6 159
2 7 8 0 159
3 3 6 7 159
3 1 0 9 159
3 1 3 9 159
1 2 9 7 159
6 3 0 0 160
6 3 0 3 160
6 3 0 6 160
2 7 6 0 160
2 7 8 0 160
3 3 6 7 160
3 1 0 9 160
3 1 3 9 160
1 2 9 7 160
6 3 0 0 161
6 3 0 3 161
6 3 0 6 161
2 7 6 0 161
2 7 8 0 161
3 3 6 7 161
3 1 0 9 161
3 1 3 9 161
1 2 9 7 161
6 3 0 0 162
6 3 0 3 162
6 3 0 6 162
2 7 6 0 162
2 7 8 0 162
3 3 6 7 162
3 1 0 9 162
3 1 3 9 162
1 2 9 7 162
6 3 0 0 163
6 3 0 3 163
6 3 0 6 163
2 7 6 0 163
2 7 8 0 163
3 3 6 7 163
3 1 0 9 163
3 1 3 9 163
1 2 9 7 163
6 3 0 0 164
6 3 0 3 164
6 3 0 6 164
2 7 6 0 164
2 7 8 0 164
3 3 6 7 164
3 1 0 9 164
3 1 3 9 164
1 2 9 7 164
6 3 0 0 165
6 3 0 3 165
6 3 0 6 165
2 7 6 0 165
2 7 8 0 165
3 3 6 7 165
3 1 0 9 165
3 1 3 9 165
1 2 9 7 165
6 3 0 0 166
6 3 0 3 166
6 3 0 6 166
2 7 6 0 166
2 7 8 0 166
3 3 6 7 166
3 1 0 9 166
3 1 3 9 166
1 2 9 7 166
6 3 0 0 167
6 3 0 3 167
6 3 0 6 167
2 7 6 0 167
2 7 8 0 167
3 3 6 7 167
3 1 0 9 167
3 1 3 9 167
1 2 9 7 167
6 3 0 0 168
6 3 0 3 168
6 3 0 6 168
2 7 6 0 168
2 7 8 0 168
3 3 6 7 168
3 1 0 9 168
3 1 3 9 168
1 2 9 7 168
6 3 0 0 169
6 3 0 3 169
6 3 0 6 169
2 7 6 0 169
2 7 8 0 169
3 3 6 7 169
3 1 0 9 169
3 1 3 9 169
1 2 9 7 169
6 3 0 0 170
6 3 0 3 170
6 3 0 6 170
2 7 6 0 170
2 7 8 0 170
3 3 6 7 170
3 1 0 9 170
3 1 3 9 170
1 2 9 7 170
6 3 0 0 171
6 3 0 3 171
6 3 0 6 171
2 7 6 0 171
2 7 8 0 171
3 3 6 7 171
3 1 0 9 171
3 1 3 9 171
1 2 9 7 171
6 3 0 0 172
6 3 0 3 172
6 3 0 6 172
2 7 6 0 172
2 7 8 0 172
3 3 6 7 172
3 1 0 9 172
3 1 3 9 172
1 2 9 7 172
6 3 0 0 173
6 3 0 3 173
6 3 0 6 173
2 7 6 0 173
2 7 8 0 173
3 3 6 7 173
3 1 0 9 173
3 1 3 9 173
1 2 9 7 173
6 3 0 0 174
6 3 0 3 174
6 3 0 6 174
2 7 6 0 174
2 7 8 0 174
3 3 6 7 174
3 1 0 9 174
3 1 3 9 174
1 2 9 7 174
6 3 0 0 175
6 3 0 3 175
6 3 0 6 175
2 7 6 0 175
2 7 8 0 175
3 3 6 7 175
3 1 0 9 175
3 1 3 9 175
1 2 9 7 175
6 3 0 0 176
6 3 0 3 176
6 3 0 6 176
2 7 6 0 176
2 7 8 0 176
3 3 6 7 176
3 1 0 9 176
3 1 3 9 176
1 2 9 7 176
6 3 0 0 177
6 3 0 3 177
6 3 0 6 177
2 7 6 0 177
2 7 8 0 177
3 3 6 7 177
3 1 0 9 177
3 1 3 9 177
1 2 9 7 177
6 3 0 0 178
6 3 0 3 178
6 3 0 6 178
2 7 6 0 178
2 7 8 0 178
3 3 6 7 178
3 1 0 9 178
3 1 3 9 178
1 2 9 7 178
6 3 0 0 179
6 3 0 3 179
6 3 0 6 179
2 7 6 0 179
2 7 8 0 179
3 3 6 7 179
3 1 0 9 179
3 1 3 9 179
1 2 9 7 179
6 3 0 0 180
6 3 0 3 180
6 3 0 6 180
2 7 6 0 180
2 7 8 0 180
3 3 6 7 180
3 1 0 9 180
3 1 3 9 180
1 2 9 7 180
6 3 0 0 181
6 3 0 3 181
6 3 0 6 181
2 7 6 0 181
2 7 8 0 181
3 3 6 7 181
3 1 0 9 181
3 1 3 9 181
1 2 9 7 181
6 3 0 0 182
6 3 0 3 182
6 3 0 6 182
2 7 6 0 182
2 7 8 0 182
3 3 6 7 182
3 1 0 9 182
3 1 3 9 182
1 2 9 7 182
6 3 0 0 183
6 3 0 3 183
6 3 0 6 183
2 7 6 0 183
2 7 8 0 183
3 3 6 7 183
3 1 0 9 183
3 1 3 9 183
1 2 9 7 183
6 3 0 0 184
6 3 0 3 184
6 3 0 6 184
2 7 6 0 184
2 7 8 0 184
3 3 6 7 184
3 1 0 9 184
3 1 3 9 184
1 2 9 7 184
6 3 0 0 185
6 3 0 3 185
6 3 0 6 185
2 7 6 0 185
2 7 8 0 185
3 3 6 7 185
3 1 0 9 185
3 1 3 9 185
1 2 9 7 185
6 3 0 0 186
6 3 0 3 186
6 3 0 6 186
2 7 6 0 186
2 7 8 0 186
3 3 6 7 186
3 1 0 9 186
3 1 3 9 186
1 2 9 7 186
6 3 0 0 187
6 3 0 3 187
6 3 0 6 187
2 7 6 0 187
2 7 8 0 187
3 3 6 7 187
3 1 0 9 187
3 1 3 9 187
1 2 9 7 187
6 3 0 0 188
6 3 0 3 188
6 3 0 6 188
2 7 6 0 188
2 7 8 0 188
3 3 6 7 188
3 1 0 9 188
3 1 3 9 188
1 2 9 7 188
6 3 0 0 189
6 3 0 3 189
6 3 0 6 189
2 7 6 0 189
2 7 8 0 189
3 3 6 7 189
3 1 0 9 189
3 1 3 9 189
1 2 9 7 189
6 3 0 0 190
6 3 0 3 190
6 3 0 6 190
2 7 6 0 190
2 7 8 0 190
3 3 6 7 190
3 1 0 9 190
3 1 3 9 190
1 2 9 7 190
6 3 0 0 191
6 3 0 3 191
6 3 0 6 191
2 7 6 0 191
2 7 8 0 191
3 3 6 7 191
3 1 0 9 191
3 1 3 9 191
1 2 9 7 191
6 3 0 0 192
6 3 0 3 192
6 3 0 6 192
2 7 6 0 192
2 7 8 0 192
3 3 6 7 192
3 1 0 9 192
3 1 3 9 192
1 2 9 7 192
6 3 0 0 193
6 3 0 3 193
6 3 0 6 193
2 7 6 0 193
2 7 8 0 193
3 3 6 7 193
3 1 0 9 193
3 1 3 9 193
1 2 9 7 193
6 3 0 0 194
6 3 0 3 194
6 3 0 6 194
2 7 6 0 194
2 7 8 0 194
3 3 6 7 194
3 1 0 9 194
3 1 3 9 194
1 2 9 7 194
6 3 0 0 195
6 3 0 3 195
6 3 0 6 195
2 7 6 0 195
2 7 8 0 195
3 3 6 7 195
3 1 0 9 195
3 1 3 9 195
1 2 9 7 195
6 3 0 0 196
6 3 0 3 196
6 3 0 6 196
2 7 6 0 196
2 7 8 0 196
3 3 6 7 196
3 1 0 9 196
3 1 3 9 196
1 2 9 7 196
6 3 0 0 197
6 3 0 3 197
6 3 0 6 197
2 7 6 0 197
2 7 8 0 197
3 3 6 7 197
3 1 0 9 197
3 1 3 9 197
1 2 9 7 197
6 3 0 0 198
6 3 0 3 198
6 3 0 6 198
2 7 6 0 198
2 7 8 0 198
3 3 6 7 198
3 1 0 9 198
3 1 3 9 198
1 2 9 7 198
6 3 0 0 199
6 3 0 3 199
6 3 0 6 199
2 7 6 0 199
2 7 8 0 199
3 3 6 7 199
3 1 0 9 199
3 1 3 9 199
1 2 9 7 199
6 3 0 0 200
6 3 0 3 200
6 3 0 6 200
8 1 0 9 200
3 2 6 0 200
3 2 6 2 200
3 2 6 4 200
3 2 6 6 200
1 5 9 0 200
1 5 9 5 200
1 2 8 8 200
6 3 0 0 201
6 3 0 3 201
6 3 0 6 201
8 1 0 9 201
3 2 6 0 201
3 2 6 2 201
3 2 6 4 201
3 2 6 6 201
1 5 9 0 201
1 5 9 5 201
1 2 8 8 201
6 3 0 0 202
6 3 0 3 202
6 3 0 6 202
8 1 0 9 202
3 2 6 0 202
3 2 6 2 202
3 2 6 4 202
3 2 6 6 202
1 5 9 0 202
1 5 9 5 202
1 2 8 8 202
6 3 0 0 203
6 3 0 3 203
6 3 0 6 203
8 1 0 9 203
3 2 6 0 203
3 2 6 2 203
3 2 6 4 203
3 2 6 6 203
1 5 9 0 203
1 5 9 5 203
1 2 8 8 203
6 3 0 0 204
6 3 0 3 204
6 3 0 6 204
8 1 0 9 204
3 2 6 0 204
3 2 6 2 204
3 2 6 4 204
3 2 6 6 204
1 5 9 0 204
1 5 9 5 204
1 2 8 8 204
6 3 0 0 205
6 3 0 3 205
6 3 0 6 205
8 1 0 9 205
3 2 6 0 205
3 2 6 2 205
3 2 6 4 205
3 2 6 6 205
1 5 9 0 205
1 5 9 5 205
1 2 8 8 205
6 3 0 0 206
6 3 0 3 206
6 3 0 6 206
8 1 0 9 206
3 2 6 0 206
3 2 6 2 206
3 2 6 4 206
3 2 6 6 206
1 5 9 0 206
1 5 9 5 206
1 2 8 8 206
6 3 0 0 207
6 3 0 3 207
6 3 0 6 207
8 1 0 9 207
3 2 6 0 207
3 2 6 2 207
3 2 6 4 207
3 2 6 6 207
1 5 9 0 207
1 5 9 5 207
1 2 8 8 207
6 3 0 0 208
6 3 0 3 208
6 3 0 6 208
8 1 0 9 208
3 2 6 0 208
3 2 6 2 208
3 2 6 4 208
3 2 6 6 208
1 5 9 0 208
1 5 9 5 208
1 2 8 8 208
6 3 0 0 209
6 3 0 3 209
6 3 0 6 209
8 1 0 9 209
3 2 6 0 209
3 2 6 2 209
3 2 6 4 209
3 2 6 6 209
1 5 9 0 209
1 5 9 5 209
1 2 8 8 209
6 3 0 0 210
6 3 0 3 210
6 3 0 6 210
8 1 0 9 210
3 2 6 0 210
3 2 6 2 210
3 2 6 4 210
3 2 6 6 210
1 5 9 0 210
1 5 9 5 210
1 2 8 8 210
6 3 0 0 211
6 3 0 3 211
6 3 0 6 211
8 1 0 9 211
3 2 6 0 211
3 2 6 2 211
3 2 6 4 211
3 2 6 6 211
1 5 9 0 211
1 5 9 5 211
1 2 8 8 211
6 3 0 0 212
6 3 0 3 212
6 3 0 6 212
8 1 0 9 212
3 2 6 0 212
3 2 6 2 212
3 2 6 4 212
3 2 6 6 212
1 5 9 0 212
1 5 9 5 212
1 2 8 8 212
6 3 0 0 213
6 3 0 3 213
6 3 0 6 213
8 1 0 9 213
3 2 6 0 213
3 2 6 2 213
3 2 6 4 213
3 2 6 6 213
1 5 9 0 213
1 5 9 5 213
1 2 8 8 213
6 3 0 0 214
6 3 0 3 214
6 3 0 6 214
8 1 0 9 214
3 2 6 0 214
3 2 6 2 214
3 2 6 4 214
3 2 6 6 214
1 5 9 0 214
1 5 9 5 214
1 2 8 8 214
6 3 0 0 215
6 3 0 3 215
6 3 0 6 215
8 1 0 9 215
3 2 6 0 215
3 2 6 2 215
3 2 6 4 215
3 2 6 6 215
1 5 9 0 215
1 5 9 5 215
1 2 8 8 215
6 3 0 0 216
6 3 0 3 216
6 3 0 6 216
8 1 0 9 216
3 2 6 0 216
3 2 6 2 216
3 2 6 4 216
3 2 6 6 216
1 5 9 0 216
1 5 9 5 216
1 2 8 8 216
6 3 0 0 217
6 3 0 3 217
6 3 0 6 217
8 1 0 9 217
3 2 6 0 217
3 2 6 2 217
3 2 6 4 217
3 2 6 6 217
1 5 9 0 217
1 5 9 5 217
1 2 8 8 217
6 3 0 0 218
6 3 0 3 218
6 3 0 6 218
8 1 0 9 218
3 2 6 0 218
3 2 6 2 218
3 2 6 4 218
3 2 6 6 218
1 5 9 0 218
1 5 9 5 218
1 2 8 8 218
6 3 0 0 219
6 3 0 3 219
6 3 0 6 219
8 1 0 9 219
3 2 6 0 219
3 2 6 2 219
3 2 6 4 219
3 2 6 6 219
1 5 9 0 219
1 5 9 5 219
1 2 8 8 219
6 3 0 0 220
6 3 0 3 220
6 3 0 6 220
8 1 0 9 220
1 5 6 0 220
1 5 7 0 220
1 5 8 0 220
1 5 8 5 220
1 5 9 0 220
1 5 9 5 220
1 4 6 5 220
1 4 7 5 220
6 3 0 0 221
6 3 0 3 221
6 3 0 6 221
8 1 0 9 221
1 5 6 0 221
1 5 7 0 221
1 5 8 0 221
1 5 8 5 221
1 5 9 0 221
1 5 9 5 221
1 4 6 5 221
1 4 7 5 221
6 3 0 0 222
6 3 0 3 222
6 3 0 6 222
8 1 0 9 222
1 5 6 0 222
1 5 7 0 222
1 5 8 0 222
1 5 8 5 222
1 5 9 0 222
1 5 9 5 222
1 4 6 5 222
1 4 7 5 222
6 3 0 0 223
6 3 0 3 223
6 3 0 6 223
8 1 0 9 223
1 5 6 0 223
1 5 7 0 223
1 5 8 0 223
1 5 8 5 223
1 5 9 0 223
1 5 9 5 223
1 4 6 5 223
1 4 7 5 223
6 3 0 0 224
6 3 0 3 224
6 3 0 6 224
8 1 0 9 224
1 5 6 0 224
1 5 7 0 224
1 5 8 0 224
1 5 8 5 224
1 5 9 0 224
1 5 9 5 224
1 4 6 5 224
1 4 7 5 224
6 3 0 0 225
6 3 0 3 225
6 3 0 6 225
8 1 0 9 225
1 5 6 0 225
1 5 7 0 225
1 5 8 0 225
1 5 8 5 225
1 5 9 0 225
1 5 9 5 225
1 4 6 5 225
1 4 7 5 225
6 3 0 0 226
6 3 0 3 226
8 1 0 6 226
8 1 0 7 226
8 1 0 8 226
8 1 0 9 226
1 5 6 0 226
1 5 7 0 226
1 5 8 0 226
1 5 8 5 226
1 4 9 0 226
1 4 9 4 226
1 2 9 8 226
8 1 0 0 227
8 1 0 1 227
8 1 0 2 227
8 1 0 3 227
8 1 0 4 227
8 1 0 5 227
8 1 0 6 227
8 1 0 7 227
8 1 0 8 227
8 1 0 9 227
1 4 8 0 227
1 4 8 4 227
1 4 9 0 227
1 4 9 4 227
2 2 8 8 227
8 1 0 0 228
8 1 0 1 228
8 1 0 2 228
8 1 0 3 228
8 1 0 4 228
8 1 0 5 228
8 1 0 6 228
8 1 0 7 228
8 1 0 8 228
8 1 0 9 228
1 4 8 0 228
1 4 8 4 228
1 4 9 0 228
1 4 9 4 228
2 2 8 8 228
8 1 0 0 229
8 1 0 1 229
8 1 0 2 229
8 1 0 3 229
8 1 0 4 229
8 1 0 5 229
8 1 0 6 229
8 1 0 7 229
8 1 0 8 229
8 1 0 9 229
1 4 8 0 229
1 4 8 4 229
1 4 9 0 229
1 4 9 4 229
2 2 8 8 229
8 1 0 0 230
8 1 0 1 230
8 1 0 2 230
8 1 0 3 230
8 1 0 4 230
8 1 0 5 230
8 1 0 6 230
8 1 0 7 230
8 1 0 8 230
8 1 0 9 230
1 4 8 0 230
1 4 8 4 230
1 4 9 0 230
1 4 9 4 230
2 2 8 8 230
8 1 0 0 231
8 1 0 1 231
8 1 0 2 231
8 1 0 3 231
8 1 0 4 231
8 1 0 5 231
8 1 0 6 231
8 1 0 7 231
8 1 0 8 231
8 1 0 9 231
1 4 8 0 231
1 4 8 4 231
1 4 9 0 231
1 4 9 4 231
2 2 8 8 231
8 1 0 0 232
8 1 0 1 232
8 1 0 2 232
8 1 0 3 232
8 1 0 4 232
8 1 0 5 232
8 1 0 6 232
8 1 0 7 232
8 1 0 8 232
8 1 0 9 232
1 4 8 0 232
1 4 8 4 232
1 4 9 0 232
1 4 9 4 232
2 2 8 8 232
8 1 0 0 233
8 1 0 1 233
8 1 0 2 233
8 1 0 3 233
8 1 0 4 233
8 1 0 5 233
8 1 0 6 233
8 1 0 7 233
8 1 0 8 233
8 1 0 9 233
1 4 8 0 233
1 4 8 4 233
1 4 9 0 233
1 4 9 4 233
2 2 8 8 233
8 1 0 0 234
8 1 0 1 234
8 1 0 2 234
8 1 0 3 234
8 1 0 4 234
8 1 0 5 234
8 1 0 6 234
8 1 0 7 234
8 1 0 8 234
8 1 0 9 234
1 4 8 0 234
1 4 8 4 234
2 2 8 8 234
1 4 9 0 234
1 4 9 4 234
8 1 0 0 235
8 1 0 1 235
8 1 0 2 235
8 1 0 3 235
8 1 0 4 235
8 1 0 5 235
8 1 0 6 235
8 1 0 7 235
8 1 0 8 235
8 1 0 9 235
2 2 8 0 235
2 2 8 2 235
2 2 8 4 235
2 2 8 6 235
2 2 8 8 235
1 4 0 0 236
1 4 0 4 236
2 2 0 8 236
1 4 1 0 236
2 2 1 4 236
2 2 1 6 236
1 4 2 0 236
1 4 3 0 236
1 4 3 4 236
1 4 4 0 236
2 2 2 8 236
1 4 4 4 236
1 4 5 0 236
1 4 5 4 236
2 2 4 8 236
1 4 6 0 236
2 2 6 4 236
2 2 6 6 236
1 4 7 0 236
2 2 6 8 236
1 4 8 0 236
1 4 8 4 236
2 2 8 8 236
1 4 9 0 236
1 4 9 4 236
2 2 0 0 237
2 2 0 2 237
2 2 0 4 237
2 2 0 6 237
2 2 0 8 237
1 4 2 0 237
2 2 2 4 237
2 2 2 6 237
2 2 2 8 237
2 2 3 0 237
1 4 4 2 237
2 2 4 6 237
2 2 4 8 237
2 2 5 0 237
1 4 5 2 237
2 2 6 2 237
1 4 6 4 237
2 2 6 8 237
1 4 7 4 237
2 2 7 0 237
1 4 8 2 237
1 4 8 6 237
1 4 9 0 237
1 4 9 4 237
1 2 3 2 237
1 2 9 8 237
2 2 0 0 238
2 2 0 2 238
2 2 0 4 238
2 2 0 6 238
1 4 2 0 238
1 4 2 4 238
2 2 0 8 238
1 4 3 0 238
1 4 3 4 238
1 4 4 0 238
2 2 2 8 238
2 2 4 4 238
1 4 4 6 238
1 4 5 0 238
2 2 5 6 238
2 2 5 8 238
2 2 6 0 238
1 4 6 2 238
1 4 7 2 238
2 2 7 6 238
2 2 7 8 238
2 2 8 0 238
1 4 8 2 238
1 4 9 2 238
1 4 9 6 238
2 2 0 0 239
2 2 0 2 239
2 2 0 4 239
2 2 0 6 239
2 2 0 8 239
1 4 2 0 239
1 4 2 4 239
1 4 3 0 239
2 2 2 8 239
1 4 3 4 239
2 2 4 0 239
2 2 4 2 239
1 4 4 4 239
1 4 5 4 239
1 4 6 0 239
1 4 6 4 239
1 4 7 0 239
2 2 4 8 239
1 4 7 4 239
1 4 8 0 239
2 2 6 8 239
2 2 8 4 239
2 2 8 6 239
2 2 8 8 239
1 4 9 0 239
2 2 0 0 240
2 2 0 2 240
2 2 0 4 240
1 4 0 6 240
1 4 1 6 240
2 2 2 0 240
1 4 2 2 240
2 2 2 6 240
2 2 2 8 240
2 2 3 2 240
2 2 3 4 240
1 4 4 6 240
1 4 5 0 240
2 2 5 4 240
1 4 5 6 240
2 2 6 0 240
1 4 6 6 240
2 2 6 2 240
2 2 7 4 240
2 2 7 6 240
2 2 7 8 240
1 4 8 0 240
1 4 9 0 240
1 4 9 4 240
1 2 4 0 240
1 2 9 8 240
2 2 0 0 241
1 4 0 2 241
2 2 0 6 241
1 4 1 2 241
2 2 0 8 241
1 4 2 0 241
1 4 2 4 241
2 2 2 8 241
2 2 3 0 241
1 4 3 2 241
1 4 4 2 241
1 4 4 6 241
1 4 5 0 241
2 2 5 4 241
2 2 5 6 241
1 4 6 0 241
1 4 7 0 241
1 4 7 4 241
1 4 8 0 241
1 4 8 4 241
1 4 9 0 241
1 4 9 4 241
2 2 5 8 241
2 2 7 8 241
1 2 3 6 241
1 2 9 8 241
1 4 0 0 242
2 2 0 4 242
2 2 0 6 242
2 2 0 8 242
1 4 1 0 242
2 2 2 0 242
1 4 2 2 242
2 2 2 6 242
1 4 3 2 242
1 4 4 0 242
1 4 4 4 242
1 4 5 0 242
1 4 5 4 242
1 4 6 0 242
1 4 6 4 242
1 4 7 0 242
1 4 7 4 242
2 2 2 8 242
2 2 4 8 242
2 2 6 8 242
1 4 8 0 242
2 2 8 4 242
1 4 8 6 242
1 4 9 0 242
1 4 9 6 242
2 2 0 0 243
2 2 0 2 243
1 4 0 4 243
2 2 0 8 243
1 4 1 4 243
2 2 2 0 243
2 2 2 2 243
1 4 2 4 243
1 4 3 4 243
2 2 2 8 243
2 2 4 0 243
2 2 4 2 243
1 4 4 4 243
1 4 5 4 243
1 4 6 0 243
1 4 6 4 243
2 2 4 8 243
1 4 7 0 243
2 2 6 8 243
2 2 7 4 243
2 2 7 6 243
1 4 8 0 243
1 4 9 0 243
2 2 8 8 243
1 4 9 4 243
2 2 0 0 244
2 2 0 2 244
2 2 0 4 244
2 2 0 6 244
2 2 0 8 244
1 4 2 0 244
1 4 2 4 244
2 2 2 8 244
1 4 3 0 244
1 4 3 4 244
2 2 4 0 244
2 2 4 2 244
1 4 4 4 244
1 4 5 4 244
1 4 6 0 244
1 4 6 4 244
1 4 7 0 244
1 4 7 4 244
1 4 8 0 244
2 2 4 8 244
2 2 6 8 244
2 2 8 4 244
1 4 8 6 244
1 2 9 0 244
1 2 9 2 244
1 2 9 6 244
1 2 9 8 244
2 2 0 0 245
1 2 0 2 245
1 2 0 4 245
1 2 0 6 245
1 2 0 8 245
1 2 1 2 245
1 2 1 4 245
1 2 1 6 245
1 2 1 8 245
1 2 2 0 245
1 2 2 2 245
1 2 2 4 245
1 2 2 6 245
1 2 2 8 245
1 2 3 0 245
1 2 3 2 245
1 2 3 4 245
1 2 3 6 245
1 2 3 8 245
1 2 4 0 245
1 2 4 2 245
1 2 4 4 245
1 2 4 6 245
1 2 4 8 245
1 2 5 0 245
1 2 5 2 245
1 2 5 4 245
1 2 5 6 245
1 2 5 8 245
1 2 6 0 245
1 2 6 2 245
1 2 6 4 245
1 2 6 6 245
1 2 6 8 245
1 2 7 0 245
1 2 7 2 245
1 2 7 4 245
1 2 7 6 245
1 2 7 8 245
1 2 8 0 245
1 2 8 2 245
1 2 8 4 245
1 2 8 6 245
1 2 8 8 245
1 2 9 0 245
1 2 9 2 245
1 2 9 4 245
1 2 9 6 245
1 2 9 8 245
1 2 0 0 246
