% State of a bin packing problem:
%
% Bin number: 621
% Total uncovered points: 1160
% Total covered points: 60940
% Number of boxes: 2000
% Unused boxes: 0
% Runtime: 112.61599683761597
%
% Bin size:
10 10
%
% Boxes (width, height) not in some bins:
%
% Boxes (width, height, x_position, y_position, bin_id) in bins:
10 10 0 0 0
10 10 0 0 1
10 10 0 0 2
10 10 0 0 3
10 10 0 0 4
10 10 0 0 5
10 10 0 0 6
10 10 0 0 7
10 10 0 0 8
10 10 0 0 9
10 10 0 0 10
10 10 0 0 11
10 10 0 0 12
10 10 0 0 13
10 10 0 0 14
10 10 0 0 15
10 10 0 0 16
10 10 0 0 17
10 10 0 0 18
10 10 0 0 19
10 10 0 0 20
9 10 0 0 21
1 10 9 0 21
9 10 0 0 22
1 10 9 0 22
9 10 0 0 23
1 10 9 0 23
9 10 0 0 24
1 10 9 0 24
10 9 0 0 25
10 1 0 9 25
10 9 0 0 26
10 1 0 9 26
9 10 0 0 27
1 10 9 0 27
9 10 0 0 28
1 10 9 0 28
10 9 0 0 29
10 1 0 9 29
9 10 0 0 30
1 10 9 0 30
9 10 0 0 31
1 10 9 0 31
9 10 0 0 32
1 10 9 0 32
9 10 0 0 33
1 10 9 0 33
10 9 0 0 34
10 1 0 9 34
10 9 0 0 35
10 1 0 9 35
9 10 0 0 36
1 10 9 0 36
10 9 0 0 37
10 1 0 9 37
10 9 0 0 38
10 1 0 9 38
10 9 0 0 39
10 1 0 9 39
10 9 0 0 40
10 1 0 9 40
10 9 0 0 41
10 1 0 9 41
10 9 0 0 42
10 1 0 9 42
10 9 0 0 43
10 1 0 9 43
10 9 0 0 44
9 1 0 9 44
1 1 9 9 44
9 10 0 0 45
1 10 9 0 45
9 10 0 0 46
1 10 9 0 46
9 10 0 0 47
1 10 9 0 47
10 9 0 0 48
9 1 0 9 48
1 1 9 9 48
10 9 0 0 49
9 1 0 9 49
1 1 9 9 49
10 9 0 0 50
9 1 0 9 50
1 1 9 9 50
10 9 0 0 51
9 1 0 9 51
1 1 9 9 51
9 10 0 0 52
1 10 9 0 52
10 9 0 0 53
9 1 0 9 53
1 1 9 9 53
9 10 0 0 54
1 10 9 0 54
10 9 0 0 55
9 1 0 9 55
1 1 9 9 55
9 10 0 0 56
1 10 9 0 56
10 9 0 0 57
9 1 0 9 57
1 1 9 9 57
9 10 0 0 58
1 10 9 0 58
9 10 0 0 59
1 10 9 0 59
10 9 0 0 60
9 1 0 9 60
1 1 9 9 60
9 9 0 0 61
1 10 9 0 61
9 1 0 9 61
9 9 0 0 62
1 9 9 0 62
9 1 0 9 62
1 1 9 9 62
9 9 0 0 63
1 9 9 0 63
9 1 0 9 63
1 1 9 9 63
9 9 0 0 64
1 9 9 0 64
9 1 0 9 64
1 1 9 9 64
9 9 0 0 65
1 9 9 0 65
9 1 0 9 65
1 1 9 9 65
9 9 0 0 66
1 9 9 0 66
9 1 0 9 66
1 1 9 9 66
9 9 0 0 67
1 9 9 0 67
9 1 0 9 67
1 1 9 9 67
9 9 0 0 68
1 9 9 0 68
9 1 0 9 68
1 1 9 9 68
9 9 0 0 69
1 9 9 0 69
9 1 0 9 69
9 9 0 0 70
1 9 9 0 70
9 1 0 9 70
9 9 0 0 71
1 9 9 0 71
9 1 0 9 71
9 9 0 0 72
1 9 9 0 72
9 1 0 9 72
9 9 0 0 73
1 9 9 0 73
9 1 0 9 73
9 9 0 0 74
1 9 9 0 74
8 1 0 9 74
2 1 8 9 74
9 9 0 0 75
1 9 9 0 75
8 1 0 9 75
2 1 8 9 75
9 9 0 0 76
1 9 9 0 76
8 1 0 9 76
2 1 8 9 76
9 9 0 0 77
1 9 9 0 77
8 1 0 9 77
2 1 8 9 77
9 9 0 0 78
1 9 9 0 78
8 1 0 9 78
2 1 8 9 78
9 9 0 0 79
1 9 9 0 79
8 1 0 9 79
2 1 8 9 79
9 9 0 0 80
1 9 9 0 80
8 1 0 9 80
2 1 8 9 80
8 10 0 0 81
2 10 8 0 81
10 8 0 0 82
10 2 0 8 82
10 8 0 0 83
10 2 0 8 83
8 10 0 0 84
2 10 8 0 84
8 10 0 0 85
2 10 8 0 85
8 10 0 0 86
2 10 8 0 86
8 10 0 0 87
2 10 8 0 87
8 10 0 0 88
2 10 8 0 88
8 10 0 0 89
2 10 8 0 89
10 8 0 0 90
10 2 0 8 90
10 8 0 0 91
10 2 0 8 91
8 10 0 0 92
2 10 8 0 92
8 10 0 0 93
2 10 8 0 93
10 8 0 0 94
10 2 0 8 94
10 8 0 0 95
10 2 0 8 95
10 8 0 0 96
10 2 0 8 96
8 10 0 0 97
2 10 8 0 97
10 8 0 0 98
10 2 0 8 98
10 8 0 0 99
10 2 0 8 99
10 8 0 0 100
10 2 0 8 100
10 8 0 0 101
10 2 0 8 101
8 10 0 0 102
2 10 8 0 102
8 10 0 0 103
2 10 8 0 103
10 8 0 0 104
10 2 0 8 104
10 8 0 0 105
10 2 0 8 105
10 8 0 0 106
10 2 0 8 106
8 10 0 0 107
2 10 8 0 107
8 10 0 0 108
2 9 8 0 108
2 1 8 9 108
10 8 0 0 109
10 2 0 8 109
8 10 0 0 110
2 9 8 0 110
2 1 8 9 110
8 10 0 0 111
2 9 8 0 111
2 1 8 9 111
8 10 0 0 112
2 9 8 0 112
2 1 8 9 112
8 10 0 0 113
2 9 8 0 113
2 1 8 9 113
8 10 0 0 114
2 9 8 0 114
2 1 8 9 114
10 8 0 0 115
10 2 0 8 115
10 8 0 0 116
10 2 0 8 116
8 10 0 0 117
2 9 8 0 117
2 1 8 9 117
8 10 0 0 118
2 9 8 0 118
2 1 8 9 118
10 8 0 0 119
10 2 0 8 119
8 10 0 0 120
2 9 8 0 120
2 1 8 9 120
8 9 0 0 121
2 9 8 0 121
8 1 0 9 121
2 1 8 9 121
8 9 0 0 122
2 9 8 0 122
8 1 0 9 122
9 8 0 0 123
10 2 0 8 123
1 8 9 0 123
9 8 0 0 124
10 2 0 8 124
1 8 9 0 124
9 8 0 0 125
10 2 0 8 125
1 8 9 0 125
8 9 0 0 126
2 9 8 0 126
8 1 0 9 126
8 9 0 0 127
2 9 8 0 127
8 1 0 9 127
9 8 0 0 128
10 2 0 8 128
1 8 9 0 128
8 9 0 0 129
2 9 8 0 129
8 1 0 9 129
9 8 0 0 130
10 2 0 8 130
1 8 9 0 130
9 8 0 0 131
10 2 0 8 131
1 8 9 0 131
8 9 0 0 132
2 9 8 0 132
8 1 0 9 132
9 8 0 0 133
10 2 0 8 133
1 8 9 0 133
9 8 0 0 134
10 2 0 8 134
1 8 9 0 134
9 8 0 0 135
10 2 0 8 135
1 8 9 0 135
8 9 0 0 136
2 9 8 0 136
8 1 0 9 136
8 9 0 0 137
2 9 8 0 137
8 1 0 9 137
8 9 0 0 138
2 9 8 0 138
7 1 0 9 138
3 1 7 9 138
9 8 0 0 139
10 2 0 8 139
1 8 9 0 139
8 9 0 0 140
2 9 8 0 140
7 1 0 9 140
3 1 7 9 140
8 9 0 0 141
2 9 8 0 141
7 1 0 9 141
3 1 7 9 141
9 8 0 0 142
10 2 0 8 142
1 8 9 0 142
9 8 0 0 143
9 2 0 8 143
1 8 9 0 143
1 2 9 8 143
8 9 0 0 144
2 9 8 0 144
7 1 0 9 144
3 1 7 9 144
9 8 0 0 145
9 2 0 8 145
1 8 9 0 145
1 2 9 8 145
8 9 0 0 146
2 8 8 0 146
7 1 0 9 146
2 2 8 8 146
9 8 0 0 147
9 2 0 8 147
1 8 9 0 147
1 2 9 8 147
8 9 0 0 148
2 8 8 0 148
7 1 0 9 148
2 2 8 8 148
8 9 0 0 149
2 8 8 0 149
7 1 0 9 149
2 2 8 8 149
9 8 0 0 150
9 2 0 8 150
1 8 9 0 150
1 2 9 8 150
8 9 0 0 151
2 8 8 0 151
7 1 0 9 151
2 2 8 8 151
8 9 0 0 152
2 8 8 0 152
7 1 0 9 152
2 2 8 8 152
8 9 0 0 153
2 8 8 0 153
7 1 0 9 153
2 2 8 8 153
9 8 0 0 154
9 2 0 8 154
1 8 9 0 154
1 2 9 8 154
9 8 0 0 155
9 2 0 8 155
1 8 9 0 155
1 2 9 8 155
8 9 0 0 156
2 8 8 0 156
7 1 0 9 156
2 2 8 8 156
9 8 0 0 157
9 2 0 8 157
1 8 9 0 157
1 2 9 8 157
8 9 0 0 158
2 8 8 0 158
7 1 0 9 158
2 2 8 8 158
8 9 0 0 159
2 8 8 0 159
7 1 0 9 159
2 2 8 8 159
9 8 0 0 160
9 2 0 8 160
1 8 9 0 160
1 2 9 8 160
8 9 0 0 161
2 8 8 0 161
7 1 0 9 161
2 2 8 8 161
8 9 0 0 162
2 8 8 0 162
7 1 0 9 162
2 2 8 8 162
7 10 0 0 163
3 10 7 0 163
10 7 0 0 164
10 3 0 7 164
10 7 0 0 165
10 3 0 7 165
7 10 0 0 166
3 10 7 0 166
7 10 0 0 167
3 10 7 0 167
7 10 0 0 168
3 10 7 0 168
10 7 0 0 169
10 3 0 7 169
10 7 0 0 170
10 3 0 7 170
10 7 0 0 171
10 3 0 7 171
10 7 0 0 172
10 3 0 7 172
10 7 0 0 173
10 3 0 7 173
7 10 0 0 174
3 10 7 0 174
10 7 0 0 175
10 3 0 7 175
10 7 0 0 176
10 3 0 7 176
7 10 0 0 177
3 10 7 0 177
7 10 0 0 178
3 10 7 0 178
7 10 0 0 179
3 10 7 0 179
10 7 0 0 180
10 3 0 7 180
7 10 0 0 181
3 10 7 0 181
10 7 0 0 182
10 3 0 7 182
7 10 0 0 183
3 10 7 0 183
10 7 0 0 184
10 3 0 7 184
7 10 0 0 185
3 10 7 0 185
10 7 0 0 186
10 3 0 7 186
7 10 0 0 187
3 10 7 0 187
7 10 0 0 188
3 10 7 0 188
7 10 0 0 189
3 10 7 0 189
10 7 0 0 190
10 3 0 7 190
10 7 0 0 191
10 3 0 7 191
7 10 0 0 192
3 10 7 0 192
7 10 0 0 193
3 10 7 0 193
10 7 0 0 194
10 3 0 7 194
10 7 0 0 195
10 3 0 7 195
10 7 0 0 196
10 3 0 7 196
10 7 0 0 197
10 3 0 7 197
7 10 0 0 198
3 10 7 0 198
10 7 0 0 199
10 3 0 7 199
7 10 0 0 200
3 10 7 0 200
10 7 0 0 201
9 3 0 7 201
1 3 9 7 201
7 10 0 0 202
3 10 7 0 202
7 10 0 0 203
3 9 7 0 203
3 1 7 9 203
10 7 0 0 204
9 3 0 7 204
1 3 9 7 204
10 7 0 0 205
9 3 0 7 205
1 3 9 7 205
7 10 0 0 206
3 9 7 0 206
3 1 7 9 206
7 10 0 0 207
3 9 7 0 207
3 1 7 9 207
10 7 0 0 208
9 3 0 7 208
1 3 9 7 208
7 10 0 0 209
3 9 7 0 209
3 1 7 9 209
7 10 0 0 210
3 9 7 0 210
3 1 7 9 210
8 8 0 0 211
9 2 0 8 211
2 8 8 0 211
1 2 9 8 211
8 8 0 0 212
9 2 0 8 212
2 8 8 0 212
1 2 9 8 212
8 8 0 0 213
9 2 0 8 213
2 8 8 0 213
1 2 9 8 213
8 8 0 0 214
9 2 0 8 214
2 8 8 0 214
1 2 9 8 214
8 8 0 0 215
9 2 0 8 215
2 8 8 0 215
8 8 0 0 216
9 2 0 8 216
2 8 8 0 216
8 8 0 0 217
9 2 0 8 217
2 8 8 0 217
8 8 0 0 218
9 2 0 8 218
2 7 8 0 218
1 3 9 7 218
8 8 0 0 219
9 2 0 8 219
2 7 8 0 219
1 3 9 7 219
8 8 0 0 220
9 2 0 8 220
2 7 8 0 220
1 3 9 7 220
8 8 0 0 221
9 2 0 8 221
2 7 8 0 221
1 3 9 7 221
8 8 0 0 222
9 2 0 8 222
2 7 8 0 222
1 3 9 7 222
9 7 0 0 223
9 3 0 7 223
1 8 9 0 223
7 9 0 0 224
3 9 7 0 224
7 1 0 9 224
3 1 7 9 224
7 9 0 0 225
3 9 7 0 225
7 1 0 9 225
3 1 7 9 225
9 7 0 0 226
9 3 0 7 226
1 8 9 0 226
9 7 0 0 227
9 3 0 7 227
1 8 9 0 227
7 9 0 0 228
3 9 7 0 228
7 1 0 9 228
3 1 7 9 228
9 7 0 0 229
9 3 0 7 229
1 7 9 0 229
1 3 9 7 229
7 9 0 0 230
3 9 7 0 230
7 1 0 9 230
3 1 7 9 230
9 7 0 0 231
9 3 0 7 231
1 7 9 0 231
1 3 9 7 231
9 7 0 0 232
9 3 0 7 232
1 7 9 0 232
1 3 9 7 232
7 9 0 0 233
3 9 7 0 233
7 1 0 9 233
3 1 7 9 233
9 7 0 0 234
9 3 0 7 234
1 7 9 0 234
1 3 9 7 234
7 9 0 0 235
3 9 7 0 235
7 1 0 9 235
3 1 7 9 235
9 7 0 0 236
9 3 0 7 236
1 7 9 0 236
1 3 9 7 236
9 7 0 0 237
9 3 0 7 237
1 7 9 0 237
1 3 9 7 237
7 9 0 0 238
3 9 7 0 238
7 1 0 9 238
3 1 7 9 238
9 7 0 0 239
9 3 0 7 239
1 7 9 0 239
1 3 9 7 239
9 7 0 0 240
9 3 0 7 240
1 7 9 0 240
1 3 9 7 240
7 9 0 0 241
3 9 7 0 241
7 1 0 9 241
3 1 7 9 241
9 7 0 0 242
9 3 0 7 242
1 7 9 0 242
1 3 9 7 242
9 7 0 0 243
9 3 0 7 243
1 7 9 0 243
1 3 9 7 243
7 9 0 0 244
3 9 7 0 244
7 1 0 9 244
3 1 7 9 244
7 9 0 0 245
3 9 7 0 245
6 1 0 9 245
4 1 6 9 245
7 9 0 0 246
3 9 7 0 246
6 1 0 9 246
4 1 6 9 246
7 9 0 0 247
3 9 7 0 247
6 1 0 9 247
4 1 6 9 247
9 7 0 0 248
9 3 0 7 248
1 7 9 0 248
1 3 9 7 248
7 9 0 0 249
3 9 7 0 249
6 1 0 9 249
4 1 6 9 249
9 7 0 0 250
9 3 0 7 250
1 7 9 0 250
1 3 9 7 250
9 7 0 0 251
9 3 0 7 251
1 7 9 0 251
1 3 9 7 251
9 7 0 0 252
9 3 0 7 252
1 7 9 0 252
1 3 9 7 252
9 7 0 0 253
9 3 0 7 253
1 7 9 0 253
1 3 9 7 253
9 7 0 0 254
8 3 0 7 254
1 7 9 0 254
2 3 8 7 254
7 9 0 0 255
3 9 7 0 255
6 1 0 9 255
4 1 6 9 255
9 7 0 0 256
8 3 0 7 256
1 7 9 0 256
2 3 8 7 256
7 9 0 0 257
3 9 7 0 257
6 1 0 9 257
4 1 6 9 257
9 7 0 0 258
8 3 0 7 258
1 7 9 0 258
2 3 8 7 258
9 7 0 0 259
8 3 0 7 259
1 6 9 0 259
2 3 8 7 259
7 9 0 0 260
3 8 7 0 260
3 2 7 8 260
6 1 0 9 260
7 9 0 0 261
3 8 7 0 261
3 2 7 8 261
6 1 0 9 261
6 10 0 0 262
4 10 6 0 262
10 6 0 0 263
10 4 0 6 263
10 6 0 0 264
10 4 0 6 264
10 6 0 0 265
10 4 0 6 265
6 10 0 0 266
4 10 6 0 266
10 6 0 0 267
10 4 0 6 267
10 6 0 0 268
10 4 0 6 268
10 6 0 0 269
10 4 0 6 269
10 6 0 0 270
10 4 0 6 270
10 6 0 0 271
10 4 0 6 271
6 10 0 0 272
4 10 6 0 272
6 10 0 0 273
4 10 6 0 273
10 6 0 0 274
10 4 0 6 274
6 10 0 0 275
4 10 6 0 275
6 10 0 0 276
4 10 6 0 276
6 10 0 0 277
4 10 6 0 277
6 10 0 0 278
4 10 6 0 278
6 10 0 0 279
4 10 6 0 279
10 6 0 0 280
10 4 0 6 280
10 6 0 0 281
10 4 0 6 281
10 6 0 0 282
10 4 0 6 282
6 10 0 0 283
4 10 6 0 283
10 6 0 0 284
10 4 0 6 284
10 6 0 0 285
10 4 0 6 285
6 10 0 0 286
4 10 6 0 286
8 7 0 0 287
8 3 0 7 287
2 7 8 0 287
2 3 8 7 287
8 7 0 0 288
8 3 0 7 288
2 7 8 0 288
2 3 8 7 288
8 7 0 0 289
8 3 0 7 289
2 7 8 0 289
2 3 8 7 289
7 8 0 0 290
3 8 7 0 290
9 2 0 8 290
8 7 0 0 291
8 3 0 7 291
2 7 8 0 291
2 3 8 7 291
8 7 0 0 292
8 3 0 7 292
2 7 8 0 292
2 3 8 7 292
7 8 0 0 293
3 8 7 0 293
9 2 0 8 293
7 8 0 0 294
3 8 7 0 294
9 2 0 8 294
8 7 0 0 295
8 3 0 7 295
2 7 8 0 295
2 3 8 7 295
8 7 0 0 296
8 3 0 7 296
2 7 8 0 296
2 3 8 7 296
8 7 0 0 297
8 3 0 7 297
2 7 8 0 297
2 3 8 7 297
7 8 0 0 298
3 8 7 0 298
8 2 0 8 298
2 2 8 8 298
7 8 0 0 299
3 8 7 0 299
8 2 0 8 299
2 2 8 8 299
7 8 0 0 300
3 8 7 0 300
8 2 0 8 300
2 2 8 8 300
8 7 0 0 301
8 3 0 7 301
2 7 8 0 301
2 3 8 7 301
8 7 0 0 302
8 3 0 7 302
2 6 8 0 302
2 4 8 6 302
8 7 0 0 303
8 3 0 7 303
2 6 8 0 303
2 4 8 6 303
7 8 0 0 304
3 8 7 0 304
8 2 0 8 304
2 2 8 8 304
8 7 0 0 305
8 3 0 7 305
2 6 8 0 305
2 4 8 6 305
8 7 0 0 306
8 3 0 7 306
2 6 8 0 306
2 4 8 6 306
7 8 0 0 307
3 8 7 0 307
8 2 0 8 307
7 8 0 0 308
3 8 7 0 308
8 2 0 8 308
7 8 0 0 309
3 8 7 0 309
8 2 0 8 309
8 7 0 0 310
8 3 0 7 310
2 6 8 0 310
2 4 8 6 310
8 7 0 0 311
8 3 0 7 311
2 6 8 0 311
2 4 8 6 311
7 8 0 0 312
3 8 7 0 312
8 2 0 8 312
7 8 0 0 313
3 8 7 0 313
8 2 0 8 313
8 7 0 0 314
8 3 0 7 314
2 6 8 0 314
2 4 8 6 314
8 7 0 0 315
8 3 0 7 315
2 6 8 0 315
2 4 8 6 315
8 7 0 0 316
8 3 0 7 316
2 6 8 0 316
2 4 8 6 316
8 7 0 0 317
8 3 0 7 317
2 6 8 0 317
2 4 8 6 317
8 7 0 0 318
7 3 0 7 318
2 6 8 0 318
3 3 7 7 318
7 8 0 0 319
3 8 7 0 319
8 2 0 8 319
7 8 0 0 320
3 8 7 0 320
8 2 0 8 320
8 7 0 0 321
7 3 0 7 321
2 6 8 0 321
3 3 7 7 321
8 7 0 0 322
7 3 0 7 322
2 6 8 0 322
3 3 7 7 322
8 7 0 0 323
7 3 0 7 323
2 6 8 0 323
3 3 7 7 323
8 7 0 0 324
7 3 0 7 324
2 6 8 0 324
3 3 7 7 324
8 7 0 0 325
7 3 0 7 325
2 6 8 0 325
3 3 7 7 325
7 8 0 0 326
3 8 7 0 326
8 2 0 8 326
7 8 0 0 327
3 8 7 0 327
8 2 0 8 327
7 8 0 0 328
3 8 7 0 328
8 2 0 8 328
8 7 0 0 329
7 3 0 7 329
2 6 8 0 329
3 3 7 7 329
8 7 0 0 330
7 3 0 7 330
2 6 8 0 330
3 3 7 7 330
7 8 0 0 331
3 8 7 0 331
8 2 0 8 331
8 7 0 0 332
7 3 0 7 332
2 6 8 0 332
3 3 7 7 332
7 8 0 0 333
3 8 7 0 333
8 2 0 8 333
9 6 0 0 334
10 4 0 6 334
1 6 9 0 334
6 9 0 0 335
4 10 6 0 335
6 1 0 9 335
6 9 0 0 336
4 10 6 0 336
6 1 0 9 336
9 6 0 0 337
10 4 0 6 337
1 6 9 0 337
6 9 0 0 338
4 10 6 0 338
6 1 0 9 338
9 6 0 0 339
10 4 0 6 339
1 6 9 0 339
9 6 0 0 340
10 4 0 6 340
1 6 9 0 340
9 6 0 0 341
10 4 0 6 341
1 6 9 0 341
9 6 0 0 342
10 4 0 6 342
1 6 9 0 342
6 9 0 0 343
4 10 6 0 343
6 1 0 9 343
6 9 0 0 344
4 10 6 0 344
6 1 0 9 344
9 6 0 0 345
9 4 0 6 345
1 6 9 0 345
1 4 9 6 345
9 6 0 0 346
9 4 0 6 346
1 6 9 0 346
1 4 9 6 346
9 6 0 0 347
9 4 0 6 347
1 6 9 0 347
1 4 9 6 347
9 6 0 0 348
9 4 0 6 348
1 6 9 0 348
1 4 9 6 348
6 9 0 0 349
4 10 6 0 349
6 1 0 9 349
9 6 0 0 350
9 4 0 6 350
1 6 9 0 350
1 4 9 6 350
9 6 0 0 351
9 4 0 6 351
1 6 9 0 351
1 4 9 6 351
6 9 0 0 352
4 10 6 0 352
6 1 0 9 352
9 6 0 0 353
9 4 0 6 353
1 6 9 0 353
1 4 9 6 353
6 9 0 0 354
4 10 6 0 354
6 1 0 9 354
6 9 0 0 355
4 10 6 0 355
6 1 0 9 355
6 9 0 0 356
4 10 6 0 356
6 1 0 9 356
9 6 0 0 357
9 4 0 6 357
1 6 9 0 357
1 4 9 6 357
6 9 0 0 358
4 10 6 0 358
6 1 0 9 358
6 9 0 0 359
4 10 6 0 359
6 1 0 9 359
9 6 0 0 360
9 4 0 6 360
1 6 9 0 360
1 4 9 6 360
9 6 0 0 361
9 4 0 6 361
1 6 9 0 361
9 6 0 0 362
9 4 0 6 362
1 6 9 0 362
6 9 0 0 363
4 10 6 0 363
6 1 0 9 363
6 9 0 0 364
4 10 6 0 364
6 1 0 9 364
9 6 0 0 365
9 4 0 6 365
1 6 9 0 365
9 6 0 0 366
9 4 0 6 366
1 6 9 0 366
9 6 0 0 367
9 4 0 6 367
1 6 9 0 367
6 9 0 0 368
4 9 6 0 368
6 1 0 9 368
4 1 6 9 368
9 6 0 0 369
9 4 0 6 369
1 6 9 0 369
6 9 0 0 370
4 9 6 0 370
6 1 0 9 370
4 1 6 9 370
6 9 0 0 371
4 9 6 0 371
6 1 0 9 371
4 1 6 9 371
6 9 0 0 372
4 9 6 0 372
6 1 0 9 372
4 1 6 9 372
9 6 0 0 373
9 4 0 6 373
1 6 9 0 373
6 9 0 0 374
4 9 6 0 374
6 1 0 9 374
4 1 6 9 374
9 6 0 0 375
9 4 0 6 375
1 6 9 0 375
9 6 0 0 376
9 4 0 6 376
1 6 9 0 376
6 9 0 0 377
4 9 6 0 377
5 1 0 9 377
5 1 5 9 377
9 6 0 0 378
9 4 0 6 378
1 5 9 0 378
1 5 9 5 378
9 6 0 0 379
9 4 0 6 379
1 5 9 0 379
1 5 9 5 379
9 6 0 0 380
9 4 0 6 380
1 5 9 0 380
1 5 9 5 380
9 6 0 0 381
9 4 0 6 381
1 5 9 0 381
1 5 9 5 381
6 9 0 0 382
4 9 6 0 382
5 1 0 9 382
5 1 5 9 382
6 9 0 0 383
4 9 6 0 383
5 1 0 9 383
5 1 5 9 383
9 6 0 0 384
8 4 0 6 384
2 4 8 6 384
1 5 9 0 384
9 6 0 0 385
8 4 0 6 385
2 4 8 6 385
1 5 9 0 385
9 6 0 0 386
8 4 0 6 386
2 4 8 6 386
1 5 9 0 386
6 9 0 0 387
4 9 6 0 387
5 1 0 9 387
5 1 5 9 387
5 10 0 0 388
5 10 5 0 388
10 5 0 0 389
10 5 0 5 389
10 5 0 0 390
10 5 0 5 390
10 5 0 0 391
10 5 0 5 391
5 10 0 0 392
5 10 5 0 392
10 5 0 0 393
10 5 0 5 393
10 5 0 0 394
10 5 0 5 394
10 5 0 0 395
10 5 0 5 395
10 5 0 0 396
10 5 0 5 396
5 10 0 0 397
5 10 5 0 397
10 5 0 0 398
10 5 0 5 398
5 10 0 0 399
5 10 5 0 399
5 10 0 0 400
5 10 5 0 400
10 5 0 0 401
10 5 0 5 401
5 10 0 0 402
5 10 5 0 402
10 5 0 0 403
10 5 0 5 403
5 10 0 0 404
5 10 5 0 404
5 10 0 0 405
5 10 5 0 405
10 5 0 0 406
10 5 0 5 406
10 5 0 0 407
10 5 0 5 407
5 10 0 0 408
5 10 5 0 408
10 5 0 0 409
10 5 0 5 409
10 5 0 0 410
9 5 0 5 410
1 5 9 5 410
7 7 0 0 411
3 8 7 0 411
7 3 0 7 411
3 2 7 8 411
7 7 0 0 412
3 8 7 0 412
7 3 0 7 412
3 2 7 8 412
7 7 0 0 413
3 8 7 0 413
7 3 0 7 413
3 2 7 8 413
7 7 0 0 414
3 8 7 0 414
7 3 0 7 414
3 2 7 8 414
7 7 0 0 415
3 8 7 0 415
7 3 0 7 415
3 2 7 8 415
7 7 0 0 416
3 8 7 0 416
7 3 0 7 416
3 2 7 8 416
7 7 0 0 417
3 7 7 0 417
7 3 0 7 417
3 3 7 7 417
7 7 0 0 418
3 7 7 0 418
7 3 0 7 418
3 3 7 7 418
7 7 0 0 419
3 7 7 0 419
7 3 0 7 419
3 3 7 7 419
7 7 0 0 420
3 7 7 0 420
7 3 0 7 420
3 3 7 7 420
7 7 0 0 421
3 7 7 0 421
7 3 0 7 421
3 3 7 7 421
7 7 0 0 422
3 7 7 0 422
7 3 0 7 422
3 3 7 7 422
7 7 0 0 423
3 7 7 0 423
7 3 0 7 423
3 3 7 7 423
7 7 0 0 424
3 7 7 0 424
7 3 0 7 424
3 3 7 7 424
8 6 0 0 425
8 4 0 6 425
2 6 8 0 425
2 4 8 6 425
8 6 0 0 426
8 4 0 6 426
2 6 8 0 426
2 4 8 6 426
8 6 0 0 427
8 4 0 6 427
2 5 8 0 427
2 5 8 5 427
8 6 0 0 428
8 4 0 6 428
2 5 8 0 428
2 5 8 5 428
8 6 0 0 429
8 4 0 6 429
2 5 8 0 429
2 5 8 5 429
6 8 0 0 430
4 9 6 0 430
6 2 0 8 430
4 1 6 9 430
8 6 0 0 431
8 4 0 6 431
2 5 8 0 431
2 5 8 5 431
8 6 0 0 432
8 4 0 6 432
2 5 8 0 432
2 5 8 5 432
6 8 0 0 433
4 9 6 0 433
6 2 0 8 433
4 1 6 9 433
6 8 0 0 434
4 9 6 0 434
6 2 0 8 434
4 1 6 9 434
6 8 0 0 435
4 9 6 0 435
6 2 0 8 435
4 1 6 9 435
6 8 0 0 436
4 9 6 0 436
6 2 0 8 436
4 1 6 9 436
8 6 0 0 437
8 4 0 6 437
2 5 8 0 437
2 5 8 5 437
6 8 0 0 438
4 9 6 0 438
6 2 0 8 438
4 1 6 9 438
8 6 0 0 439
8 4 0 6 439
2 5 8 0 439
2 5 8 5 439
6 8 0 0 440
4 9 6 0 440
6 2 0 8 440
4 1 6 9 440
8 6 0 0 441
8 4 0 6 441
2 5 8 0 441
2 5 8 5 441
8 6 0 0 442
8 4 0 6 442
2 4 8 0 442
2 4 8 4 442
6 8 0 0 443
4 9 6 0 443
6 2 0 8 443
4 1 6 9 443
6 8 0 0 444
4 8 6 0 444
8 2 0 8 444
6 8 0 0 445
4 8 6 0 445
8 2 0 8 445
6 8 0 0 446
4 8 6 0 446
7 2 0 8 446
3 2 7 8 446
8 6 0 0 447
8 4 0 6 447
2 4 8 0 447
2 4 8 4 447
8 6 0 0 448
8 4 0 6 448
2 3 8 0 448
2 3 8 3 448
6 8 0 0 449
4 8 6 0 449
7 2 0 8 449
3 2 7 8 449
8 6 0 0 450
8 4 0 6 450
1 5 8 0 450
1 5 8 5 450
1 5 9 0 450
1 5 9 5 450
8 6 0 0 451
8 4 0 6 451
1 5 8 0 451
1 5 8 5 451
1 5 9 0 451
6 8 0 0 452
4 8 6 0 452
7 2 0 8 452
3 2 7 8 452
8 6 0 0 453
8 4 0 6 453
6 8 0 0 454
4 8 6 0 454
7 2 0 8 454
3 2 7 8 454
8 6 0 0 455
8 4 0 6 455
6 8 0 0 456
4 8 6 0 456
7 2 0 8 456
3 2 7 8 456
6 8 0 0 457
4 8 6 0 457
7 2 0 8 457
3 2 7 8 457
6 8 0 0 458
4 8 6 0 458
7 2 0 8 458
3 2 7 8 458
6 8 0 0 459
4 8 6 0 459
7 2 0 8 459
3 2 7 8 459
8 6 0 0 460
8 4 0 6 460
6 8 0 0 461
4 8 6 0 461
7 2 0 8 461
3 2 7 8 461
8 6 0 0 462
8 4 0 6 462
6 8 0 0 463
4 8 6 0 463
7 2 0 8 463
3 2 7 8 463
6 8 0 0 464
4 8 6 0 464
7 2 0 8 464
3 2 7 8 464
8 6 0 0 465
7 4 0 6 465
3 4 7 6 465
6 8 0 0 466
4 8 6 0 466
7 2 0 8 466
3 2 7 8 466
5 9 0 0 467
5 9 5 0 467
5 1 0 9 467
5 1 5 9 467
5 9 0 0 468
5 9 5 0 468
5 1 0 9 468
5 1 5 9 468
9 5 0 0 469
9 5 0 5 469
9 5 0 0 470
9 5 0 5 470
5 9 0 0 471
5 9 5 0 471
5 1 0 9 471
5 1 5 9 471
9 5 0 0 472
9 5 0 5 472
5 9 0 0 473
5 9 5 0 473
5 1 0 9 473
5 1 5 9 473
5 9 0 0 474
5 9 5 0 474
5 1 0 9 474
5 1 5 9 474
9 5 0 0 475
9 5 0 5 475
9 5 0 0 476
9 5 0 5 476
5 9 0 0 477
5 9 5 0 477
5 1 0 9 477
5 1 5 9 477
5 9 0 0 478
5 9 5 0 478
5 1 0 9 478
5 1 5 9 478
9 5 0 0 479
9 5 0 5 479
9 5 0 0 480
9 5 0 5 480
5 9 0 0 481
5 9 5 0 481
5 1 0 9 481
4 1 5 9 481
5 9 0 0 482
5 9 5 0 482
4 1 0 9 482
4 1 4 9 482
9 5 0 0 483
9 5 0 5 483
9 5 0 0 484
9 5 0 5 484
5 9 0 0 485
5 9 5 0 485
4 1 0 9 485
3 1 4 9 485
3 1 7 9 485
9 5 0 0 486
8 5 0 5 486
6 7 0 0 487
4 8 6 0 487
6 3 0 7 487
4 2 6 8 487
6 7 0 0 488
4 8 6 0 488
6 3 0 7 488
4 2 6 8 488
6 7 0 0 489
4 8 6 0 489
6 3 0 7 489
4 2 6 8 489
6 7 0 0 490
4 8 6 0 490
6 3 0 7 490
4 2 6 8 490
6 7 0 0 491
4 8 6 0 491
6 3 0 7 491
4 2 6 8 491
7 6 0 0 492
7 4 0 6 492
3 7 7 0 492
3 2 7 7 492
3 1 7 9 492
6 7 0 0 493
4 7 6 0 493
7 3 0 7 493
3 2 7 7 493
3 1 7 9 493
6 7 0 0 494
4 7 6 0 494
7 3 0 7 494
3 2 7 7 494
3 1 7 9 494
7 6 0 0 495
7 4 0 6 495
3 7 7 0 495
3 2 7 7 495
3 1 7 9 495
6 7 0 0 496
4 7 6 0 496
6 3 0 7 496
4 3 6 7 496
7 6 0 0 497
7 4 0 6 497
3 7 7 0 497
3 2 7 7 497
3 1 7 9 497
7 6 0 0 498
7 4 0 6 498
3 7 7 0 498
3 2 7 7 498
3 1 7 9 498
7 6 0 0 499
7 4 0 6 499
3 7 7 0 499
3 2 7 7 499
3 1 7 9 499
6 7 0 0 500
4 7 6 0 500
6 3 0 7 500
4 3 6 7 500
7 6 0 0 501
7 4 0 6 501
3 7 7 0 501
3 2 7 7 501
3 1 7 9 501
6 7 0 0 502
4 7 6 0 502
6 3 0 7 502
4 3 6 7 502
6 7 0 0 503
4 7 6 0 503
6 3 0 7 503
4 3 6 7 503
7 6 0 0 504
7 4 0 6 504
3 7 7 0 504
3 1 7 7 504
6 7 0 0 505
4 7 6 0 505
6 3 0 7 505
4 3 6 7 505
7 6 0 0 506
7 4 0 6 506
3 7 7 0 506
6 7 0 0 507
4 7 6 0 507
6 3 0 7 507
4 3 6 7 507
7 6 0 0 508
7 4 0 6 508
3 7 7 0 508
6 7 0 0 509
4 7 6 0 509
6 3 0 7 509
4 3 6 7 509
6 7 0 0 510
4 7 6 0 510
6 3 0 7 510
4 3 6 7 510
6 7 0 0 511
4 7 6 0 511
6 3 0 7 511
4 3 6 7 511
7 6 0 0 512
7 4 0 6 512
3 7 7 0 512
7 6 0 0 513
7 4 0 6 513
3 7 7 0 513
7 6 0 0 514
7 4 0 6 514
3 6 7 0 514
3 4 7 6 514
7 6 0 0 515
7 4 0 6 515
3 6 7 0 515
3 4 7 6 515
7 6 0 0 516
6 4 0 6 516
3 6 7 0 516
4 4 6 6 516
7 6 0 0 517
6 4 0 6 517
3 6 7 0 517
4 4 6 6 517
7 6 0 0 518
6 4 0 6 518
3 6 7 0 518
4 4 6 6 518
7 6 0 0 519
6 4 0 6 519
3 6 7 0 519
4 4 6 6 519
7 6 0 0 520
6 4 0 6 520
3 6 7 0 520
4 4 6 6 520
7 6 0 0 521
6 4 0 6 521
3 6 7 0 521
4 4 6 6 521
7 6 0 0 522
6 4 0 6 522
3 6 7 0 522
4 4 6 6 522
6 7 0 0 523
4 7 6 0 523
6 3 0 7 523
4 3 6 7 523
6 7 0 0 524
4 7 6 0 524
6 3 0 7 524
4 3 6 7 524
5 8 0 0 525
5 8 5 0 525
7 2 0 8 525
5 8 0 0 526
5 8 5 0 526
7 2 0 8 526
5 8 0 0 527
5 8 5 0 527
7 2 0 8 527
8 5 0 0 528
8 5 0 5 528
5 8 0 0 529
5 8 5 0 529
7 2 0 8 529
8 5 0 0 530
8 5 0 5 530
8 5 0 0 531
8 5 0 5 531
8 5 0 0 532
8 5 0 5 532
8 5 0 0 533
8 5 0 5 533
5 8 0 0 534
5 8 5 0 534
7 2 0 8 534
5 8 0 0 535
5 8 5 0 535
7 2 0 8 535
8 5 0 0 536
8 5 0 5 536
8 5 0 0 537
8 5 0 5 537
8 5 0 0 538
8 5 0 5 538
5 8 0 0 539
5 8 5 0 539
7 2 0 8 539
8 5 0 0 540
8 5 0 5 540
8 5 0 0 541
8 5 0 5 541
5 8 0 0 542
5 8 5 0 542
7 2 0 8 542
8 5 0 0 543
8 5 0 5 543
5 8 0 0 544
5 8 5 0 544
7 2 0 8 544
8 5 0 0 545
8 5 0 5 545
5 8 0 0 546
5 7 5 0 546
5 3 5 7 546
5 2 0 8 546
8 5 0 0 547
7 5 0 5 547
3 5 7 5 547
6 6 0 0 548
4 7 6 0 548
6 4 0 6 548
4 2 6 7 548
6 6 0 0 549
4 7 6 0 549
6 4 0 6 549
4 2 6 7 549
6 6 0 0 550
4 7 6 0 550
6 4 0 6 550
4 2 6 7 550
6 6 0 0 551
4 7 6 0 551
6 4 0 6 551
4 2 6 7 551
6 6 0 0 552
4 7 6 0 552
6 4 0 6 552
4 2 6 7 552
6 6 0 0 553
4 7 6 0 553
6 4 0 6 553
4 2 6 7 553
6 6 0 0 554
4 7 6 0 554
6 4 0 6 554
4 2 6 7 554
6 6 0 0 555
4 7 6 0 555
6 4 0 6 555
4 2 6 7 555
6 6 0 0 556
4 6 6 0 556
6 4 0 6 556
4 4 6 6 556
5 7 0 0 557
5 7 5 0 557
6 3 0 7 557
4 2 6 7 557
7 5 0 0 558
7 5 0 5 558
3 6 7 0 558
3 4 7 6 558
7 5 0 0 559
7 5 0 5 559
3 6 7 0 559
3 4 7 6 559
5 7 0 0 560
5 7 5 0 560
6 3 0 7 560
4 2 6 7 560
7 5 0 0 561
7 5 0 5 561
3 6 7 0 561
3 4 7 6 561
5 7 0 0 562
5 7 5 0 562
6 3 0 7 562
4 2 6 7 562
5 7 0 0 563
5 7 5 0 563
6 3 0 7 563
4 2 6 7 563
5 7 0 0 564
5 7 5 0 564
5 3 0 7 564
5 3 5 7 564
5 7 0 0 565
5 7 5 0 565
5 3 0 7 565
5 3 5 7 565
7 5 0 0 566
7 5 0 5 566
3 6 7 0 566
3 4 7 6 566
5 7 0 0 567
5 7 5 0 567
5 3 0 7 567
5 3 5 7 567
7 5 0 0 568
7 5 0 5 568
3 6 7 0 568
3 4 7 6 568
5 7 0 0 569
5 7 5 0 569
5 3 0 7 569
5 3 5 7 569
5 7 0 0 570
5 7 5 0 570
5 3 0 7 570
5 3 5 7 570
7 5 0 0 571
7 5 0 5 571
3 6 7 0 571
3 4 7 6 571
5 7 0 0 572
5 7 5 0 572
5 3 0 7 572
5 3 5 7 572
7 5 0 0 573
7 5 0 5 573
3 6 7 0 573
3 4 7 6 573
7 5 0 0 574
7 5 0 5 574
3 6 7 0 574
3 4 7 6 574
7 5 0 0 575
7 5 0 5 575
3 6 7 0 575
3 4 7 6 575
6 5 0 0 576
6 5 0 5 576
4 6 6 0 576
4 4 6 6 576
5 6 0 0 577
5 6 5 0 577
6 4 0 6 577
4 4 6 6 577
5 6 0 0 578
5 6 5 0 578
6 4 0 6 578
4 4 6 6 578
6 5 0 0 579
6 5 0 5 579
4 6 6 0 579
4 4 6 6 579
5 6 0 0 580
5 6 5 0 580
6 4 0 6 580
4 4 6 6 580
6 5 0 0 581
6 5 0 5 581
4 6 6 0 581
4 4 6 6 581
5 6 0 0 582
5 6 5 0 582
6 4 0 6 582
4 4 6 6 582
6 5 0 0 583
6 5 0 5 583
4 6 6 0 583
4 4 6 6 583
5 6 0 0 584
5 6 5 0 584
6 4 0 6 584
4 4 6 6 584
5 6 0 0 585
5 6 5 0 585
6 4 0 6 585
3 4 6 6 585
5 6 0 0 586
5 6 5 0 586
5 4 0 6 586
5 4 5 6 586
6 5 0 0 587
6 5 0 5 587
4 6 6 0 587
3 4 6 6 587
5 6 0 0 588
5 6 5 0 588
5 4 0 6 588
5 4 5 6 588
5 6 0 0 589
5 6 5 0 589
5 4 0 6 589
5 4 5 6 589
5 6 0 0 590
5 6 5 0 590
5 4 0 6 590
5 4 5 6 590
6 5 0 0 591
5 5 0 5 591
5 5 5 5 591
4 5 6 0 591
5 6 0 0 592
5 6 5 0 592
5 4 0 6 592
5 4 5 6 592
5 6 0 0 593
5 6 5 0 593
5 4 0 6 593
5 4 5 6 593
5 6 0 0 594
5 5 5 0 594
5 5 5 5 594
5 4 0 6 594
5 5 0 0 595
5 5 0 5 595
5 5 5 0 595
5 5 5 5 595
5 5 0 0 596
5 5 0 5 596
5 5 5 0 596
5 5 5 5 596
5 5 0 0 597
5 5 0 5 597
5 5 5 0 597
5 5 5 5 597
4 6 0 0 598
4 6 4 0 598
5 4 0 6 598
5 3 5 6 598
4 6 0 0 599
4 6 4 0 599
5 3 0 6 599
5 3 5 6 599
4 6 0 0 600
4 6 4 0 600
5 3 0 6 600
5 3 5 6 600
4 6 0 0 601
4 6 4 0 601
5 3 0 6 601
5 3 5 6 601
4 6 0 0 602
4 6 4 0 602
5 3 0 6 602
5 3 5 6 602
4 6 0 0 603
4 6 4 0 603
5 3 0 6 603
5 3 5 6 603
4 6 0 0 604
4 6 4 0 604
5 3 0 6 604
5 3 5 6 604
4 6 0 0 605
4 6 4 0 605
5 3 0 6 605
5 3 5 6 605
4 6 0 0 606
4 6 4 0 606
7 2 0 6 606
7 2 0 8 606
3 4 7 6 606
4 5 0 0 607
4 5 0 5 607
4 5 4 0 607
4 5 4 5 607
4 5 0 0 608
4 5 0 5 608
4 5 4 0 608
4 5 4 5 608
4 5 0 0 609
4 5 0 5 609
4 5 4 0 609
4 5 4 5 609
4 5 0 0 610
3 6 4 0 610
3 6 7 0 610
3 5 0 5 610
7 2 3 6 610
7 2 3 8 610
3 5 0 0 611
3 5 0 5 611
3 5 3 0 611
3 5 3 5 611
3 5 6 0 611
3 5 6 5 611
3 5 0 0 612
3 5 0 5 612
3 5 3 0 612
3 5 3 5 612
3 5 6 0 612
3 5 6 5 612
3 5 0 0 613
3 5 0 5 613
3 5 3 0 613
3 5 3 5 613
3 5 6 0 613
3 5 6 5 613
3 5 0 0 614
3 5 0 5 614
3 5 3 0 614
3 5 3 5 614
3 5 6 0 614
3 5 6 5 614
3 5 0 0 615
3 5 0 5 615
6 2 3 0 615
6 2 3 2 615
6 2 3 4 615
6 2 3 6 615
6 2 3 8 615
6 2 0 0 616
6 2 0 2 616
6 2 0 4 616
6 2 0 6 616
6 2 0 8 616
3 4 6 0 616
3 4 6 4 616
4 2 6 8 616
6 2 0 0 617
6 2 0 2 617
6 2 0 4 617
6 2 0 6 617
6 2 0 8 617
3 4 6 0 617
4 2 6 4 617
4 2 6 6 617
4 2 6 8 617
6 2 0 0 618
6 2 0 2 618
6 2 0 4 618
6 2 0 6 618
6 2 0 8 618
4 2 6 0 618
4 2 6 2 618
4 2 6 4 618
6 2 0 0 619
6 2 0 2 619
5 2 0 4 619
5 2 0 6 619
5 2 0 8 619
5 2 5 4 619
5 2 5 6 619
5 2 5 8 619
5 2 0 0 620
5 2 0 2 620
5 2 0 4 620
5 2 0 6 620
5 2 0 8 620
5 2 5 0 620
5 2 5 2 620
