% State of a bin packing problem:
%
% Bin number: 74
% Total uncovered points: 52
% Total covered points: 7348
% Number of boxes: 1000
% Unused boxes: 0
% Runtime: None
%
% Bin size:
10 10
%
% Boxes (width, height) not in some bins:
%
% Boxes (width, height, x_position, y_position, bin_id) in bins:
8 8 0 0 0
2 9 8 0 0
8 2 0 8 0
2 1 8 9 0
7 9 0 0 1
3 8 7 0 1
7 1 0 9 1
3 2 7 8 1
8 6 0 0 2
8 4 0 6 2
2 8 8 0 2
2 2 8 8 2
9 5 0 0 3
8 5 0 5 3
2 5 8 5 3
1 5 9 0 3
7 6 0 0 4
8 4 0 6 4
3 6 7 0 4
2 4 8 6 4
5 8 0 0 5
5 7 5 0 5
5 3 5 7 5
5 2 0 8 5
6 6 0 0 6
4 8 6 0 6
6 4 0 6 6
4 2 6 8 6
6 6 0 0 7
4 8 6 0 7
6 4 0 6 7
4 2 6 8 7
6 6 0 0 8
4 7 6 0 8
6 4 0 6 8
4 3 6 7 8
6 6 0 0 9
4 7 6 0 9
6 4 0 6 9
4 3 6 7 9
6 6 0 0 10
4 7 6 0 10
6 4 0 6 10
4 3 6 7 10
7 5 0 0 11
7 5 0 5 11
3 7 7 0 11
3 3 7 7 11
5 7 0 0 12
5 6 5 0 12
5 4 5 6 12
5 3 0 7 12
5 6 0 0 13
5 6 5 0 13
7 4 0 6 13
3 4 7 6 13
6 5 0 0 14
6 5 0 5 14
4 7 6 0 14
4 3 6 7 14
5 6 0 0 15
5 6 5 0 15
7 4 0 6 15
3 4 7 6 15
5 6 0 0 16
5 5 5 0 16
5 5 5 5 16
5 4 0 6 16
7 4 0 0 17
7 4 0 4 17
3 7 7 0 17
7 2 0 8 17
3 3 7 7 17
7 4 0 0 18
7 4 0 4 18
3 7 7 0 18
7 2 0 8 18
3 3 7 7 18
5 5 0 0 19
5 5 0 5 19
5 5 5 0 19
4 5 5 5 19
1 5 9 5 19
4 6 0 0 20
4 6 4 0 20
8 3 0 6 20
2 8 8 0 20
8 1 0 9 20
2 2 8 8 20
8 3 0 0 21
4 6 0 3 21
4 6 4 3 21
2 8 8 0 21
8 1 0 9 21
2 2 8 8 21
4 6 0 0 22
6 4 4 0 22
6 4 4 4 22
4 4 0 6 22
6 2 4 8 22
4 6 0 0 23
4 6 4 0 23
7 3 0 6 23
2 6 8 0 23
3 4 7 6 23
7 1 0 9 23
7 3 0 0 24
7 3 0 3 24
7 3 0 6 24
3 7 7 0 24
3 3 7 7 24
7 1 0 9 24
7 3 0 0 25
3 7 0 3 25
3 7 3 3 25
4 5 6 3 25
3 3 7 0 25
4 2 6 8 25
5 4 0 0 26
5 4 5 0 26
4 5 0 4 26
5 4 4 4 26
6 2 4 8 26
4 1 0 9 26
1 4 9 4 26
5 4 0 0 27
5 4 5 0 27
5 4 0 4 27
5 4 5 4 27
9 2 0 8 27
1 2 9 8 27
4 5 0 0 28
6 3 4 0 28
6 3 4 3 28
6 3 4 6 28
4 4 0 5 28
9 1 0 9 28
1 1 9 9 28
6 3 0 0 29
6 3 0 3 29
3 6 6 0 29
9 2 0 6 29
8 2 0 8 29
1 8 9 0 29
2 2 8 8 29
3 6 0 0 30
3 6 3 0 30
6 3 0 6 30
3 6 6 0 30
4 4 6 6 30
1 6 9 0 30
6 1 0 9 30
6 3 0 0 31
4 4 0 3 31
4 4 4 3 31
8 2 0 7 31
2 7 8 3 31
4 3 6 0 31
8 1 0 9 31
2 8 0 0 32
4 4 2 0 32
3 5 2 4 32
3 5 5 4 32
2 6 8 4 32
3 4 6 0 32
6 1 2 9 32
1 4 9 0 32
2 2 0 8 32
2 8 0 0 33
3 5 2 0 33
3 5 2 5 33
5 3 5 0 33
5 3 5 3 33
5 3 5 6 33
5 1 5 9 33
2 2 0 8 33
5 3 0 0 34
5 3 5 0 34
5 3 0 3 34
3 5 5 3 34
5 3 0 6 34
2 7 8 3 34
3 2 5 8 34
5 1 0 9 34
3 5 0 0 35
3 5 0 5 35
3 5 3 0 35
5 3 3 5 35
3 5 6 0 35
2 5 8 5 35
5 2 3 8 35
1 5 9 0 35
3 5 0 0 36
5 3 3 0 36
3 5 0 5 36
3 5 3 3 36
3 5 6 3 36
7 2 3 8 36
2 3 8 0 36
1 5 9 3 36
5 3 0 0 37
3 5 0 3 37
2 7 3 3 37
2 7 5 0 37
2 7 7 0 37
4 3 5 7 37
1 9 9 0 37
3 2 0 8 37
1 1 9 9 37
7 2 0 0 38
2 6 0 2 38
2 6 2 2 38
2 6 4 2 38
3 4 6 2 38
4 3 6 6 38
6 2 0 8 38
3 2 7 0 38
4 1 6 9 38
1 4 9 2 38
4 3 0 0 39
3 4 0 3 39
4 3 4 0 39
6 2 3 3 39
6 2 3 5 39
6 2 0 7 39
4 3 6 7 39
2 3 8 0 39
6 1 0 9 39
1 4 9 3 39
2 6 0 0 40
6 2 2 0 40
3 4 2 2 40
3 4 0 6 40
4 3 5 2 40
4 3 5 5 40
5 2 5 8 40
2 4 3 6 40
1 6 9 2 40
2 2 8 0 40
6 2 0 0 41
6 2 0 2 41
2 6 0 4 41
4 3 6 0 41
2 6 2 4 41
3 4 4 4 41
3 4 7 4 41
6 2 4 8 41
4 1 6 3 41
3 4 0 0 42
4 3 3 0 42
3 4 0 4 42
2 6 3 3 42
2 6 5 3 42
2 5 7 0 42
2 5 7 5 42
1 9 9 0 42
3 2 0 8 42
4 1 3 9 42
1 1 9 9 42
2 5 0 0 43
2 5 0 5 43
5 2 2 0 43
2 5 2 2 43
2 5 4 2 43
2 5 6 2 43
5 2 2 7 43
2 5 8 2 43
3 3 7 7 43
3 2 7 0 43
5 1 2 9 43
5 2 0 0 44
5 2 5 0 44
5 2 0 2 44
5 2 5 2 44
5 2 0 4 44
5 2 0 6 44
5 2 0 8 44
5 2 5 4 44
5 2 5 6 44
5 2 5 8 44
2 5 0 0 45
2 5 0 5 45
2 5 2 0 45
2 5 2 5 45
2 5 4 0 45
2 5 6 0 45
5 2 4 5 45
5 2 4 7 45
2 5 8 0 45
5 1 4 9 45
1 5 9 5 45
2 5 0 0 46
2 5 0 5 46
5 2 2 0 46
2 5 2 2 46
5 2 4 2 46
5 2 4 4 46
5 2 4 6 46
4 2 4 8 46
2 3 2 7 46
1 6 9 2 46
3 2 7 0 46
2 2 8 8 46
2 5 0 0 47
3 3 2 0 47
3 3 5 0 47
3 3 2 3 47
3 3 2 6 47
3 3 5 3 47
3 3 5 6 47
2 4 0 5 47
2 4 8 0 47
2 4 8 4 47
8 1 0 9 47
2 2 8 8 47
3 3 0 0 48
3 3 0 3 48
3 3 0 6 48
3 3 3 0 48
3 3 6 0 48
3 3 3 3 48
3 3 3 6 48
3 3 6 3 48
4 2 6 6 48
4 2 6 8 48
1 6 9 0 48
6 1 0 9 48
9 1 0 0 49
1 8 0 1 49
1 8 1 1 49
2 4 2 1 49
1 8 4 1 49
4 2 5 1 49
4 2 5 3 49
4 2 5 5 49
2 4 2 5 49
4 2 5 7 49
1 8 9 0 49
8 1 0 9 49
1 2 9 8 49
1 1 8 9 49
2 4 0 0 50
2 4 0 4 50
1 8 2 0 50
2 4 3 0 50
4 2 5 0 50
2 4 3 4 50
2 4 5 2 50
2 4 7 2 50
4 2 0 8 50
4 2 5 6 50
4 2 4 8 50
1 8 9 0 50
2 2 8 8 50
8 1 0 0 51
2 4 0 1 51
2 4 0 5 51
2 4 2 1 51
2 4 2 5 51
2 4 4 1 51
4 2 6 1 51
4 2 6 3 51
2 4 4 5 51
2 4 6 5 51
2 4 8 5 51
8 1 0 9 51
2 1 8 0 51
2 1 8 9 51
8 1 0 0 52
1 8 0 1 52
4 2 1 1 52
4 2 5 1 52
4 2 1 3 52
4 2 1 5 52
2 4 5 3 52
4 2 1 7 52
2 4 7 3 52
4 2 5 7 52
1 8 9 1 52
7 1 0 9 52
3 1 7 9 52
2 1 8 0 52
1 8 0 0 53
8 1 1 0 53
1 8 1 1 53
8 1 2 1 53
2 4 2 2 53
2 4 2 6 53
4 2 4 2 53
2 3 4 4 53
1 6 6 4 53
2 3 4 7 53
2 3 7 4 53
2 3 7 7 53
1 6 9 4 53
2 2 8 2 53
1 2 0 8 53
1 1 9 0 53
1 1 1 9 53
1 7 0 0 54
1 7 1 0 54
1 7 2 0 54
1 7 3 0 54
1 7 4 0 54
1 7 5 0 54
1 7 6 0 54
1 7 7 0 54
7 1 0 7 54
7 1 0 8 54
7 1 0 9 54
1 7 8 0 54
1 7 9 0 54
2 3 7 7 54
1 3 9 7 54
7 1 0 0 55
7 1 0 1 55
1 7 0 2 55
7 1 1 2 55
1 6 1 3 55
6 1 2 3 55
6 1 2 4 55
2 3 8 2 55
3 2 7 0 55
3 2 2 5 55
2 3 2 7 55
2 3 5 5 55
3 2 7 5 55
2 3 7 7 55
2 2 5 8 55
1 3 4 7 55
1 3 9 7 55
2 1 0 9 55
3 2 0 0 56
3 2 3 0 56
3 2 6 0 56
6 1 0 2 56
3 2 0 3 56
3 2 0 5 56
2 3 0 7 56
3 2 3 3 56
6 1 3 5 56
2 3 6 2 56
2 3 8 2 56
3 2 3 6 56
3 2 3 8 56
3 2 6 6 56
3 2 6 8 56
1 5 9 5 56
1 3 2 7 56
1 2 9 0 56
1 6 0 0 57
6 1 1 0 57
6 1 1 1 57
1 6 1 2 57
3 2 7 0 57
2 3 2 2 57
1 6 4 2 57
2 3 2 5 57
2 3 5 2 57
2 3 7 2 57
3 2 1 8 57
3 2 5 5 57
2 3 5 7 57
2 3 7 7 57
1 4 0 6 57
2 2 8 5 57
1 3 9 2 57
1 3 9 7 57
1 2 4 8 57
6 1 0 0 58
1 6 0 1 58
3 2 1 1 58
3 2 4 1 58
3 2 7 1 58
3 2 1 3 58
6 1 4 3 58
2 3 1 5 58
3 2 1 8 58
2 3 4 4 58
2 3 4 7 58
2 3 6 4 58
3 2 6 7 58
2 3 8 4 58
4 1 6 0 58
3 1 6 9 58
1 3 0 7 58
1 3 3 5 58
1 3 9 7 58
6 1 0 0 59
3 2 0 1 59
3 2 0 3 59
6 1 3 1 59
3 2 0 5 59
6 1 3 2 59
2 3 0 7 59
3 2 3 3 59
2 3 3 5 59
3 2 6 3 59
2 3 5 5 59
3 2 3 8 59
3 2 7 5 59
3 2 7 7 59
4 1 6 0 59
1 4 9 1 59
3 1 7 9 59
1 3 2 7 59
1 2 6 8 59
1 6 0 0 60
6 1 1 0 60
6 1 1 1 60
1 6 1 2 60
2 3 2 2 60
2 3 2 5 60
2 3 4 2 60
2 3 6 2 60
2 3 8 2 60
2 3 4 5 60
2 3 6 5 60
2 3 8 5 60
3 2 7 0 60
3 2 1 8 60
6 1 4 8 60
5 1 4 9 60
1 4 0 6 60
1 1 9 9 60
1 6 0 0 61
1 6 1 0 61
1 6 2 0 61
2 3 0 6 61
1 6 3 0 61
1 6 4 0 61
2 3 2 6 61
1 6 5 0 61
3 2 6 0 61
1 5 6 2 61
1 5 7 2 61
1 5 8 2 61
1 5 9 0 61
4 1 0 9 61
4 1 6 7 61
4 1 6 8 61
4 1 6 9 61
1 4 4 6 61
1 4 5 6 61
1 2 9 5 61
5 1 0 0 62
5 1 5 0 62
5 1 0 1 62
5 1 5 1 62
5 1 0 2 62
5 1 5 2 62
5 1 0 3 62
1 5 0 4 62
1 5 1 4 62
1 5 2 4 62
5 1 5 3 62
5 1 3 4 62
5 1 3 5 62
5 1 3 6 62
5 1 3 7 62
5 1 3 8 62
5 1 0 9 62
1 5 8 4 62
1 5 9 4 62
5 1 5 9 62
1 5 0 0 63
5 1 1 0 63
1 5 0 5 63
1 5 1 1 63
1 5 2 1 63
1 5 3 1 63
1 5 4 1 63
1 5 5 1 63
1 5 6 0 63
1 5 7 0 63
1 5 8 0 63
5 1 1 6 63
1 5 9 0 63
4 1 1 7 63
4 1 1 8 63
4 1 1 9 63
1 4 6 5 63
1 4 7 5 63
1 4 8 5 63
1 4 9 5 63
4 1 6 9 63
1 3 5 7 63
4 1 0 0 64
4 1 4 0 64
2 2 0 1 64
4 1 2 1 64
4 1 6 1 64
2 2 0 3 64
4 1 2 2 64
1 4 0 5 64
4 1 6 2 64
4 1 2 3 64
4 1 6 3 64
1 4 1 5 64
4 1 2 4 64
4 1 6 4 64
4 1 2 5 64
1 4 2 6 64
2 2 3 6 64
4 1 6 5 64
4 1 6 6 64
4 1 6 7 64
4 1 3 8 64
2 2 7 8 64
4 1 3 9 64
1 2 5 6 64
2 1 8 0 64
2 1 0 9 64
1 2 9 8 64
1 4 0 0 65
1 4 0 4 65
2 2 1 0 65
1 4 1 2 65
2 2 3 0 65
4 1 5 0 65
1 4 1 6 65
2 2 2 2 65
4 1 5 1 65
1 4 2 4 65
2 2 2 8 65
1 4 3 4 65
1 4 4 2 65
4 1 5 2 65
4 1 5 3 65
2 2 5 4 65
4 1 4 6 65
2 2 7 4 65
4 1 4 7 65
2 2 4 8 65
1 4 9 0 65
2 2 6 8 65
2 2 8 6 65
2 2 8 8 65
1 2 0 8 65
1 2 9 4 65
4 1 0 0 66
4 1 4 0 66
4 1 0 1 66
2 2 0 2 66
1 4 0 4 66
1 4 1 4 66
2 2 0 8 66
4 1 4 1 66
2 2 8 0 66
2 2 2 2 66
2 2 2 4 66
2 2 2 6 66
1 4 4 2 66
2 2 2 8 66
1 4 4 6 66
1 4 5 2 66
2 2 6 2 66
2 2 8 2 66
2 2 6 4 66
2 2 8 4 66
4 1 5 6 66
4 1 5 7 66
2 2 5 8 66
2 2 7 8 66
1 4 9 6 66
1 4 0 0 67
2 2 1 0 67
2 2 3 0 67
4 1 5 0 67
4 1 5 1 67
2 2 1 2 67
2 2 0 4 67
4 1 3 2 67
2 2 0 6 67
1 4 2 4 67
4 1 3 3 67
2 2 0 8 67
1 4 3 4 67
1 4 4 4 67
3 1 7 2 67
3 1 7 3 67
3 1 2 8 67
3 1 2 9 67
3 1 5 4 67
3 1 5 5 67
3 1 5 6 67
3 1 5 7 67
3 1 5 8 67
3 1 5 9 67
1 3 8 4 67
1 3 9 4 67
1 3 8 7 67
1 3 9 7 67
1 2 9 0 67
3 1 0 0 68
3 1 3 0 68
3 1 6 0 68
3 1 0 1 68
3 1 3 1 68
3 1 6 1 68
3 1 0 2 68
1 3 0 3 68
1 3 1 3 68
1 3 2 3 68
1 3 0 6 68
1 3 1 6 68
3 1 3 2 68
3 1 6 2 68
1 3 9 0 68
3 1 3 3 68
3 1 6 3 68
3 1 3 4 68
3 1 6 4 68
1 3 2 6 68
3 1 0 9 68
1 3 3 5 68
1 3 4 5 68
1 3 5 5 68
1 3 6 5 68
1 3 7 5 68
3 1 3 8 68
1 3 8 5 68
3 1 3 9 68
3 1 6 8 68
3 1 6 9 68
1 3 9 3 68
1 3 9 6 68
1 1 9 9 68
3 1 0 0 69
1 3 0 1 69
1 3 0 4 69
1 3 0 7 69
1 3 1 1 69
1 3 1 4 69
3 1 3 0 69
3 1 6 0 69
1 3 1 7 69
3 1 2 1 69
3 1 5 1 69
3 1 2 2 69
1 3 2 3 69
3 1 5 2 69
1 3 2 6 69
3 1 3 3 69
1 3 3 4 69
1 3 3 7 69
3 1 6 3 69
1 3 4 4 69
1 3 4 7 69
3 1 5 4 69
3 1 5 5 69
2 1 8 1 69
2 1 8 2 69
2 1 8 4 69
2 1 8 5 69
2 1 5 6 69
2 1 5 7 69
1 2 5 8 69
2 1 7 6 69
2 1 7 7 69
1 2 9 6 69
2 1 6 8 69
1 2 8 8 69
1 2 9 8 69
2 1 6 9 69
1 1 9 0 69
1 1 2 9 69
1 1 9 3 69
1 2 0 0 70
2 1 1 0 70
1 2 0 2 70
2 1 3 0 70
1 2 0 4 70
1 2 0 6 70
2 1 5 0 70
2 1 7 0 70
1 2 0 8 70
1 2 1 1 70
1 2 1 3 70
1 2 1 5 70
2 1 2 1 70
1 2 1 7 70
2 1 4 1 70
2 1 6 1 70
1 2 2 2 70
2 1 8 1 70
1 2 2 4 70
1 2 2 6 70
1 2 2 8 70
2 1 3 2 70
2 1 5 2 70
1 2 3 3 70
2 1 7 2 70
2 1 4 3 70
2 1 6 3 70
1 2 3 5 70
1 2 3 7 70
2 1 8 3 70
2 1 4 4 70
1 2 4 5 70
1 2 4 7 70
1 2 5 5 70
2 1 3 9 70
1 2 5 7 70
1 2 6 4 70
2 1 7 4 70
1 2 9 4 70
1 2 6 6 70
1 2 6 8 70
1 2 7 6 70
1 2 7 8 70
1 2 8 6 70
2 1 7 5 70
2 1 8 8 70
2 1 8 9 70
1 2 9 6 70
1 1 9 0 70
1 1 1 9 70
1 1 9 2 70
1 1 5 9 70
2 1 0 0 71
2 1 2 0 71
2 1 4 0 71
1 2 0 1 71
2 1 6 0 71
2 1 8 0 71
1 2 0 3 71
1 2 0 5 71
2 1 1 1 71
1 2 0 7 71
1 2 1 2 71
2 1 3 1 71
1 2 1 4 71
2 1 5 1 71
1 2 1 6 71
2 1 7 1 71
2 1 2 2 71
1 2 1 8 71
2 1 4 2 71
2 1 6 2 71
1 2 2 3 71
1 2 2 5 71
2 1 8 2 71
2 1 3 3 71
1 2 2 7 71
1 2 3 4 71
1 2 3 6 71
1 2 3 8 71
1 2 4 4 71
1 2 4 6 71
1 2 4 8 71
1 2 5 3 71
1 2 6 3 71
1 2 7 3 71
2 1 8 3 71
1 2 5 5 71
2 1 8 4 71
1 2 5 7 71
2 1 6 5 71
1 2 6 6 71
2 1 8 5 71
2 1 7 6 71
1 2 6 8 71
2 1 7 7 71
2 1 7 8 71
2 1 7 9 71
1 2 9 6 71
1 2 9 8 71
1 1 0 9 71
1 1 9 1 71
1 1 2 9 71
1 1 5 9 71
2 1 0 0 72
1 2 0 1 72
1 2 0 3 72
1 2 0 5 72
2 1 2 0 72
1 2 0 7 72
2 1 4 0 72
2 1 6 0 72
1 2 1 1 72
2 1 8 0 72
1 2 1 3 72
2 1 2 1 72
2 1 4 1 72
2 1 6 1 72
1 2 1 5 72
1 2 1 7 72
1 2 2 2 72
2 1 8 1 72
1 2 2 4 72
2 1 0 9 72
1 1 2 6 72
1 1 2 7 72
1 1 2 8 72
1 1 2 9 72
1 1 3 2 72
1 1 4 2 72
1 1 5 2 72
1 1 6 2 72
1 1 7 2 72
1 1 8 2 72
1 1 9 2 72
1 1 3 3 72
1 1 3 4 72
1 1 3 5 72
1 1 3 6 72
1 1 3 7 72
1 1 3 8 72
1 1 3 9 72
1 1 4 3 72
1 1 5 3 72
1 1 6 3 72
1 1 7 3 72
1 1 8 3 72
1 1 9 3 72
1 1 4 4 72
1 1 4 5 72
1 1 4 6 72
1 1 4 7 72
1 1 4 8 72
1 1 4 9 72
1 1 5 4 72
1 1 6 4 72
1 1 7 4 72
1 1 8 4 72
1 1 9 4 72
1 1 5 5 72
1 1 5 6 72
1 1 5 7 72
1 1 5 8 72
1 1 5 9 72
1 1 6 5 72
1 1 7 5 72
1 1 8 5 72
1 1 9 5 72
1 1 6 6 72
1 1 6 7 72
1 1 6 8 72
1 1 6 9 72
1 1 7 6 72
1 1 8 6 72
1 1 9 6 72
1 1 7 7 72
1 1 7 8 72
1 1 7 9 72
1 1 8 7 72
1 1 9 7 72
1 1 8 8 72
1 1 8 9 72
1 1 9 8 72
1 1 9 9 72
1 1 0 0 73
1 1 0 1 73
1 1 0 2 73
1 1 0 3 73
1 1 0 4 73
1 1 0 5 73
1 1 0 6 73
1 1 0 7 73
1 1 0 8 73
1 1 0 9 73
1 1 1 0 73
1 1 2 0 73
1 1 3 0 73
1 1 4 0 73
1 1 5 0 73
1 1 6 0 73
1 1 7 0 73
1 1 8 0 73
1 1 9 0 73
1 1 1 1 73
1 1 1 2 73
1 1 1 3 73
1 1 1 4 73
1 1 1 5 73
1 1 1 6 73
1 1 1 7 73
1 1 1 8 73
1 1 1 9 73
1 1 2 1 73
1 1 3 1 73
1 1 4 1 73
1 1 5 1 73
1 1 6 1 73
1 1 7 1 73
1 1 8 1 73
1 1 9 1 73
1 1 2 2 73
1 1 2 3 73
1 1 2 4 73
1 1 2 5 73
1 1 2 6 73
1 1 2 7 73
1 1 2 8 73
1 1 2 9 73
1 1 3 2 73
1 1 4 2 73
1 1 5 2 73
1 1 6 2 73
