% State of a bin packing problem:
%
% Bin number: 199
% Total uncovered points: 325
% Total covered points: 19575
% Number of boxes: 1000
% Unused boxes: 0
% Runtime: None
%
% Bin size:
10 10
%
% Boxes (width, height) not in some bins:
%
% Boxes (width, height, x_position, y_position, bin_id) in bins:
7 9 0 0 0
3 8 7 0 0
7 1 0 9 0
3 2 7 8 0
8 7 0 0 1
8 3 0 7 1
2 8 8 0 1
2 2 8 8 1
6 9 0 0 2
4 8 6 0 2
4 2 6 8 2
6 1 0 9 2
6 9 0 0 3
4 8 6 0 3
4 2 6 8 3
6 1 0 9 3
7 7 0 0 4
3 8 7 0 4
7 3 0 7 4
3 2 7 8 4
7 7 0 0 5
3 7 7 0 5
7 3 0 7 5
3 3 7 7 5
7 7 0 0 6
3 7 7 0 6
7 3 0 7 6
3 3 7 7 6
7 7 0 0 7
3 7 7 0 7
7 3 0 7 7
3 3 7 7 7
7 7 0 0 8
3 7 7 0 8
7 3 0 7 8
3 3 7 7 8
8 6 0 0 9
9 4 0 6 9
2 6 8 0 9
1 4 9 6 9
6 8 0 0 10
4 7 6 0 10
6 2 0 8 10
4 3 6 7 10
8 6 0 0 11
8 4 0 6 11
2 8 8 0 11
2 2 8 8 11
8 6 0 0 12
8 4 0 6 12
2 7 8 0 12
2 3 8 7 12
6 8 0 0 13
4 7 6 0 13
4 3 6 7 13
6 2 0 8 13
6 8 0 0 14
4 7 6 0 14
4 3 6 7 14
6 2 0 8 14
6 8 0 0 15
4 7 6 0 15
4 3 6 7 15
6 2 0 8 15
6 8 0 0 16
4 7 6 0 16
4 3 6 7 16
6 2 0 8 16
8 6 0 0 17
8 4 0 6 17
2 7 8 0 17
2 3 8 7 17
6 8 0 0 18
4 7 6 0 18
4 3 6 7 18
6 2 0 8 18
6 8 0 0 19
4 7 6 0 19
4 3 6 7 19
6 2 0 8 19
5 9 0 0 20
5 7 5 0 20
5 3 5 7 20
5 1 0 9 20
9 5 0 0 21
9 5 0 5 21
1 8 9 0 21
1 2 9 8 21
6 7 0 0 22
4 7 6 0 22
8 3 0 7 22
2 3 8 7 22
6 7 0 0 23
4 7 6 0 23
8 3 0 7 23
2 3 8 7 23
6 7 0 0 24
4 7 6 0 24
7 3 0 7 24
3 3 7 7 24
7 6 0 0 25
8 4 0 6 25
3 6 7 0 25
2 4 8 6 25
6 7 0 0 26
4 7 6 0 26
7 3 0 7 26
3 3 7 7 26
7 6 0 0 27
7 4 0 6 27
3 7 7 0 27
3 3 7 7 27
6 7 0 0 28
4 7 6 0 28
7 3 0 7 28
3 3 7 7 28
7 6 0 0 29
7 4 0 6 29
3 7 7 0 29
3 3 7 7 29
6 7 0 0 30
4 7 6 0 30
6 3 0 7 30
4 3 6 7 30
7 6 0 0 31
7 4 0 6 31
3 7 7 0 31
3 3 7 7 31
7 6 0 0 32
7 4 0 6 32
3 7 7 0 32
3 3 7 7 32
7 6 0 0 33
7 4 0 6 33
3 7 7 0 33
3 3 7 7 33
6 7 0 0 34
4 7 6 0 34
6 3 0 7 34
4 3 6 7 34
7 6 0 0 35
7 4 0 6 35
3 7 7 0 35
3 3 7 7 35
8 5 0 0 36
8 5 0 5 36
2 7 8 0 36
2 3 8 7 36
6 6 0 0 37
4 7 6 0 37
6 4 0 6 37
4 3 6 7 37
6 6 0 0 38
4 7 6 0 38
6 4 0 6 38
4 3 6 7 38
6 6 0 0 39
4 7 6 0 39
6 4 0 6 39
4 3 6 7 39
6 6 0 0 40
4 7 6 0 40
6 4 0 6 40
4 3 6 7 40
6 6 0 0 41
4 6 6 0 41
6 4 0 6 41
4 4 6 6 41
6 6 0 0 42
4 6 6 0 42
6 4 0 6 42
4 4 6 6 42
6 6 0 0 43
4 6 6 0 43
6 4 0 6 43
4 4 6 6 43
6 6 0 0 44
4 6 6 0 44
6 4 0 6 44
4 4 6 6 44
6 6 0 0 45
4 6 6 0 45
6 4 0 6 45
4 4 6 6 45
6 6 0 0 46
4 6 6 0 46
6 4 0 6 46
4 4 6 6 46
6 6 0 0 47
4 6 6 0 47
6 4 0 6 47
4 4 6 6 47
6 6 0 0 48
4 6 6 0 48
6 4 0 6 48
4 4 6 6 48
6 6 0 0 49
4 6 6 0 49
6 4 0 6 49
4 4 6 6 49
6 6 0 0 50
4 6 6 0 50
6 4 0 6 50
4 4 6 6 50
6 6 0 0 51
4 6 6 0 51
6 4 0 6 51
4 4 6 6 51
7 5 0 0 52
7 5 0 5 52
3 6 7 0 52
3 4 7 6 52
5 7 0 0 53
5 7 5 0 53
6 3 0 7 53
4 3 6 7 53
7 5 0 0 54
7 5 0 5 54
3 6 7 0 54
3 4 7 6 54
5 7 0 0 55
5 7 5 0 55
6 3 0 7 55
4 3 6 7 55
7 5 0 0 56
7 5 0 5 56
3 6 7 0 56
3 4 7 6 56
7 5 0 0 57
7 5 0 5 57
3 6 7 0 57
3 4 7 6 57
5 7 0 0 58
5 7 5 0 58
6 3 0 7 58
4 3 6 7 58
5 7 0 0 59
5 7 5 0 59
6 3 0 7 59
4 3 6 7 59
7 5 0 0 60
7 5 0 5 60
3 6 7 0 60
3 4 7 6 60
7 5 0 0 61
7 5 0 5 61
3 6 7 0 61
3 4 7 6 61
5 7 0 0 62
5 7 5 0 62
6 3 0 7 62
4 3 6 7 62
7 5 0 0 63
7 5 0 5 63
3 6 7 0 63
3 4 7 6 63
7 5 0 0 64
7 5 0 5 64
3 6 7 0 64
3 4 7 6 64
5 7 0 0 65
5 7 5 0 65
6 3 0 7 65
4 3 6 7 65
7 5 0 0 66
7 5 0 5 66
3 6 7 0 66
3 4 7 6 66
7 5 0 0 67
6 5 0 5 67
4 5 6 5 67
3 5 7 0 67
5 6 0 0 68
5 6 5 0 68
7 4 0 6 68
3 4 7 6 68
6 5 0 0 69
6 5 0 5 69
4 6 6 0 69
4 4 6 6 69
5 6 0 0 70
5 6 5 0 70
7 4 0 6 70
3 4 7 6 70
5 6 0 0 71
5 6 5 0 71
7 4 0 6 71
3 4 7 6 71
6 5 0 0 72
6 5 0 5 72
4 6 6 0 72
4 4 6 6 72
6 5 0 0 73
6 5 0 5 73
4 6 6 0 73
4 4 6 6 73
5 6 0 0 74
5 6 5 0 74
7 4 0 6 74
3 4 7 6 74
5 6 0 0 75
5 6 5 0 75
7 4 0 6 75
3 4 7 6 75
6 5 0 0 76
6 5 0 5 76
4 6 6 0 76
4 4 6 6 76
5 6 0 0 77
5 6 5 0 77
7 4 0 6 77
3 4 7 6 77
6 5 0 0 78
6 5 0 5 78
4 6 6 0 78
4 4 6 6 78
5 6 0 0 79
5 6 5 0 79
7 4 0 6 79
3 4 7 6 79
5 6 0 0 80
5 6 5 0 80
7 4 0 6 80
3 4 7 6 80
6 5 0 0 81
6 5 0 5 81
4 6 6 0 81
4 4 6 6 81
6 5 0 0 82
6 5 0 5 82
4 6 6 0 82
4 4 6 6 82
5 6 0 0 83
5 6 5 0 83
7 4 0 6 83
3 4 7 6 83
5 6 0 0 84
5 6 5 0 84
7 4 0 6 84
3 4 7 6 84
6 5 0 0 85
6 5 0 5 85
4 6 6 0 85
4 4 6 6 85
5 6 0 0 86
5 6 5 0 86
7 4 0 6 86
3 4 7 6 86
6 5 0 0 87
6 5 0 5 87
4 6 6 0 87
4 4 6 6 87
5 6 0 0 88
5 6 5 0 88
7 4 0 6 88
3 4 7 6 88
5 6 0 0 89
5 6 5 0 89
7 4 0 6 89
3 4 7 6 89
6 5 0 0 90
6 5 0 5 90
4 6 6 0 90
4 4 6 6 90
6 5 0 0 91
6 5 0 5 91
4 6 6 0 91
4 4 6 6 91
5 6 0 0 92
5 6 5 0 92
7 4 0 6 92
3 4 7 6 92
6 5 0 0 93
6 5 0 5 93
4 6 6 0 93
4 4 6 6 93
5 6 0 0 94
5 6 5 0 94
7 4 0 6 94
3 4 7 6 94
5 6 0 0 95
5 6 5 0 95
7 4 0 6 95
3 4 7 6 95
5 6 0 0 96
5 6 5 0 96
7 4 0 6 96
3 4 7 6 96
5 6 0 0 97
5 6 5 0 97
6 4 0 6 97
4 4 6 6 97
5 6 0 0 98
5 6 5 0 98
6 4 0 6 98
4 4 6 6 98
6 5 0 0 99
6 5 0 5 99
4 6 6 0 99
4 4 6 6 99
5 6 0 0 100
5 6 5 0 100
6 4 0 6 100
4 4 6 6 100
5 6 0 0 101
5 6 5 0 101
6 4 0 6 101
4 4 6 6 101
5 6 0 0 102
5 6 5 0 102
6 4 0 6 102
4 4 6 6 102
5 6 0 0 103
5 6 5 0 103
6 4 0 6 103
4 4 6 6 103
6 5 0 0 104
6 5 0 5 104
4 6 6 0 104
4 4 6 6 104
6 5 0 0 105
5 5 0 5 105
5 5 5 5 105
4 5 6 0 105
5 5 0 0 106
5 5 0 5 106
5 5 5 0 106
5 5 5 5 106
5 5 0 0 107
5 5 0 5 107
5 5 5 0 107
5 5 5 5 107
5 5 0 0 108
5 5 0 5 108
5 5 5 0 108
5 5 5 5 108
5 5 0 0 109
5 5 0 5 109
5 5 5 0 109
5 5 5 5 109
5 5 0 0 110
5 5 0 5 110
5 5 5 0 110
5 5 5 5 110
5 5 0 0 111
5 5 0 5 111
5 5 5 0 111
5 5 5 5 111
5 5 0 0 112
5 5 0 5 112
5 5 5 0 112
5 5 5 5 112
5 5 0 0 113
5 5 0 5 113
5 5 5 0 113
5 5 5 5 113
5 5 0 0 114
5 5 0 5 114
5 5 5 0 114
5 5 5 5 114
5 5 0 0 115
5 5 0 5 115
5 5 5 0 115
5 5 5 5 115
5 5 0 0 116
5 5 0 5 116
5 5 5 0 116
5 5 5 5 116
5 5 0 0 117
5 5 0 5 117
5 5 5 0 117
5 5 5 5 117
5 5 0 0 118
5 5 0 5 118
5 5 5 0 118
5 5 5 5 118
5 5 0 0 119
5 5 0 5 119
5 5 5 0 119
5 5 5 5 119
5 5 0 0 120
5 5 0 5 120
5 5 5 0 120
5 5 5 5 120
5 5 0 0 121
5 5 0 5 121
5 5 5 0 121
5 5 5 5 121
5 5 0 0 122
5 5 0 5 122
5 5 5 0 122
5 5 5 5 122
4 6 0 0 123
4 6 4 0 123
6 4 0 6 123
4 4 6 6 123
2 6 8 0 123
4 6 0 0 124
4 6 4 0 124
6 4 0 6 124
4 4 6 6 124
2 6 8 0 124
4 6 0 0 125
4 6 4 0 125
6 4 0 6 125
4 4 6 6 125
2 6 8 0 125
4 6 0 0 126
4 6 4 0 126
6 4 0 6 126
4 4 6 6 126
2 6 8 0 126
6 4 0 0 127
4 6 0 4 127
4 6 4 4 127
4 4 6 0 127
2 5 8 4 127
2 1 8 9 127
4 6 0 0 128
6 4 4 0 128
6 4 4 4 128
4 4 0 6 128
6 2 4 8 128
6 4 0 0 129
6 4 0 4 129
4 6 6 0 129
4 4 6 6 129
6 2 0 8 129
6 4 0 0 130
4 6 0 4 130
6 4 4 4 130
4 4 6 0 130
6 2 4 8 130
4 6 0 0 131
4 6 4 0 131
6 4 0 6 131
4 4 6 6 131
2 5 8 0 131
2 1 8 5 131
4 6 0 0 132
6 4 4 0 132
5 4 4 4 132
4 4 0 6 132
6 2 4 8 132
1 4 9 4 132
5 4 0 0 133
4 5 0 4 133
5 4 5 0 133
4 5 4 4 133
2 5 8 4 133
8 1 0 9 133
1 1 8 9 133
1 1 9 9 133
5 4 0 0 134
5 4 5 0 134
4 5 0 4 134
5 4 4 4 134
6 2 4 8 134
4 1 0 9 134
1 4 9 4 134
4 5 0 0 135
5 4 4 0 135
4 5 0 5 135
4 5 4 4 135
2 5 8 4 135
6 1 4 9 135
1 4 9 0 135
5 4 0 0 136
5 4 5 0 136
5 4 0 4 136
4 5 5 4 136
5 2 0 8 136
1 6 9 4 136
4 1 5 9 136
4 5 0 0 137
4 5 0 5 137
5 4 4 0 137
4 5 4 4 137
2 5 8 4 137
6 1 4 9 137
1 4 9 0 137
5 4 0 0 138
5 4 5 0 138
5 4 0 4 138
4 5 5 4 138
5 2 0 8 138
1 6 9 4 138
4 1 5 9 138
4 5 0 0 139
4 5 0 5 139
5 4 4 0 139
5 4 4 4 139
6 2 4 8 139
1 8 9 0 139
5 4 0 0 140
4 5 0 4 140
5 4 5 0 140
4 5 4 4 140
2 5 8 4 140
8 1 0 9 140
4 5 0 0 141
4 5 0 5 141
5 4 4 0 141
5 4 4 4 141
6 2 4 8 141
1 8 9 0 141
4 5 0 0 142
5 4 4 0 142
4 5 0 5 142
5 4 4 4 142
6 2 4 8 142
1 5 9 0 142
1 3 9 5 142
4 5 0 0 143
5 4 4 0 143
5 4 4 4 143
4 5 0 5 143
6 2 4 8 143
1 5 9 0 143
1 3 9 5 143
5 4 0 0 144
5 4 5 0 144
5 4 0 4 144
5 4 5 4 144
7 2 0 8 144
3 2 7 8 144
5 4 0 0 145
4 5 0 4 145
5 4 5 0 145
5 4 4 4 145
5 2 4 8 145
1 5 9 4 145
4 1 0 9 145
5 4 0 0 146
4 5 0 4 146
5 4 5 0 146
4 5 4 4 146
2 5 8 4 146
7 1 0 9 146
3 1 7 9 146
5 4 0 0 147
5 4 5 0 147
4 5 0 4 147
4 5 4 4 147
2 5 8 4 147
6 1 0 9 147
4 1 6 9 147
5 4 0 0 148
5 4 5 0 148
5 4 0 4 148
4 5 5 4 148
5 2 0 8 148
1 5 9 4 148
5 1 5 9 148
5 4 0 0 149
4 5 0 4 149
5 4 5 0 149
4 5 4 4 149
2 5 8 4 149
5 1 0 9 149
5 1 5 9 149
5 4 0 0 150
4 5 0 4 150
4 5 4 4 150
5 4 5 0 150
2 5 8 4 150
5 1 0 9 150
5 1 5 9 150
4 5 0 0 151
4 5 0 5 151
5 4 4 0 151
5 4 4 4 151
5 2 4 8 151
1 5 9 0 151
1 4 9 5 151
4 5 0 0 152
4 5 0 5 152
4 5 4 0 152
4 5 4 5 152
2 7 8 0 152
2 3 8 7 152
5 4 0 0 153
4 5 0 4 153
5 4 5 0 153
5 4 4 4 153
5 2 4 8 153
4 1 0 9 153
1 3 9 4 153
1 3 9 7 153
5 4 0 0 154
4 5 0 4 154
4 5 4 4 154
5 4 5 0 154
2 5 8 4 154
4 1 0 9 154
4 1 4 9 154
4 5 0 0 155
4 5 0 5 155
5 4 4 0 155
4 5 4 4 155
2 5 8 4 155
3 1 4 9 155
3 1 7 9 155
1 3 9 0 155
5 4 0 0 156
5 4 5 0 156
5 4 0 4 156
5 4 5 4 156
7 2 0 8 156
3 2 7 8 156
4 5 0 0 157
5 4 4 0 157
5 4 4 4 157
4 5 0 5 157
5 2 4 8 157
5 4 0 0 158
5 4 5 0 158
4 5 0 4 158
4 5 4 4 158
2 5 8 4 158
3 1 0 9 158
3 1 3 9 158
3 1 6 9 158
5 4 0 0 159
4 5 0 4 159
4 5 4 4 159
5 4 5 0 159
2 5 8 4 159
3 1 0 9 159
4 5 0 0 160
4 5 0 5 160
4 5 4 0 160
4 5 4 5 160
2 5 8 0 160
2 5 8 5 160
5 4 0 0 161
5 4 5 0 161
4 5 0 4 161
4 5 4 4 161
2 5 8 4 161
4 5 0 0 162
5 4 4 0 162
5 4 4 4 162
4 5 0 5 162
5 2 4 8 162
5 4 0 0 163
5 4 5 0 163
5 4 0 4 163
4 5 5 4 163
5 2 0 8 163
5 4 0 0 164
4 5 0 4 164
5 4 5 0 164
5 4 4 4 164
5 2 4 8 164
3 6 0 0 165
3 6 3 0 165
3 6 6 0 165
6 3 0 6 165
4 4 6 6 165
3 6 0 0 166
3 6 3 0 166
3 6 6 0 166
6 3 0 6 166
4 4 6 6 166
3 6 0 0 167
3 6 3 0 167
3 6 6 0 167
6 3 0 6 167
4 4 6 6 167
3 6 0 0 168
3 6 3 0 168
6 3 0 6 168
3 6 6 0 168
4 4 6 6 168
6 3 0 0 169
6 3 0 3 169
3 6 6 0 169
6 3 0 6 169
4 4 6 6 169
6 3 0 0 170
6 3 0 3 170
3 6 6 0 170
6 3 0 6 170
4 4 6 6 170
3 6 0 0 171
6 3 3 0 171
6 3 3 3 171
4 4 0 6 171
4 4 4 6 171
2 4 8 6 171
3 6 0 0 172
4 4 3 0 172
4 4 3 4 172
3 5 7 0 172
3 5 7 5 172
3 4 0 6 172
4 2 3 8 172
4 4 0 0 173
4 4 0 4 173
4 4 4 0 173
4 4 4 4 173
7 2 0 8 173
2 4 8 0 173
2 4 8 4 173
3 2 7 8 173
4 4 0 0 174
4 4 0 4 174
4 4 4 0 174
4 4 4 4 174
7 2 0 8 174
2 4 8 0 174
2 4 8 4 174
3 2 7 8 174
3 5 0 0 175
5 3 3 0 175
5 3 3 3 175
5 3 3 6 175
3 5 0 5 175
2 4 8 0 175
2 4 8 4 175
2 2 8 8 175
5 3 0 0 176
3 5 0 3 176
3 5 3 3 176
3 5 6 3 176
5 3 5 0 176
7 2 0 8 176
3 2 7 8 176
5 3 0 0 177
3 5 0 3 177
3 5 3 3 177
5 3 5 0 177
3 5 6 3 177
7 2 0 8 177
3 2 7 8 177
5 3 0 0 178
5 3 5 0 178
5 3 0 3 178
3 5 5 3 178
5 3 0 6 178
2 4 8 3 178
3 2 5 8 178
2 3 8 7 178
3 5 0 0 179
3 5 0 5 179
3 5 3 0 179
3 5 6 0 179
5 3 3 5 179
5 2 3 8 179
2 4 8 5 179
5 3 0 0 180
3 5 0 3 180
5 3 5 0 180
3 5 3 3 180
3 5 6 3 180
5 2 0 8 180
5 2 5 8 180
5 3 0 0 181
3 5 0 3 181
5 3 5 0 181
3 5 3 3 181
3 5 6 3 181
5 2 0 8 181
5 2 5 8 181
5 3 0 0 182
5 3 5 0 182
3 5 0 3 182
3 5 3 3 182
3 5 6 3 182
5 2 0 8 182
5 2 5 8 182
5 3 0 0 183
5 3 5 0 183
5 3 0 3 183
5 3 0 6 183
5 3 5 3 183
5 3 5 6 183
3 5 0 0 184
3 5 0 5 184
3 5 3 0 184
3 5 6 0 184
3 5 3 5 184
3 5 6 5 184
3 5 0 0 185
5 3 3 0 185
5 3 3 3 185
3 5 0 5 185
5 3 3 6 185
2 4 8 0 185
2 4 8 4 185
2 2 8 8 185
3 5 0 0 186
3 5 0 5 186
3 5 3 0 186
3 5 6 0 186
3 5 3 5 186
3 5 6 5 186
5 3 0 0 187
5 3 5 0 187
5 3 0 3 187
5 3 0 6 187
5 3 5 3 187
5 3 5 6 187
5 3 0 0 188
5 3 5 0 188
3 5 0 3 188
3 5 3 3 188
3 5 6 3 188
5 2 0 8 188
5 2 5 8 188
3 5 0 0 189
5 3 3 0 189
5 3 3 3 189
3 5 0 5 189
5 3 3 6 189
2 4 8 0 189
2 4 8 4 189
2 2 8 8 189
3 5 0 0 190
3 5 0 5 190
3 5 3 0 190
3 5 6 0 190
3 5 3 5 190
3 5 6 5 190
5 3 0 0 191
5 3 5 0 191
5 3 0 3 191
5 3 0 6 191
5 3 5 3 191
5 3 5 6 191
5 3 0 0 192
4 3 5 0 192
4 3 0 3 192
4 3 0 6 192
4 3 4 3 192
4 3 4 6 192
2 4 8 3 192
2 3 8 7 192
4 3 0 0 193
4 3 4 0 193
4 3 0 3 193
4 3 0 6 193
4 3 4 3 193
3 4 4 6 193
3 4 7 6 193
2 4 8 0 193
2 2 8 4 193
4 3 0 0 194
4 3 4 0 194
4 3 0 3 194
3 4 0 6 194
4 3 4 3 194
3 4 3 6 194
3 4 6 6 194
2 4 8 0 194
4 3 0 0 195
3 4 0 3 195
4 3 4 0 195
5 2 3 3 195
5 2 3 5 195
5 2 0 7 195
5 2 5 7 195
2 4 8 0 195
2 3 8 4 195
5 2 0 0 196
3 3 0 2 196
3 3 0 5 196
3 3 3 2 196
3 3 6 2 196
3 3 3 5 196
3 3 6 5 196
4 2 5 0 196
4 2 0 8 196
4 2 4 8 196
3 3 0 0 197
3 3 0 3 197
4 2 3 0 197
4 2 3 2 197
4 2 3 4 197
4 2 0 6 197
4 2 0 8 197
4 2 4 6 197
4 2 4 8 197
2 4 8 6 197
3 2 7 0 197
3 2 7 2 197
3 2 7 4 197
4 2 0 0 198
4 2 4 0 198
4 2 0 2 198
4 2 0 4 198
2 3 0 6 198
3 2 4 2 198
2 3 2 6 198
2 3 4 4 198
2 3 4 7 198
3 2 7 2 198
2 3 6 4 198
3 2 6 7 198
