% State of a bin packing problem:
%
% Bin number: 507
% Total uncovered points: 8165
% Total covered points: 42535
% Number of boxes: 1000
% Unused boxes: 0
% Runtime: None
%
% Bin size:
10 10
%
% Boxes (width, height) not in some bins:
%
% Boxes (width, height, x_position, y_position, bin_id) in bins:
10 10 0 0 0
10 10 0 0 1
10 10 0 0 2
10 10 0 0 3
10 10 0 0 4
10 10 0 0 5
10 10 0 0 6
10 10 0 0 7
10 10 0 0 8
10 10 0 0 9
10 10 0 0 10
10 10 0 0 11
10 10 0 0 12
10 10 0 0 13
10 10 0 0 14
10 10 0 0 15
10 10 0 0 16
10 10 0 0 17
10 10 0 0 18
10 10 0 0 19
10 10 0 0 20
10 10 0 0 21
10 10 0 0 22
10 10 0 0 23
10 10 0 0 24
10 10 0 0 25
10 10 0 0 26
10 10 0 0 27
10 10 0 0 28
10 10 0 0 29
10 10 0 0 30
10 10 0 0 31
10 10 0 0 32
10 10 0 0 33
10 10 0 0 34
10 10 0 0 35
10 10 0 0 36
10 10 0 0 37
10 10 0 0 38
10 10 0 0 39
10 10 0 0 40
10 10 0 0 41
10 10 0 0 42
10 10 0 0 43
10 10 0 0 44
10 10 0 0 45
10 10 0 0 46
10 10 0 0 47
10 10 0 0 48
10 10 0 0 49
10 10 0 0 50
9 10 0 0 51
1 3 9 0 51
1 3 9 3 51
1 3 9 6 51
1 1 9 9 51
10 9 0 0 52
3 1 0 9 52
3 1 3 9 52
3 1 6 9 52
1 1 9 9 52
10 9 0 0 53
3 1 0 9 53
3 1 3 9 53
3 1 6 9 53
1 1 9 9 53
10 9 0 0 54
3 1 0 9 54
3 1 3 9 54
3 1 6 9 54
1 1 9 9 54
10 9 0 0 55
3 1 0 9 55
3 1 3 9 55
3 1 6 9 55
1 1 9 9 55
10 9 0 0 56
3 1 0 9 56
3 1 3 9 56
3 1 6 9 56
1 1 9 9 56
9 10 0 0 57
1 3 9 0 57
1 3 9 3 57
1 3 9 6 57
1 1 9 9 57
9 10 0 0 58
1 3 9 0 58
1 3 9 3 58
1 3 9 6 58
1 1 9 9 58
9 10 0 0 59
1 3 9 0 59
1 3 9 3 59
1 3 9 6 59
1 1 9 9 59
10 9 0 0 60
3 1 0 9 60
3 1 3 9 60
3 1 6 9 60
1 1 9 9 60
10 9 0 0 61
3 1 0 9 61
3 1 3 9 61
3 1 6 9 61
1 1 9 9 61
10 9 0 0 62
3 1 0 9 62
3 1 3 9 62
3 1 6 9 62
1 1 9 9 62
9 10 0 0 63
1 3 9 0 63
1 3 9 3 63
1 3 9 6 63
1 1 9 9 63
10 9 0 0 64
3 1 0 9 64
3 1 3 9 64
3 1 6 9 64
1 1 9 9 64
10 9 0 0 65
3 1 0 9 65
3 1 3 9 65
3 1 6 9 65
1 1 9 9 65
9 10 0 0 66
1 3 9 0 66
1 3 9 3 66
1 3 9 6 66
1 1 9 9 66
9 10 0 0 67
1 3 9 0 67
1 3 9 3 67
1 3 9 6 67
1 1 9 9 67
9 10 0 0 68
1 3 9 0 68
1 3 9 3 68
1 3 9 6 68
1 1 9 9 68
9 10 0 0 69
1 3 9 0 69
1 3 9 3 69
1 3 9 6 69
1 1 9 9 69
9 10 0 0 70
1 3 9 0 70
1 3 9 3 70
1 3 9 6 70
1 1 9 9 70
10 9 0 0 71
3 1 0 9 71
3 1 3 9 71
3 1 6 9 71
1 1 9 9 71
9 10 0 0 72
1 3 9 0 72
1 3 9 3 72
1 3 9 6 72
1 1 9 9 72
10 9 0 0 73
3 1 0 9 73
3 1 3 9 73
3 1 6 9 73
1 1 9 9 73
9 10 0 0 74
1 3 9 0 74
1 3 9 3 74
1 3 9 6 74
1 1 9 9 74
9 10 0 0 75
1 3 9 0 75
1 3 9 3 75
1 3 9 6 75
1 1 9 9 75
9 10 0 0 76
1 3 9 0 76
1 3 9 3 76
1 3 9 6 76
1 1 9 9 76
10 9 0 0 77
3 1 0 9 77
3 1 3 9 77
3 1 6 9 77
1 1 9 9 77
10 9 0 0 78
3 1 0 9 78
3 1 3 9 78
3 1 6 9 78
1 1 9 9 78
10 9 0 0 79
3 1 0 9 79
3 1 3 9 79
3 1 6 9 79
1 1 9 9 79
9 10 0 0 80
1 3 9 0 80
1 3 9 3 80
1 3 9 6 80
1 1 9 9 80
10 9 0 0 81
3 1 0 9 81
3 1 3 9 81
3 1 6 9 81
1 1 9 9 81
9 10 0 0 82
1 3 9 0 82
1 3 9 3 82
1 3 9 6 82
1 1 9 9 82
10 9 0 0 83
3 1 0 9 83
3 1 3 9 83
3 1 6 9 83
1 1 9 9 83
9 10 0 0 84
1 3 9 0 84
1 3 9 3 84
1 3 9 6 84
1 1 9 9 84
9 10 0 0 85
1 3 9 0 85
1 3 9 3 85
1 2 9 6 85
1 2 9 8 85
10 9 0 0 86
3 1 0 9 86
3 1 3 9 86
3 1 6 9 86
1 1 9 9 86
10 9 0 0 87
3 1 0 9 87
2 1 3 9 87
2 1 5 9 87
2 1 7 9 87
1 1 9 9 87
10 9 0 0 88
2 1 0 9 88
2 1 2 9 88
2 1 4 9 88
2 1 6 9 88
2 1 8 9 88
9 10 0 0 89
1 2 9 0 89
1 2 9 2 89
1 2 9 4 89
1 2 9 6 89
1 2 9 8 89
10 9 0 0 90
2 1 0 9 90
2 1 2 9 90
2 1 4 9 90
2 1 6 9 90
2 1 8 9 90
9 10 0 0 91
1 2 9 0 91
1 2 9 2 91
1 2 9 4 91
1 2 9 6 91
1 2 9 8 91
9 10 0 0 92
1 2 9 0 92
1 2 9 2 92
1 2 9 4 92
1 2 9 6 92
1 2 9 8 92
9 10 0 0 93
1 2 9 0 93
1 2 9 2 93
1 2 9 4 93
1 2 9 6 93
1 2 9 8 93
9 10 0 0 94
1 2 9 0 94
1 2 9 2 94
1 2 9 4 94
1 2 9 6 94
1 2 9 8 94
10 9 0 0 95
2 1 0 9 95
2 1 2 9 95
2 1 4 9 95
2 1 6 9 95
2 1 8 9 95
10 9 0 0 96
2 1 0 9 96
2 1 2 9 96
2 1 4 9 96
2 1 6 9 96
2 1 8 9 96
10 9 0 0 97
2 1 0 9 97
2 1 2 9 97
2 1 4 9 97
2 1 6 9 97
2 1 8 9 97
9 10 0 0 98
1 2 9 0 98
1 2 9 2 98
1 2 9 4 98
1 2 9 6 98
1 2 9 8 98
9 10 0 0 99
1 2 9 0 99
1 2 9 2 99
1 2 9 4 99
1 2 9 6 99
1 2 9 8 99
10 9 0 0 100
2 1 0 9 100
2 1 2 9 100
2 1 4 9 100
2 1 6 9 100
2 1 8 9 100
10 9 0 0 101
2 1 0 9 101
2 1 2 9 101
2 1 4 9 101
2 1 6 9 101
2 1 8 9 101
9 10 0 0 102
1 2 9 0 102
1 2 9 2 102
1 2 9 4 102
1 2 9 6 102
1 2 9 8 102
10 9 0 0 103
2 1 0 9 103
2 1 2 9 103
2 1 4 9 103
2 1 6 9 103
2 1 8 9 103
10 9 0 0 104
2 1 0 9 104
2 1 2 9 104
2 1 4 9 104
2 1 6 9 104
2 1 8 9 104
10 9 0 0 105
2 1 0 9 105
2 1 2 9 105
2 1 4 9 105
2 1 6 9 105
2 1 8 9 105
10 9 0 0 106
2 1 0 9 106
2 1 2 9 106
2 1 4 9 106
1 1 6 9 106
1 1 7 9 106
1 1 8 9 106
1 1 9 9 106
10 9 0 0 107
1 1 0 9 107
1 1 1 9 107
1 1 2 9 107
1 1 3 9 107
1 1 4 9 107
10 9 0 0 108
9 10 0 0 109
1 2 9 0 109
1 2 9 2 109
1 2 9 4 109
9 10 0 0 110
10 9 0 0 111
10 9 0 0 112
9 10 0 0 113
9 10 0 0 114
10 9 0 0 115
9 10 0 0 116
9 10 0 0 117
10 9 0 0 118
9 10 0 0 119
10 9 0 0 120
10 9 0 0 121
10 9 0 0 122
9 10 0 0 123
9 10 0 0 124
10 9 0 0 125
10 9 0 0 126
10 9 0 0 127
10 9 0 0 128
10 9 0 0 129
10 9 0 0 130
9 10 0 0 131
10 9 0 0 132
9 10 0 0 133
9 10 0 0 134
10 9 0 0 135
10 9 0 0 136
10 9 0 0 137
10 9 0 0 138
10 9 0 0 139
10 9 0 0 140
9 10 0 0 141
9 10 0 0 142
10 9 0 0 143
10 9 0 0 144
10 9 0 0 145
10 9 0 0 146
9 10 0 0 147
10 9 0 0 148
9 10 0 0 149
10 9 0 0 150
10 9 0 0 151
9 10 0 0 152
9 10 0 0 153
10 9 0 0 154
9 10 0 0 155
9 10 0 0 156
9 10 0 0 157
9 10 0 0 158
9 10 0 0 159
9 10 0 0 160
9 10 0 0 161
9 10 0 0 162
9 10 0 0 163
10 9 0 0 164
10 9 0 0 165
9 10 0 0 166
9 10 0 0 167
9 10 0 0 168
9 10 0 0 169
10 9 0 0 170
10 9 0 0 171
9 10 0 0 172
9 9 0 0 173
9 9 0 0 174
9 9 0 0 175
9 9 0 0 176
9 9 0 0 177
9 9 0 0 178
9 9 0 0 179
9 9 0 0 180
9 9 0 0 181
9 9 0 0 182
9 9 0 0 183
9 9 0 0 184
9 9 0 0 185
9 9 0 0 186
9 9 0 0 187
9 9 0 0 188
9 9 0 0 189
9 9 0 0 190
9 9 0 0 191
9 9 0 0 192
9 9 0 0 193
9 9 0 0 194
9 9 0 0 195
9 9 0 0 196
9 9 0 0 197
9 9 0 0 198
9 9 0 0 199
9 9 0 0 200
9 9 0 0 201
9 9 0 0 202
9 9 0 0 203
9 9 0 0 204
9 9 0 0 205
9 9 0 0 206
9 9 0 0 207
9 9 0 0 208
9 9 0 0 209
9 9 0 0 210
9 9 0 0 211
9 9 0 0 212
9 9 0 0 213
9 9 0 0 214
9 9 0 0 215
9 9 0 0 216
9 9 0 0 217
9 9 0 0 218
9 9 0 0 219
9 9 0 0 220
9 9 0 0 221
9 9 0 0 222
9 9 0 0 223
8 10 0 0 224
2 3 8 0 224
2 3 8 3 224
2 3 8 6 224
8 10 0 0 225
2 3 8 0 225
2 3 8 3 225
2 3 8 6 225
8 10 0 0 226
2 3 8 0 226
2 3 8 3 226
2 3 8 6 226
10 8 0 0 227
3 2 0 8 227
3 2 3 8 227
3 2 6 8 227
8 10 0 0 228
2 3 8 0 228
2 3 8 3 228
2 3 8 6 228
10 8 0 0 229
3 2 0 8 229
3 2 3 8 229
3 2 6 8 229
10 8 0 0 230
3 2 0 8 230
3 2 3 8 230
3 2 6 8 230
10 8 0 0 231
3 2 0 8 231
3 2 3 8 231
3 2 6 8 231
10 8 0 0 232
3 2 0 8 232
3 2 3 8 232
3 2 6 8 232
10 8 0 0 233
3 2 0 8 233
3 2 3 8 233
3 2 6 8 233
10 8 0 0 234
3 2 0 8 234
3 2 3 8 234
3 2 6 8 234
8 10 0 0 235
2 3 8 0 235
2 3 8 3 235
2 3 8 6 235
8 10 0 0 236
2 3 8 0 236
2 3 8 3 236
2 3 8 6 236
10 8 0 0 237
3 2 0 8 237
3 2 3 8 237
3 2 6 8 237
8 10 0 0 238
2 3 8 0 238
2 3 8 3 238
2 3 8 6 238
10 8 0 0 239
3 2 0 8 239
3 2 3 8 239
3 2 6 8 239
10 8 0 0 240
3 2 0 8 240
3 2 3 8 240
3 2 6 8 240
10 8 0 0 241
3 2 0 8 241
3 2 3 8 241
3 2 6 8 241
8 10 0 0 242
2 3 8 0 242
2 3 8 3 242
2 3 8 6 242
8 10 0 0 243
2 3 8 0 243
2 3 8 3 243
2 3 8 6 243
10 8 0 0 244
3 2 0 8 244
3 2 3 8 244
3 2 6 8 244
8 10 0 0 245
2 3 8 0 245
2 3 8 3 245
2 3 8 6 245
8 10 0 0 246
2 3 8 0 246
2 3 8 3 246
2 3 8 6 246
8 10 0 0 247
2 3 8 0 247
2 3 8 3 247
2 3 8 6 247
8 10 0 0 248
2 3 8 0 248
2 3 8 3 248
2 3 8 6 248
10 8 0 0 249
3 2 0 8 249
3 2 3 8 249
3 2 6 8 249
8 10 0 0 250
2 3 8 0 250
2 3 8 3 250
2 3 8 6 250
10 8 0 0 251
3 2 0 8 251
3 2 3 8 251
3 2 6 8 251
10 8 0 0 252
3 2 0 8 252
3 2 3 8 252
3 2 6 8 252
8 10 0 0 253
2 3 8 0 253
2 3 8 3 253
2 3 8 6 253
10 8 0 0 254
3 2 0 8 254
3 2 3 8 254
3 2 6 8 254
10 8 0 0 255
3 2 0 8 255
3 2 3 8 255
3 2 6 8 255
8 10 0 0 256
2 3 8 0 256
2 3 8 3 256
2 3 8 6 256
8 10 0 0 257
2 3 8 0 257
2 3 8 3 257
2 3 8 6 257
8 10 0 0 258
2 3 8 0 258
2 3 8 3 258
2 3 8 6 258
10 8 0 0 259
3 2 0 8 259
2 2 3 8 259
2 2 5 8 259
2 2 7 8 259
8 10 0 0 260
2 3 8 0 260
2 3 8 3 260
2 3 8 6 260
10 8 0 0 261
2 2 0 8 261
2 2 2 8 261
2 2 4 8 261
2 2 6 8 261
2 2 8 8 261
8 10 0 0 262
2 3 8 0 262
2 3 8 3 262
2 3 8 6 262
8 10 0 0 263
2 3 8 0 263
2 3 8 3 263
2 3 8 6 263
10 8 0 0 264
2 2 0 8 264
2 2 2 8 264
2 2 4 8 264
2 2 6 8 264
2 2 8 8 264
8 10 0 0 265
2 3 8 0 265
2 3 8 3 265
2 3 8 6 265
8 10 0 0 266
2 3 8 0 266
2 3 8 3 266
2 3 8 6 266
8 10 0 0 267
2 3 8 0 267
2 3 8 3 267
2 3 8 6 267
8 10 0 0 268
2 3 8 0 268
2 3 8 3 268
2 3 8 6 268
8 10 0 0 269
2 3 8 0 269
2 3 8 3 269
2 3 8 6 269
10 8 0 0 270
2 2 0 8 270
2 2 2 8 270
2 2 4 8 270
2 2 6 8 270
2 2 8 8 270
8 10 0 0 271
2 3 8 0 271
2 3 8 3 271
2 2 8 6 271
2 2 8 8 271
8 10 0 0 272
2 2 8 0 272
2 2 8 2 272
2 2 8 4 272
2 2 8 6 272
2 2 8 8 272
10 8 0 0 273
2 2 0 8 273
2 2 2 8 273
2 2 4 8 273
2 2 6 8 273
2 2 8 8 273
8 10 0 0 274
2 2 8 0 274
2 2 8 2 274
2 2 8 4 274
2 2 8 6 274
2 2 8 8 274
10 8 0 0 275
2 2 0 8 275
2 2 2 8 275
2 2 4 8 275
2 2 6 8 275
2 2 8 8 275
8 10 0 0 276
2 2 8 0 276
2 2 8 2 276
2 2 8 4 276
2 2 8 6 276
2 2 8 8 276
10 8 0 0 277
2 2 0 8 277
2 2 2 8 277
2 2 4 8 277
2 2 6 8 277
2 2 8 8 277
10 8 0 0 278
2 2 0 8 278
2 2 2 8 278
2 2 4 8 278
8 10 0 0 279
10 8 0 0 280
8 10 0 0 281
8 10 0 0 282
8 10 0 0 283
10 8 0 0 284
10 8 0 0 285
10 8 0 0 286
10 8 0 0 287
10 8 0 0 288
8 10 0 0 289
10 8 0 0 290
10 8 0 0 291
8 10 0 0 292
8 10 0 0 293
8 10 0 0 294
10 8 0 0 295
10 8 0 0 296
8 10 0 0 297
8 10 0 0 298
8 10 0 0 299
10 8 0 0 300
10 8 0 0 301
10 8 0 0 302
8 10 0 0 303
10 8 0 0 304
8 10 0 0 305
10 8 0 0 306
10 8 0 0 307
10 8 0 0 308
8 10 0 0 309
8 10 0 0 310
8 10 0 0 311
10 8 0 0 312
8 10 0 0 313
8 10 0 0 314
10 8 0 0 315
10 8 0 0 316
8 10 0 0 317
10 8 0 0 318
10 8 0 0 319
8 10 0 0 320
8 10 0 0 321
8 10 0 0 322
8 10 0 0 323
8 9 0 0 324
9 8 0 0 325
9 8 0 0 326
8 9 0 0 327
8 9 0 0 328
9 8 0 0 329
8 9 0 0 330
8 9 0 0 331
8 9 0 0 332
8 9 0 0 333
9 8 0 0 334
8 9 0 0 335
9 8 0 0 336
9 8 0 0 337
8 9 0 0 338
9 8 0 0 339
8 9 0 0 340
8 9 0 0 341
9 8 0 0 342
9 8 0 0 343
8 9 0 0 344
9 8 0 0 345
8 9 0 0 346
8 9 0 0 347
9 8 0 0 348
8 9 0 0 349
9 8 0 0 350
9 8 0 0 351
9 8 0 0 352
8 9 0 0 353
8 9 0 0 354
9 8 0 0 355
8 9 0 0 356
8 9 0 0 357
9 8 0 0 358
8 9 0 0 359
9 8 0 0 360
8 9 0 0 361
8 9 0 0 362
9 8 0 0 363
9 8 0 0 364
9 8 0 0 365
8 9 0 0 366
8 9 0 0 367
8 9 0 0 368
9 8 0 0 369
8 9 0 0 370
8 9 0 0 371
9 8 0 0 372
8 9 0 0 373
8 9 0 0 374
8 9 0 0 375
8 9 0 0 376
8 9 0 0 377
8 9 0 0 378
9 8 0 0 379
9 8 0 0 380
8 9 0 0 381
9 8 0 0 382
9 8 0 0 383
9 8 0 0 384
9 8 0 0 385
9 8 0 0 386
9 8 0 0 387
8 9 0 0 388
9 8 0 0 389
9 8 0 0 390
9 8 0 0 391
8 9 0 0 392
8 9 0 0 393
8 9 0 0 394
8 9 0 0 395
8 9 0 0 396
9 8 0 0 397
9 8 0 0 398
8 9 0 0 399
8 9 0 0 400
8 9 0 0 401
9 8 0 0 402
9 8 0 0 403
8 9 0 0 404
8 9 0 0 405
9 8 0 0 406
8 9 0 0 407
8 9 0 0 408
9 8 0 0 409
8 9 0 0 410
9 8 0 0 411
9 8 0 0 412
9 8 0 0 413
8 9 0 0 414
8 9 0 0 415
8 9 0 0 416
9 8 0 0 417
8 9 0 0 418
9 8 0 0 419
8 9 0 0 420
8 9 0 0 421
8 9 0 0 422
9 8 0 0 423
9 8 0 0 424
8 9 0 0 425
8 9 0 0 426
9 8 0 0 427
8 9 0 0 428
8 9 0 0 429
8 9 0 0 430
8 9 0 0 431
8 9 0 0 432
8 9 0 0 433
8 9 0 0 434
8 9 0 0 435
9 8 0 0 436
9 8 0 0 437
9 8 0 0 438
9 8 0 0 439
8 9 0 0 440
8 8 0 0 441
8 8 0 0 442
8 8 0 0 443
8 8 0 0 444
8 8 0 0 445
8 8 0 0 446
8 8 0 0 447
8 8 0 0 448
8 8 0 0 449
8 8 0 0 450
8 8 0 0 451
8 8 0 0 452
8 8 0 0 453
8 8 0 0 454
8 8 0 0 455
8 8 0 0 456
8 8 0 0 457
8 8 0 0 458
8 8 0 0 459
8 8 0 0 460
8 8 0 0 461
8 8 0 0 462
8 8 0 0 463
8 8 0 0 464
8 8 0 0 465
8 8 0 0 466
8 8 0 0 467
8 8 0 0 468
8 8 0 0 469
8 8 0 0 470
8 8 0 0 471
8 8 0 0 472
8 8 0 0 473
8 8 0 0 474
8 8 0 0 475
8 8 0 0 476
8 8 0 0 477
8 8 0 0 478
8 8 0 0 479
8 8 0 0 480
8 8 0 0 481
8 8 0 0 482
8 8 0 0 483
8 8 0 0 484
8 8 0 0 485
8 8 0 0 486
8 8 0 0 487
8 8 0 0 488
8 8 0 0 489
8 8 0 0 490
8 8 0 0 491
8 8 0 0 492
8 8 0 0 493
8 8 0 0 494
8 8 0 0 495
8 8 0 0 496
8 8 0 0 497
8 8 0 0 498
8 8 0 0 499
3 3 0 0 500
3 3 0 3 500
3 3 0 6 500
3 3 3 0 500
3 3 6 0 500
3 3 3 3 500
3 3 3 6 500
3 3 6 3 500
3 3 6 6 500
3 3 0 0 501
3 3 0 3 501
3 3 0 6 501
3 3 3 0 501
3 3 6 0 501
3 3 3 3 501
3 3 3 6 501
3 3 6 3 501
3 3 6 6 501
3 3 0 0 502
3 3 0 3 502
3 3 0 6 502
3 3 3 0 502
3 3 6 0 502
3 3 3 3 502
3 3 3 6 502
3 3 6 3 502
3 3 6 6 502
3 3 0 0 503
3 3 0 3 503
3 3 0 6 503
3 3 3 0 503
3 3 6 0 503
3 3 3 3 503
3 3 3 6 503
3 3 6 3 503
3 3 6 6 503
3 3 0 0 504
3 3 0 3 504
3 3 0 6 504
3 3 3 0 504
3 3 6 0 504
3 3 3 3 504
3 3 3 6 504
3 3 6 3 504
3 3 6 6 504
3 3 0 0 505
3 3 0 3 505
3 3 0 6 505
3 3 3 0 505
3 3 6 0 505
3 3 3 3 505
3 3 3 6 505
3 3 6 3 505
3 3 6 6 505
3 3 0 0 506
3 3 0 3 506
3 3 0 6 506
3 3 3 0 506
3 3 6 0 506
3 3 3 3 506
3 3 3 6 506
