% State of a bin packing problem:
%
% Bin number: 152
% Total uncovered points: 200
% Total covered points: 15000
% Number of boxes: 2000
% Unused boxes: 0
% Runtime: None
%
% Bin size:
10 10
%
% Boxes (width, height) not in some bins:
%
% Boxes (width, height, x_position, y_position, bin_id) in bins:
3 6 0 0 0
3 6 3 0 0
3 6 6 0 0
5 3 0 6 0
5 3 5 6 0
9 1 0 9 0
1 5 9 0 0
3 6 0 0 1
3 6 3 0 1
3 6 6 0 1
5 3 0 6 1
5 3 5 6 1
9 1 0 9 1
1 5 9 0 1
3 6 0 0 2
3 6 3 0 2
3 6 6 0 2
5 3 0 6 2
5 3 5 6 2
9 1 0 9 2
1 5 9 0 2
3 6 0 0 3
3 6 3 0 3
3 6 6 0 3
5 3 0 6 3
5 3 5 6 3
9 1 0 9 3
1 5 9 0 3
3 6 0 0 4
3 6 3 0 4
3 6 6 0 4
5 3 0 6 4
5 3 5 6 4
9 1 0 9 4
1 5 9 0 4
3 6 0 0 5
3 6 3 0 5
3 6 6 0 5
5 3 0 6 5
5 3 5 6 5
9 1 0 9 5
1 5 9 0 5
3 6 0 0 6
3 6 3 0 6
3 6 6 0 6
5 3 0 6 6
5 3 5 6 6
9 1 0 9 6
1 5 9 0 6
3 6 0 0 7
3 6 3 0 7
3 6 6 0 7
5 3 0 6 7
5 3 5 6 7
9 1 0 9 7
1 5 9 0 7
3 6 0 0 8
3 6 3 0 8
3 6 6 0 8
5 3 0 6 8
5 3 5 6 8
9 1 0 9 8
1 5 9 0 8
3 6 0 0 9
3 6 3 0 9
3 6 6 0 9
5 3 0 6 9
5 3 5 6 9
9 1 0 9 9
1 5 9 0 9
3 6 0 0 10
3 6 3 0 10
3 6 6 0 10
5 3 0 6 10
5 3 5 6 10
9 1 0 9 10
1 5 9 0 10
3 6 0 0 11
3 6 3 0 11
3 6 6 0 11
5 3 0 6 11
5 3 5 6 11
9 1 0 9 11
1 5 9 0 11
3 6 0 0 12
3 6 3 0 12
3 6 6 0 12
5 3 0 6 12
5 3 5 6 12
9 1 0 9 12
1 5 9 0 12
3 6 0 0 13
3 6 3 0 13
3 6 6 0 13
5 3 0 6 13
5 3 5 6 13
9 1 0 9 13
1 5 9 0 13
3 6 0 0 14
3 6 3 0 14
3 6 6 0 14
5 3 0 6 14
5 3 5 6 14
9 1 0 9 14
1 5 9 0 14
3 6 0 0 15
3 6 3 0 15
3 6 6 0 15
5 3 0 6 15
5 3 5 6 15
9 1 0 9 15
1 5 9 0 15
3 6 0 0 16
3 6 3 0 16
3 6 6 0 16
5 3 0 6 16
5 3 5 6 16
9 1 0 9 16
1 5 9 0 16
3 6 0 0 17
3 6 3 0 17
3 6 6 0 17
5 3 0 6 17
5 3 5 6 17
9 1 0 9 17
1 5 9 0 17
3 6 0 0 18
3 6 3 0 18
3 6 6 0 18
5 3 0 6 18
5 3 5 6 18
9 1 0 9 18
1 5 9 0 18
3 6 0 0 19
3 6 3 0 19
3 6 6 0 19
5 3 0 6 19
5 3 5 6 19
9 1 0 9 19
1 5 9 0 19
3 6 0 0 20
3 6 3 0 20
3 6 6 0 20
5 3 0 6 20
5 3 5 6 20
9 1 0 9 20
1 5 9 0 20
3 6 0 0 21
3 6 3 0 21
3 6 6 0 21
5 3 0 6 21
5 3 5 6 21
9 1 0 9 21
1 5 9 0 21
3 6 0 0 22
3 6 3 0 22
3 6 6 0 22
5 3 0 6 22
5 3 5 6 22
9 1 0 9 22
1 5 9 0 22
3 6 0 0 23
3 6 3 0 23
3 6 6 0 23
5 3 0 6 23
5 3 5 6 23
9 1 0 9 23
1 5 9 0 23
3 6 0 0 24
3 6 3 0 24
3 6 6 0 24
5 3 0 6 24
5 3 5 6 24
9 1 0 9 24
1 5 9 0 24
3 6 0 0 25
3 6 3 0 25
3 6 6 0 25
5 3 0 6 25
5 3 5 6 25
9 1 0 9 25
1 5 9 0 25
3 6 0 0 26
3 6 3 0 26
3 6 6 0 26
5 3 0 6 26
5 3 5 6 26
9 1 0 9 26
1 5 9 0 26
3 6 0 0 27
3 6 3 0 27
3 6 6 0 27
5 3 0 6 27
5 3 5 6 27
9 1 0 9 27
1 5 9 0 27
3 6 0 0 28
3 6 3 0 28
3 6 6 0 28
5 3 0 6 28
5 3 5 6 28
9 1 0 9 28
1 5 9 0 28
3 6 0 0 29
3 6 3 0 29
3 6 6 0 29
5 3 0 6 29
5 3 5 6 29
9 1 0 9 29
1 5 9 0 29
3 6 0 0 30
3 6 3 0 30
3 6 6 0 30
5 3 0 6 30
5 3 5 6 30
9 1 0 9 30
1 5 9 0 30
3 6 0 0 31
3 6 3 0 31
3 6 6 0 31
5 3 0 6 31
5 3 5 6 31
9 1 0 9 31
1 5 9 0 31
3 6 0 0 32
3 6 3 0 32
3 6 6 0 32
5 3 0 6 32
5 3 5 6 32
9 1 0 9 32
1 5 9 0 32
3 6 0 0 33
5 3 3 0 33
5 3 3 3 33
5 3 0 6 33
5 3 5 6 33
2 5 8 0 33
9 1 0 9 33
2 1 8 5 33
5 3 0 0 34
5 3 5 0 34
5 3 0 3 34
5 3 0 6 34
5 3 5 3 34
5 3 5 6 34
9 1 0 9 34
5 3 0 0 35
5 3 5 0 35
5 3 0 3 35
5 3 0 6 35
5 3 5 3 35
5 3 5 6 35
9 1 0 9 35
5 3 0 0 36
5 3 5 0 36
5 3 0 3 36
5 3 0 6 36
5 3 5 3 36
5 3 5 6 36
9 1 0 9 36
5 3 0 0 37
5 3 5 0 37
5 3 0 3 37
5 3 0 6 37
5 3 5 3 37
5 3 5 6 37
9 1 0 9 37
5 3 0 0 38
5 3 5 0 38
5 3 0 3 38
5 3 0 6 38
5 3 5 3 38
5 3 5 6 38
9 1 0 9 38
6 2 0 0 39
6 2 0 2 39
6 2 0 4 39
6 2 0 6 39
6 2 0 8 39
2 5 6 0 39
2 5 8 0 39
2 5 6 5 39
2 5 8 5 39
6 2 0 0 40
6 2 0 2 40
6 2 0 4 40
6 2 0 6 40
6 2 0 8 40
2 5 6 0 40
2 5 8 0 40
2 5 6 5 40
2 5 8 5 40
6 2 0 0 41
6 2 0 2 41
6 2 0 4 41
6 2 0 6 41
6 2 0 8 41
2 5 6 0 41
2 5 8 0 41
2 5 6 5 41
2 5 8 5 41
6 2 0 0 42
6 2 0 2 42
6 2 0 4 42
6 2 0 6 42
6 2 0 8 42
2 5 6 0 42
2 5 8 0 42
2 5 6 5 42
2 5 8 5 42
6 2 0 0 43
6 2 0 2 43
6 2 0 4 43
6 2 0 6 43
6 2 0 8 43
2 5 6 0 43
2 5 8 0 43
2 5 6 5 43
2 5 8 5 43
6 2 0 0 44
6 2 0 2 44
6 2 0 4 44
6 2 0 6 44
6 2 0 8 44
2 5 6 0 44
2 5 8 0 44
2 5 6 5 44
2 5 8 5 44
6 2 0 0 45
6 2 0 2 45
6 2 0 4 45
6 2 0 6 45
6 2 0 8 45
2 5 6 0 45
2 5 8 0 45
2 5 6 5 45
2 5 8 5 45
6 2 0 0 46
6 2 0 2 46
6 2 0 4 46
6 2 0 6 46
6 2 0 8 46
2 5 6 0 46
2 5 8 0 46
2 5 6 5 46
2 5 8 5 46
6 2 0 0 47
6 2 0 2 47
6 2 0 4 47
6 2 0 6 47
6 2 0 8 47
2 5 6 0 47
2 5 8 0 47
2 5 6 5 47
2 5 8 5 47
6 2 0 0 48
6 2 0 2 48
6 2 0 4 48
6 2 0 6 48
6 2 0 8 48
2 5 6 0 48
2 5 8 0 48
2 5 6 5 48
2 5 8 5 48
6 2 0 0 49
6 2 0 2 49
6 2 0 4 49
6 2 0 6 49
6 2 0 8 49
2 5 6 0 49
2 5 8 0 49
2 5 6 5 49
2 5 8 5 49
6 2 0 0 50
6 2 0 2 50
6 2 0 4 50
6 2 0 6 50
6 2 0 8 50
2 5 6 0 50
2 5 8 0 50
2 5 6 5 50
2 5 8 5 50
6 2 0 0 51
6 2 0 2 51
6 2 0 4 51
6 2 0 6 51
6 2 0 8 51
2 5 6 0 51
2 5 8 0 51
2 5 6 5 51
2 5 8 5 51
6 2 0 0 52
6 2 0 2 52
6 2 0 4 52
6 2 0 6 52
6 2 0 8 52
2 5 6 0 52
2 5 8 0 52
2 5 6 5 52
2 5 8 5 52
6 2 0 0 53
6 2 0 2 53
6 2 0 4 53
6 2 0 6 53
6 2 0 8 53
2 5 6 0 53
2 5 8 0 53
2 5 6 5 53
2 5 8 5 53
6 2 0 0 54
6 2 0 2 54
6 2 0 4 54
6 2 0 6 54
6 2 0 8 54
2 5 6 0 54
2 5 8 0 54
2 5 6 5 54
2 5 8 5 54
6 2 0 0 55
6 2 0 2 55
6 2 0 4 55
6 2 0 6 55
6 2 0 8 55
2 5 6 0 55
2 5 8 0 55
2 5 6 5 55
2 5 8 5 55
6 2 0 0 56
6 2 0 2 56
6 2 0 4 56
6 2 0 6 56
6 2 0 8 56
2 5 6 0 56
2 5 8 0 56
2 5 6 5 56
2 5 8 5 56
6 2 0 0 57
6 2 0 2 57
6 2 0 4 57
6 2 0 6 57
6 2 0 8 57
2 5 6 0 57
2 5 8 0 57
2 5 6 5 57
2 5 8 5 57
6 2 0 0 58
6 2 0 2 58
6 2 0 4 58
6 2 0 6 58
6 2 0 8 58
2 5 6 0 58
2 5 8 0 58
2 5 6 5 58
2 5 8 5 58
2 5 0 0 59
2 5 0 5 59
2 5 2 0 59
2 5 2 5 59
2 5 4 0 59
2 5 6 0 59
2 5 8 0 59
2 5 4 5 59
2 5 6 5 59
2 5 8 5 59
2 5 0 0 60
2 5 0 5 60
2 5 2 0 60
2 5 2 5 60
2 5 4 0 60
2 5 6 0 60
2 5 8 0 60
2 5 4 5 60
2 5 6 5 60
2 4 8 5 60
2 1 8 9 60
1 9 0 0 61
3 3 1 0 61
3 3 4 0 61
3 3 7 0 61
3 3 1 3 61
3 3 1 6 61
3 3 4 3 61
3 3 7 3 61
3 3 4 6 61
3 3 7 6 61
9 1 0 9 61
1 9 0 0 62
1 9 1 0 62
1 9 2 0 62
1 9 3 0 62
1 9 4 0 62
3 3 5 0 62
3 3 5 3 62
3 3 5 6 62
1 9 8 0 62
1 9 9 0 62
9 1 0 9 62
1 9 0 0 63
1 9 1 0 63
3 3 2 0 63
3 3 5 0 63
3 3 2 3 63
3 3 2 6 63
3 3 5 3 63
3 3 5 6 63
1 9 8 0 63
9 1 0 9 63
1 9 9 0 63
9 1 0 0 64
9 1 0 1 64
9 1 0 2 64
9 1 0 3 64
9 1 0 4 64
9 1 0 5 64
9 1 0 6 64
9 1 0 7 64
9 1 0 8 64
1 9 9 0 64
9 1 0 9 64
1 9 0 0 65
1 9 1 0 65
1 9 2 0 65
1 9 3 0 65
1 9 4 0 65
1 9 5 0 65
3 3 6 0 65
3 3 6 3 65
3 3 6 6 65
9 1 0 9 65
1 9 9 0 65
9 1 0 0 66
9 1 0 1 66
9 1 0 2 66
9 1 0 3 66
9 1 0 4 66
9 1 0 5 66
9 1 0 6 66
9 1 0 7 66
9 1 0 8 66
9 1 0 9 66
1 9 9 0 66
9 1 0 0 67
9 1 0 1 67
9 1 0 2 67
9 1 0 3 67
9 1 0 4 67
9 1 0 5 67
9 1 0 6 67
9 1 0 7 67
9 1 0 8 67
9 1 0 9 67
1 9 9 0 67
9 1 0 0 68
9 1 0 1 68
9 1 0 2 68
9 1 0 3 68
9 1 0 4 68
3 3 0 5 68
3 3 3 5 68
3 3 6 5 68
9 1 0 8 68
9 1 0 9 68
1 9 9 0 68
9 1 0 0 69
9 1 0 1 69
9 1 0 2 69
9 1 0 3 69
9 1 0 4 69
9 1 0 5 69
9 1 0 6 69
9 1 0 7 69
9 1 0 8 69
9 1 0 9 69
1 9 9 0 69
1 9 0 0 70
1 9 1 0 70
3 3 2 0 70
3 3 5 0 70
3 3 2 3 70
3 3 2 6 70
3 3 5 3 70
3 3 5 6 70
1 9 8 0 70
9 1 0 9 70
1 9 9 0 70
9 1 0 0 71
9 1 0 1 71
9 1 0 2 71
9 1 0 3 71
9 1 0 4 71
9 1 0 5 71
9 1 0 6 71
9 1 0 7 71
9 1 0 8 71
9 1 0 9 71
1 9 9 0 71
9 1 0 0 72
9 1 0 1 72
9 1 0 2 72
9 1 0 3 72
9 1 0 4 72
3 3 0 5 72
3 3 3 5 72
3 3 6 5 72
9 1 0 8 72
9 1 0 9 72
1 9 9 0 72
9 1 0 0 73
9 1 0 1 73
9 1 0 2 73
9 1 0 3 73
9 1 0 4 73
9 1 0 5 73
9 1 0 6 73
9 1 0 7 73
9 1 0 8 73
9 1 0 9 73
1 9 9 0 73
1 9 0 0 74
9 1 1 0 74
1 9 1 1 74
3 3 2 1 74
3 3 5 1 74
3 3 2 4 74
3 3 2 7 74
3 3 5 4 74
3 3 5 7 74
1 9 8 1 74
1 9 9 1 74
1 9 0 0 75
9 1 1 0 75
9 1 1 1 75
9 1 1 2 75
9 1 1 3 75
9 1 1 4 75
9 1 1 5 75
9 1 1 6 75
9 1 1 7 75
9 1 1 8 75
9 1 0 9 75
1 9 0 0 76
1 9 1 0 76
3 3 2 0 76
3 3 5 0 76
3 3 2 3 76
3 3 2 6 76
3 3 5 3 76
3 3 5 6 76
1 9 8 0 76
1 9 9 0 76
9 1 0 9 76
9 1 0 0 77
9 1 0 1 77
9 1 0 2 77
9 1 0 3 77
9 1 0 4 77
9 1 0 5 77
9 1 0 6 77
9 1 0 7 77
9 1 0 8 77
9 1 0 9 77
1 9 9 0 77
1 9 0 0 78
1 9 1 0 78
1 9 2 0 78
1 9 3 0 78
1 9 4 0 78
3 3 5 0 78
3 3 5 3 78
3 3 5 6 78
1 9 8 0 78
1 9 9 0 78
9 1 0 9 78
9 1 0 0 79
9 1 0 1 79
9 1 0 2 79
9 1 0 3 79
9 1 0 4 79
9 1 0 5 79
9 1 0 6 79
9 1 0 7 79
9 1 0 8 79
9 1 0 9 79
1 9 9 0 79
9 1 0 0 80
9 1 0 1 80
9 1 0 2 80
9 1 0 3 80
9 1 0 4 80
9 1 0 5 80
9 1 0 6 80
9 1 0 7 80
9 1 0 8 80
9 1 0 9 80
1 9 9 0 80
1 9 0 0 81
1 9 1 0 81
1 9 2 0 81
1 9 3 0 81
3 3 4 0 81
3 3 7 0 81
3 3 4 3 81
3 3 7 3 81
3 3 4 6 81
3 3 7 6 81
9 1 0 9 81
9 1 0 0 82
9 1 0 1 82
9 1 0 2 82
9 1 0 3 82
9 1 0 4 82
9 1 0 5 82
9 1 0 6 82
9 1 0 7 82
9 1 0 8 82
9 1 0 9 82
1 9 9 0 82
1 9 0 0 83
3 3 1 0 83
9 1 1 3 83
3 3 4 0 83
9 1 1 4 83
9 1 1 5 83
9 1 1 6 83
9 1 1 7 83
9 1 1 8 83
3 3 7 0 83
9 1 0 9 83
1 9 0 0 84
9 1 1 0 84
1 9 1 1 84
3 3 2 1 84
3 3 5 1 84
3 3 2 4 84
3 3 2 7 84
3 3 5 4 84
3 3 5 7 84
1 9 8 1 84
1 9 9 1 84
9 1 0 0 85
1 9 0 1 85
1 9 1 1 85
1 9 2 1 85
1 9 3 1 85
3 3 4 1 85
3 3 7 1 85
3 3 4 4 85
3 3 4 7 85
3 3 7 4 85
3 3 7 7 85
9 1 0 0 86
9 1 0 1 86
9 1 0 2 86
9 1 0 3 86
9 1 0 4 86
9 1 0 5 86
9 1 0 6 86
9 1 0 7 86
9 1 0 8 86
9 1 0 9 86
1 9 9 0 86
9 1 0 0 87
9 1 0 1 87
9 1 0 2 87
9 1 0 3 87
9 1 0 4 87
9 1 0 5 87
9 1 0 6 87
9 1 0 7 87
9 1 0 8 87
9 1 0 9 87
1 9 9 0 87
9 1 0 0 88
9 1 0 1 88
3 3 0 2 88
3 3 0 5 88
3 3 3 2 88
3 3 6 2 88
3 3 3 5 88
3 3 6 5 88
9 1 0 8 88
1 9 9 0 88
9 1 0 9 88
1 9 0 0 89
9 1 1 0 89
9 1 1 1 89
9 1 1 2 89
9 1 1 3 89
9 1 1 4 89
9 1 1 5 89
9 1 1 6 89
9 1 1 7 89
9 1 1 8 89
9 1 0 9 89
1 9 0 0 90
1 9 1 0 90
1 9 2 0 90
1 9 3 0 90
1 9 4 0 90
1 9 5 0 90
1 9 6 0 90
3 3 7 0 90
3 3 7 3 90
3 3 7 6 90
9 1 0 9 90
9 1 0 0 91
9 1 0 1 91
9 1 0 2 91
9 1 0 3 91
9 1 0 4 91
9 1 0 5 91
9 1 0 6 91
9 1 0 7 91
9 1 0 8 91
9 1 0 9 91
1 9 9 0 91
9 1 0 0 92
9 1 0 1 92
9 1 0 2 92
9 1 0 3 92
9 1 0 4 92
9 1 0 5 92
9 1 0 6 92
9 1 0 7 92
9 1 0 8 92
9 1 0 9 92
1 9 9 0 92
1 9 0 0 93
1 9 1 0 93
1 9 2 0 93
1 9 3 0 93
1 9 4 0 93
3 3 5 0 93
3 3 5 3 93
3 3 5 6 93
1 9 8 0 93
9 1 0 9 93
1 9 9 0 93
9 1 0 0 94
9 1 0 1 94
9 1 0 2 94
9 1 0 3 94
9 1 0 4 94
9 1 0 5 94
9 1 0 6 94
9 1 0 7 94
9 1 0 8 94
9 1 0 9 94
1 9 9 0 94
9 1 0 0 95
9 1 0 1 95
9 1 0 2 95
9 1 0 3 95
9 1 0 4 95
9 1 0 5 95
9 1 0 6 95
9 1 0 7 95
9 1 0 8 95
9 1 0 9 95
1 9 9 0 95
3 3 0 0 96
3 3 0 3 96
3 3 0 6 96
3 3 3 0 96
3 3 6 0 96
3 3 3 3 96
3 3 3 6 96
3 3 6 3 96
3 3 6 6 96
9 1 0 9 96
1 9 9 0 96
9 1 0 0 97
9 1 0 1 97
9 1 0 2 97
9 1 0 3 97
9 1 0 4 97
9 1 0 5 97
9 1 0 6 97
9 1 0 7 97
9 1 0 8 97
9 1 0 9 97
1 9 9 0 97
3 3 0 0 98
3 3 0 3 98
1 9 3 0 98
3 3 0 6 98
1 9 4 0 98
3 3 5 0 98
3 3 5 3 98
3 3 5 6 98
1 9 8 0 98
1 9 9 0 98
9 1 0 9 98
9 1 0 0 99
9 1 0 1 99
9 1 0 2 99
9 1 0 3 99
9 1 0 4 99
9 1 0 5 99
9 1 0 6 99
9 1 0 7 99
9 1 0 8 99
9 1 0 9 99
1 9 9 0 99
9 1 0 0 100
9 1 0 1 100
9 1 0 2 100
9 1 0 3 100
3 3 0 4 100
3 3 0 7 100
3 3 3 4 100
3 3 3 7 100
2 4 6 4 100
2 4 8 4 100
4 2 6 8 100
1 4 9 0 100
1 9 0 0 101
1 9 1 0 101
1 9 2 0 101
1 9 3 0 101
1 9 4 0 101
1 9 5 0 101
1 9 6 0 101
2 4 7 0 101
2 4 7 4 101
3 2 7 8 101
5 1 0 9 101
1 5 9 0 101
1 2 9 5 101
2 1 5 9 101
9 1 0 0 102
9 1 0 1 102
9 1 0 2 102
9 1 0 3 102
9 1 0 4 102
9 1 0 5 102
9 1 0 6 102
9 1 0 7 102
9 1 0 8 102
9 1 0 9 102
1 5 9 0 102
1 5 9 5 102
9 1 0 0 103
9 1 0 1 103
9 1 0 2 103
9 1 0 3 103
9 1 0 4 103
9 1 0 5 103
9 1 0 6 103
4 2 0 7 103
4 2 4 7 103
2 3 8 7 103
5 1 0 9 103
1 5 9 0 103
1 2 9 5 103
2 1 5 9 103
2 4 0 0 104
2 4 0 4 104
2 4 2 0 104
4 2 4 0 104
4 2 4 2 104
2 4 8 0 104
2 4 2 4 104
2 4 4 4 104
2 4 6 4 104
4 2 0 8 104
2 4 8 4 104
4 2 4 8 104
2 2 8 8 104
4 2 0 0 105
2 4 0 2 105
4 2 4 0 105
4 2 2 2 105
4 2 6 2 105
2 4 0 6 105
2 4 2 4 105
2 4 4 4 105
2 4 6 4 105
4 2 2 8 105
2 4 8 4 105
4 2 6 8 105
2 2 8 0 105
2 4 0 0 106
2 4 0 4 106
2 4 2 0 106
4 2 4 0 106
4 2 4 2 106
2 4 8 0 106
2 4 2 4 106
2 4 4 4 106
2 4 6 4 106
2 4 8 4 106
4 2 0 8 106
4 2 4 8 106
2 2 8 8 106
4 2 0 0 107
2 4 0 2 107
2 4 0 6 107
4 2 4 0 107
4 2 2 2 107
2 4 2 4 107
4 2 6 2 107
2 4 4 4 107
4 2 2 8 107
4 2 6 4 107
4 2 6 6 107
4 2 6 8 107
2 2 8 0 107
4 2 0 0 108
2 4 0 2 108
2 4 0 6 108
2 4 2 2 108
2 4 2 6 108
4 2 4 0 108
4 2 4 2 108
4 2 4 4 108
4 2 4 6 108
4 2 4 8 108
2 4 8 0 108
2 4 8 4 108
2 2 8 8 108
4 2 0 0 109
2 4 0 2 109
2 4 0 6 109
2 4 2 2 109
2 4 2 6 109
2 4 4 0 109
2 4 6 0 109
4 2 4 4 109
4 2 4 6 109
2 4 8 0 109
4 2 4 8 109
2 4 8 4 109
2 2 8 8 109
4 2 0 0 110
4 2 4 0 110
4 2 0 2 110
4 2 0 4 110
4 2 0 6 110
2 4 4 2 110
4 2 0 8 110
2 4 4 6 110
4 2 6 2 110
2 4 6 4 110
2 4 8 4 110
4 2 6 8 110
2 2 8 0 110
4 2 0 0 111
4 2 4 0 111
4 2 0 2 111
4 2 0 4 111
4 2 0 6 111
4 2 0 8 111
4 2 4 2 111
2 4 8 0 111
2 3 4 4 111
3 2 6 4 111
2 3 4 7 111
2 3 6 6 111
2 3 8 6 111
4 1 6 9 111
1 2 9 4 111
2 3 0 0 112
3 2 2 0 112
2 3 0 3 112
3 2 5 0 112
3 2 2 2 112
3 2 5 2 112
2 3 0 6 112
2 3 8 0 112
3 2 2 4 112
3 2 2 6 112
2 3 5 4 112
3 2 2 8 112
2 3 5 7 112
3 2 7 4 112
2 3 7 6 112
1 4 9 6 112
2 1 0 9 112
2 1 8 3 112
2 1 7 9 112
3 2 0 0 113
2 3 0 2 113
3 2 3 0 113
3 2 6 0 113
2 3 0 5 113
3 2 2 2 113
2 3 2 4 113
2 3 2 7 113
3 2 5 2 113
2 3 4 4 113
3 2 6 4 113
2 3 4 7 113
3 2 6 6 113
3 2 6 8 113
1 5 9 4 113
2 2 0 8 113
2 2 8 2 113
1 2 9 0 113
2 3 0 0 114
2 3 0 3 114
2 3 0 6 114
2 3 2 0 114
3 2 4 0 114
3 2 7 0 114
2 3 2 3 114
3 2 4 2 114
3 2 7 2 114
3 2 4 4 114
3 2 7 4 114
2 3 2 6 114
3 2 4 6 114
2 3 7 6 114
3 2 4 8 114
1 4 9 6 114
4 1 0 9 114
2 1 7 9 114
2 3 0 0 115
2 3 0 3 115
2 3 0 6 115
3 2 2 0 115
2 3 2 2 115
2 3 2 5 115
3 2 5 0 115
3 2 4 2 115
2 3 4 4 115
2 3 4 7 115
2 3 6 4 115
3 2 7 2 115
2 3 8 4 115
3 2 6 7 115
2 2 2 8 115
2 2 8 0 115
1 2 9 7 115
2 1 0 9 115
2 1 6 9 115
2 1 8 9 115
3 2 0 0 116
3 2 3 0 116
2 3 0 2 116
2 3 0 5 116
2 3 2 2 116
2 3 2 5 116
3 2 6 0 116
2 3 4 2 116
2 3 6 2 116
3 2 0 8 116
2 3 8 2 116
2 3 4 5 116
3 2 3 8 116
3 2 6 5 116
2 3 6 7 116
2 3 8 7 116
1 2 9 0 116
1 2 9 5 116
3 2 0 0 117
3 2 3 0 117
3 2 6 0 117
3 2 0 2 117
3 2 0 4 117
2 3 0 6 117
3 2 3 2 117
2 3 3 4 117
3 2 6 2 117
3 2 5 4 117
3 2 5 6 117
3 2 5 8 117
2 3 3 7 117
2 3 8 4 117
2 3 8 7 117
1 4 2 6 117
1 4 9 0 117
2 1 0 9 117
3 2 0 0 118
3 2 3 0 118
2 3 0 2 118
3 2 6 0 118
5 1 2 2 118
5 1 2 3 118
5 1 2 4 118
5 1 0 5 118
5 1 0 6 118
5 1 0 7 118
5 1 0 8 118
5 1 0 9 118
5 1 5 5 118
5 1 5 6 118
5 1 5 7 118
5 1 5 8 118
5 1 5 9 118
2 2 7 2 118
1 4 9 0 118
2 1 7 4 118
5 1 0 0 119
5 1 5 0 119
5 1 0 1 119
5 1 5 1 119
5 1 0 2 119
5 1 5 2 119
5 1 0 3 119
5 1 5 3 119
5 1 0 4 119
5 1 0 5 119
5 1 0 6 119
5 1 0 7 119
5 1 0 8 119
5 1 0 9 119
5 1 5 4 119
5 1 5 5 119
5 1 5 6 119
5 1 5 7 119
5 1 5 8 119
5 1 5 9 119
5 1 0 0 120
5 1 5 0 120
5 1 0 1 120
5 1 5 1 120
5 1 0 2 120
5 1 5 2 120
5 1 0 3 120
5 1 5 3 120
5 1 0 4 120
1 5 0 5 120
5 1 5 4 120
1 5 1 5 120
1 5 2 5 120
5 1 3 5 120
5 1 3 6 120
5 1 3 7 120
5 1 3 8 120
1 5 8 5 120
5 1 3 9 120
1 5 9 5 120
1 5 0 0 121
5 1 1 0 121
5 1 1 1 121
5 1 1 2 121
5 1 1 3 121
1 5 0 5 121
5 1 1 4 121
1 5 6 0 121
1 5 7 0 121
1 5 8 0 121
5 1 1 5 121
5 1 1 6 121
5 1 1 7 121
5 1 1 8 121
1 5 9 0 121
5 1 1 9 121
1 5 6 5 121
1 5 7 5 121
1 5 8 5 121
1 5 9 5 121
5 1 0 0 122
1 5 0 1 122
1 5 1 1 122
1 5 2 1 122
5 1 5 0 122
1 5 3 1 122
1 5 4 1 122
1 5 5 1 122
5 1 0 6 122
5 1 0 7 122
1 5 6 1 122
1 5 7 1 122
1 5 8 1 122
1 5 9 1 122
5 1 0 8 122
5 1 0 9 122
5 1 5 6 122
5 1 5 7 122
5 1 5 8 122
5 1 5 9 122
1 5 0 0 123
1 5 0 5 123
1 5 1 0 123
1 5 1 5 123
1 5 2 0 123
1 5 2 5 123
1 5 3 0 123
1 5 3 5 123
5 1 4 0 123
5 1 4 1 123
1 5 4 2 123
5 1 5 2 123
5 1 5 3 123
1 5 5 4 123
1 5 6 4 123
1 5 7 4 123
1 5 8 4 123
1 5 9 4 123
5 1 5 9 123
1 2 9 0 123
1 2 4 7 123
5 1 0 0 124
5 1 5 0 124
1 5 0 1 124
1 5 1 1 124
1 5 2 1 124
1 5 3 1 124
1 5 4 1 124
1 5 5 1 124
5 1 0 6 124
1 5 6 1 124
5 1 0 7 124
1 5 7 1 124
5 1 0 8 124
5 1 0 9 124
1 5 8 1 124
5 1 5 6 124
1 5 9 1 124
5 1 5 7 124
5 1 5 8 124
5 1 5 9 124
1 5 0 0 125
1 5 0 5 125
5 1 1 0 125
5 1 1 1 125
5 1 1 2 125
1 5 1 3 125
5 1 2 3 125
1 5 2 4 125
5 1 3 4 125
5 1 3 5 125
5 1 3 6 125
5 1 3 7 125
5 1 3 8 125
1 5 8 4 125
1 5 9 4 125
5 1 2 9 125
2 2 6 0 125
2 2 8 0 125
4 1 6 2 125
1 2 1 8 125
2 1 7 3 125
2 1 7 9 125
1 5 0 0 126
1 5 0 5 126
1 5 1 0 126
1 5 1 5 126
1 5 2 0 126
5 1 3 0 126
1 5 2 5 126
5 1 3 1 126
5 1 3 2 126
1 5 3 3 126
5 1 4 3 126
5 1 4 4 126
2 2 8 0 126
2 2 4 5 126
2 2 4 7 126
2 2 6 5 126
2 2 8 5 126
2 2 6 7 126
2 2 8 7 126
4 1 4 9 126
1 2 3 8 126
1 2 9 3 126
2 1 8 2 126
2 1 8 9 126
2 2 0 0 127
2 2 0 2 127
1 4 0 4 127
2 2 0 8 127
1 4 1 4 127
2 2 2 0 127
2 2 4 0 127
2 2 6 0 127
1 4 2 2 127
2 2 8 0 127
1 4 2 6 127
1 4 3 2 127
2 2 4 2 127
2 2 6 2 127
2 2 8 2 127
2 2 4 4 127
4 1 6 4 127
2 2 3 6 127
2 2 3 8 127
2 2 6 5 127
2 2 8 5 127
2 2 6 7 127
2 2 8 7 127
4 1 6 9 127
1 4 5 6 127
2 2 0 0 128
2 2 0 2 128
2 2 0 4 128
2 2 0 6 128
1 4 2 0 128
2 2 0 8 128
2 2 3 0 128
2 2 5 0 128
2 2 7 0 128
1 4 2 4 128
1 4 3 2 128
1 4 3 6 128
2 2 4 2 128
2 2 6 2 128
2 2 8 2 128
2 2 4 4 128
2 2 4 6 128
4 1 6 4 128
2 2 4 8 128
2 2 6 5 128
2 2 8 5 128
4 1 6 7 128
4 1 6 8 128
4 1 6 9 128
1 2 9 0 128
1 2 2 8 128
2 2 0 0 129
2 2 0 2 129
2 2 0 4 129
2 2 0 6 129
4 1 2 0 129
2 2 0 8 129
1 4 2 1 129
1 4 2 5 129
2 2 3 1 129
2 2 5 1 129
2 2 7 1 129
2 2 3 3 129
2 2 3 5 129
1 4 5 3 129
1 4 6 3 129
4 1 6 0 129
2 2 3 7 129
2 2 5 7 129
2 2 7 3 129
1 4 9 1 129
2 2 7 5 129
2 2 7 7 129
1 4 9 5 129
4 1 2 9 129
4 1 6 9 129
2 2 0 0 130
2 2 0 2 130
2 2 0 4 130
2 2 0 6 130
2 2 0 8 130
1 4 2 0 130
1 4 2 4 130
1 4 3 0 130
2 2 4 0 130
2 2 6 0 130
2 2 8 0 130
2 2 4 2 130
2 2 6 2 130
2 2 8 2 130
2 2 3 4 130
2 2 3 6 130
2 2 2 8 130
2 2 5 4 130
2 2 7 4 130
1 4 5 6 130
2 2 6 6 130
2 2 6 8 130
1 4 8 6 130
1 4 9 4 130
1 2 4 8 130
1 2 9 8 130
2 2 0 0 131
2 2 0 2 131
2 2 0 4 131
2 2 0 6 131
2 2 0 8 131
2 2 2 0 131
2 2 4 0 131
2 2 6 0 131
2 2 8 0 131
1 4 2 2 131
1 4 2 6 131
2 2 3 2 131
2 2 5 2 131
1 4 3 4 131
1 4 4 4 131
4 1 5 4 131
2 2 3 8 131
2 2 7 2 131
2 2 5 5 131
2 2 5 7 131
2 2 7 5 131
1 4 9 2 131
2 2 7 7 131
1 4 9 6 131
4 1 5 9 131
4 1 0 0 132
4 1 4 0 132
2 2 0 1 132
2 2 0 3 132
2 2 0 5 132
2 2 0 7 132
4 1 2 1 132
2 2 2 2 132
4 1 6 1 132
4 1 4 2 132
2 2 2 4 132
4 1 4 3 132
2 2 8 2 132
2 2 2 6 132
1 4 4 4 132
2 2 2 8 132
2 2 5 4 132
2 2 7 4 132
4 1 5 6 132
4 1 5 7 132
1 4 9 4 132
2 2 4 8 132
2 2 6 8 132
2 2 8 8 132
2 1 8 0 132
2 1 0 9 132
1 4 0 0 133
1 4 0 4 133
1 4 1 0 133
1 4 1 4 133
2 2 0 8 133
2 2 2 0 133
1 4 2 2 133
2 2 4 0 133
2 2 6 0 133
1 4 2 6 133
4 1 3 2 133
4 1 3 3 133
2 2 8 0 133
2 2 7 2 133
2 2 3 4 133
1 4 3 6 133
1 4 4 6 133
2 2 5 4 133
2 2 7 4 133
1 4 9 2 133
4 1 5 6 133
2 2 5 7 133
2 2 7 7 133
4 1 5 9 133
1 4 9 6 133
4 1 0 0 134
4 1 4 0 134
1 4 0 1 134
4 1 1 1 134
2 2 1 2 134
2 2 1 4 134
4 1 5 1 134
2 2 1 6 134
1 4 0 5 134
1 4 3 2 134
2 2 1 8 134
1 4 3 6 134
2 2 4 2 134
1 4 4 4 134
2 2 6 2 134
1 4 5 4 134
2 2 8 2 134
2 2 4 8 134
4 1 6 4 134
2 2 6 5 134
2 2 8 5 134
2 2 6 7 134
2 2 8 7 134
4 1 6 9 134
2 1 8 0 134
1 4 0 0 135
1 4 0 4 135
2 2 1 0 135
1 4 1 2 135
2 2 3 0 135
2 2 5 0 135
1 4 1 6 135
2 2 7 0 135
1 4 2 2 135
2 2 3 2 135
1 4 2 6 135
2 2 5 2 135
1 4 3 4 135
1 4 4 4 135
1 4 5 4 135
2 2 7 2 135
2 2 3 8 135
2 2 6 4 135
2 2 8 4 135
2 2 6 6 135
2 2 5 8 135
2 2 8 6 135
2 2 7 8 135
1 4 9 0 135
1 2 0 8 135
1 2 9 8 135
2 2 0 0 136
2 2 0 2 136
4 1 2 0 136
4 1 6 0 136
4 1 2 1 136
2 2 0 4 136
2 2 0 6 136
2 2 0 8 136
2 2 2 2 136
1 4 2 4 136
1 4 3 4 136
2 2 2 8 136
2 2 4 2 136
4 1 6 1 136
2 2 6 2 136
2 2 8 2 136
1 4 4 4 136
4 1 5 4 136
1 4 5 5 136
1 4 6 5 136
2 2 7 5 136
2 2 7 7 136
1 4 9 4 136
4 1 5 9 136
1 2 4 8 136
1 2 9 8 136
4 1 0 0 137
2 2 0 1 137
2 2 0 3 137
1 4 0 5 137
1 4 1 5 137
2 2 2 1 137
2 2 4 0 137
2 2 6 0 137
1 4 2 3 137
2 2 8 0 137
1 4 3 3 137
2 2 2 7 137
2 2 4 2 137
4 1 0 9 137
1 4 4 4 137
1 4 5 4 137
2 2 4 8 137
2 2 6 2 137
1 4 6 4 137
2 2 8 2 137
2 2 7 4 137
2 2 7 6 137
4 1 6 8 137
4 1 6 9 137
1 4 9 4 137
2 2 0 0 138
2 2 0 2 138
2 2 0 4 138
4 1 2 0 138
2 2 0 6 138
2 2 0 8 138
2 2 2 1 138
4 1 6 0 138
2 2 4 1 138
2 2 6 1 138
2 2 8 1 138
2 2 2 3 138
2 2 2 5 138
1 4 4 3 138
2 2 2 7 138
1 4 5 3 138
4 1 6 3 138
4 1 6 4 138
1 4 6 5 138
2 2 4 7 138
2 2 7 5 138
2 2 7 7 138
4 1 2 9 138
1 4 9 5 138
4 1 6 9 138
4 1 0 0 139
1 4 0 1 139
1 4 0 5 139
2 2 1 1 139
2 2 1 3 139
2 2 1 5 139
2 2 1 7 139
1 4 3 1 139
2 2 4 0 139
2 2 6 0 139
2 2 8 0 139
2 2 4 2 139
2 2 6 2 139
1 4 3 5 139
2 2 8 2 139
2 2 4 4 139
2 2 4 6 139
2 2 4 8 139
2 2 6 4 139
4 1 0 9 139
4 1 6 6 139
2 2 8 4 139
2 2 6 7 139
2 2 8 7 139
4 1 6 9 139
1 4 0 0 140
1 4 0 4 140
1 4 1 0 140
4 1 2 0 140
1 4 1 4 140
2 2 0 8 140
2 2 2 1 140
1 4 2 3 140
4 1 6 0 140
2 2 4 1 140
2 2 6 1 140
2 2 8 1 140
1 4 3 3 140
2 2 2 7 140
2 2 4 3 140
2 2 6 3 140
2 2 8 3 140
1 4 4 5 140
2 2 5 5 140
1 4 7 5 140
2 2 5 7 140
4 1 2 9 140
2 2 8 5 140
2 2 8 7 140
4 1 6 9 140
4 1 0 0 141
2 2 0 1 141
1 4 0 3 141
2 2 0 7 141
1 4 1 3 141
1 4 2 1 141
2 2 3 1 141
1 4 2 5 141
2 2 5 1 141
2 2 7 1 141
1 4 3 3 141
2 2 4 3 141
1 4 4 5 141
2 2 6 3 141
2 2 8 3 141
2 2 5 5 141
1 4 7 5 141
2 2 5 7 141
2 2 8 5 141
2 2 8 7 141
4 1 4 0 141
4 1 4 9 141
1 2 9 1 141
1 2 3 7 141
2 1 8 0 141
2 1 8 9 141
2 1 0 9 141
2 1 2 9 141
1 4 0 0 142
2 2 1 0 142
2 2 3 0 142
1 4 0 4 142
1 4 1 2 142
2 2 5 0 142
1 4 1 6 142
2 2 7 0 142
4 1 2 2 142
2 2 2 3 142
1 4 2 5 142
2 2 4 3 142
1 4 3 5 142
1 4 4 5 142
1 4 5 5 142
1 4 6 2 142
1 4 7 2 142
2 2 8 2 142
2 2 8 4 142
2 2 6 6 142
1 4 8 6 142
4 1 2 9 142
2 2 6 8 142
1 4 9 6 142
1 2 0 8 142
1 2 9 0 142
4 1 0 0 143
2 2 0 1 143
2 2 0 3 143
2 2 0 5 143
4 1 4 0 143
1 4 2 1 143
1 4 2 5 143
1 4 3 1 143
1 4 3 5 143
2 2 0 7 143
2 2 4 1 143
4 1 0 9 143
4 1 6 1 143
1 4 4 3 143
2 2 5 3 143
2 2 7 3 143
2 2 5 5 143
4 1 6 2 143
2 2 4 7 143
2 2 7 5 143
2 2 6 7 143
2 2 8 7 143
1 4 9 3 143
4 1 4 9 143
2 1 8 0 143
2 1 8 9 143
2 2 0 0 144
2 2 0 2 144
2 2 0 4 144
4 1 2 0 144
1 4 0 6 144
2 2 2 1 144
2 2 4 1 144
1 4 1 6 144
2 2 6 0 144
4 1 2 3 144
2 2 8 0 144
2 2 6 2 144
2 2 8 2 144
2 2 2 4 144
2 2 2 6 144
2 2 2 8 144
1 4 4 4 144
2 2 5 4 144
2 2 7 4 144
4 1 5 6 144
4 1 5 7 144
2 2 4 8 144
4 1 6 8 144
4 1 6 9 144
1 4 9 4 144
4 1 0 0 145
4 1 4 0 145
2 2 0 1 145
1 4 0 3 145
2 2 0 7 145
2 2 2 1 145
2 2 4 1 145
4 1 6 1 145
1 4 1 3 145
4 1 6 2 145
2 2 2 3 145
1 4 2 5 145
2 2 4 3 145
2 2 6 3 145
2 2 8 3 145
4 1 3 5 145
2 2 3 6 145
1 4 5 6 145
4 1 6 6 145
2 2 3 8 145
2 2 6 7 145
2 2 8 7 145
4 1 6 9 145
2 1 8 0 145
2 1 0 9 145
2 1 7 5 145
2 2 0 0 146
2 2 0 2 146
2 2 0 4 146
2 2 0 6 146
2 2 0 8 146
1 4 2 0 146
4 1 3 0 146
2 2 3 1 146
1 4 2 4 146
2 2 5 1 146
2 2 7 0 146
4 1 3 3 146
2 2 3 4 146
2 2 3 6 146
4 1 5 4 146
4 1 5 5 146
2 2 2 8 146
2 2 5 6 146
2 2 4 8 146
1 4 7 6 146
2 2 8 6 146
2 2 8 8 146
1 2 9 4 146
1 2 6 8 146
1 2 9 0 146
2 1 7 2 146
2 1 7 3 146
1 2 9 2 146
2 2 0 0 147
1 4 0 2 147
2 2 0 6 147
2 2 0 8 147
2 2 2 0 147
2 2 4 0 147
2 2 6 0 147
2 2 8 0 147
1 4 1 2 147
1 4 2 2 147
1 4 2 6 147
1 4 3 2 147
4 1 4 2 147
2 2 4 3 147
2 2 6 3 147
2 2 8 2 147
2 2 4 5 147
2 2 4 7 147
2 2 6 5 147
2 2 8 4 147
2 2 6 7 147
4 1 4 9 147
2 2 8 6 147
2 2 8 8 147
1 4 3 6 147
4 1 0 0 148
1 4 0 1 148
2 2 1 1 148
2 2 1 3 148
1 4 0 5 148
4 1 4 0 148
1 4 1 5 148
1 4 2 5 148
2 2 3 1 148
2 2 5 1 148
2 2 7 1 148
2 2 3 3 148
4 1 5 3 148
2 2 3 5 148
2 2 3 7 148
2 2 5 4 148
2 2 7 4 148
4 1 0 9 148
2 2 5 6 148
1 4 9 1 148
1 4 7 6 148
1 4 8 6 148
1 4 9 5 148
2 2 5 8 148
2 1 8 0 148
4 1 0 0 149
4 1 4 0 149
2 2 0 1 149
2 2 0 3 149
2 2 0 5 149
2 2 0 7 149
2 2 2 1 149
4 1 4 1 149
1 4 2 3 149
1 4 3 3 149
1 4 4 3 149
2 2 8 0 149
2 2 2 7 149
2 2 5 3 149
2 2 7 3 149
2 2 5 5 149
4 1 0 9 149
1 4 7 5 149
2 2 4 7 149
4 1 4 2 149
1 4 8 5 149
1 4 9 3 149
1 2 6 7 149
2 1 8 2 149
1 2 9 7 149
2 1 4 9 149
2 1 6 9 149
2 1 8 9 149
4 1 0 0 150
2 2 0 1 150
2 2 0 3 150
2 2 0 5 150
2 2 0 7 150
1 4 2 1 150
1 4 2 5 150
4 1 4 0 150
2 2 3 1 150
2 2 5 1 150
2 2 7 1 150
2 2 3 3 150
2 2 3 5 150
4 1 5 3 150
1 2 9 1 150
1 2 3 7 150
1 2 4 7 150
1 2 5 4 150
1 2 5 6 150
2 1 8 0 150
1 2 5 8 150
1 2 6 4 150
1 2 7 4 150
1 2 8 4 150
1 2 9 3 150
1 2 6 6 150
2 1 0 9 150
1 2 6 8 150
1 2 7 6 150
2 1 2 9 150
2 1 8 6 150
2 1 8 7 150
1 2 7 8 150
2 1 8 8 150
2 1 8 9 150
1 2 0 0 151
1 2 0 2 151
2 1 1 0 151
2 1 3 0 151
1 2 0 4 151
2 1 5 0 151
1 2 0 6 151
2 1 7 0 151
2 1 1 1 151
2 1 3 1 151
1 2 0 8 151
1 2 1 2 151
2 1 5 1 151
