% State of a bin packing problem:
%
% Bin number: 1511
% Total uncovered points: 940
% Total covered points: 150160
% Number of boxes: 5000
% Unused boxes: 0
% Runtime: None
%
% Bin size:
10 10
%
% Boxes (width, height) not in some bins:
%
% Boxes (width, height, x_position, y_position, bin_id) in bins:
10 10 0 0 0
10 10 0 0 1
10 10 0 0 2
10 10 0 0 3
10 10 0 0 4
10 10 0 0 5
10 10 0 0 6
10 10 0 0 7
10 10 0 0 8
10 10 0 0 9
10 10 0 0 10
10 10 0 0 11
10 10 0 0 12
10 10 0 0 13
10 10 0 0 14
10 10 0 0 15
10 10 0 0 16
10 10 0 0 17
10 10 0 0 18
10 10 0 0 19
10 10 0 0 20
10 10 0 0 21
10 10 0 0 22
10 10 0 0 23
10 10 0 0 24
10 10 0 0 25
10 10 0 0 26
10 10 0 0 27
10 10 0 0 28
10 10 0 0 29
10 10 0 0 30
10 10 0 0 31
10 10 0 0 32
10 10 0 0 33
10 10 0 0 34
10 10 0 0 35
10 10 0 0 36
10 10 0 0 37
10 10 0 0 38
10 10 0 0 39
10 10 0 0 40
10 10 0 0 41
10 10 0 0 42
10 10 0 0 43
10 10 0 0 44
10 10 0 0 45
10 10 0 0 46
10 10 0 0 47
10 9 0 0 48
10 1 0 9 48
10 9 0 0 49
10 1 0 9 49
10 9 0 0 50
10 1 0 9 50
9 10 0 0 51
1 10 9 0 51
10 9 0 0 52
10 1 0 9 52
9 10 0 0 53
1 10 9 0 53
9 10 0 0 54
1 10 9 0 54
10 9 0 0 55
10 1 0 9 55
9 10 0 0 56
1 10 9 0 56
9 10 0 0 57
1 10 9 0 57
9 10 0 0 58
1 10 9 0 58
10 9 0 0 59
10 1 0 9 59
10 9 0 0 60
10 1 0 9 60
9 10 0 0 61
1 10 9 0 61
9 10 0 0 62
1 10 9 0 62
9 10 0 0 63
1 10 9 0 63
9 10 0 0 64
1 10 9 0 64
9 10 0 0 65
1 10 9 0 65
9 10 0 0 66
1 10 9 0 66
10 9 0 0 67
10 1 0 9 67
9 10 0 0 68
1 10 9 0 68
9 10 0 0 69
1 10 9 0 69
9 10 0 0 70
1 10 9 0 70
10 9 0 0 71
10 1 0 9 71
10 9 0 0 72
10 1 0 9 72
10 9 0 0 73
10 1 0 9 73
10 9 0 0 74
10 1 0 9 74
9 10 0 0 75
1 10 9 0 75
10 9 0 0 76
10 1 0 9 76
9 10 0 0 77
1 10 9 0 77
9 10 0 0 78
1 10 9 0 78
10 9 0 0 79
10 1 0 9 79
10 9 0 0 80
10 1 0 9 80
10 9 0 0 81
10 1 0 9 81
10 9 0 0 82
10 1 0 9 82
9 10 0 0 83
1 10 9 0 83
9 10 0 0 84
1 10 9 0 84
9 10 0 0 85
1 10 9 0 85
9 10 0 0 86
1 10 9 0 86
10 9 0 0 87
10 1 0 9 87
10 9 0 0 88
10 1 0 9 88
9 10 0 0 89
1 10 9 0 89
10 9 0 0 90
10 1 0 9 90
9 10 0 0 91
1 10 9 0 91
10 9 0 0 92
10 1 0 9 92
9 10 0 0 93
1 10 9 0 93
9 10 0 0 94
1 10 9 0 94
9 10 0 0 95
1 10 9 0 95
10 9 0 0 96
10 1 0 9 96
9 10 0 0 97
1 10 9 0 97
9 10 0 0 98
1 10 9 0 98
10 9 0 0 99
10 1 0 9 99
9 10 0 0 100
1 10 9 0 100
9 10 0 0 101
1 10 9 0 101
10 9 0 0 102
10 1 0 9 102
9 10 0 0 103
1 10 9 0 103
9 10 0 0 104
1 10 9 0 104
9 10 0 0 105
1 10 9 0 105
9 10 0 0 106
1 10 9 0 106
9 10 0 0 107
1 10 9 0 107
10 9 0 0 108
10 1 0 9 108
10 9 0 0 109
10 1 0 9 109
10 9 0 0 110
10 1 0 9 110
10 9 0 0 111
10 1 0 9 111
10 9 0 0 112
10 1 0 9 112
10 9 0 0 113
10 1 0 9 113
10 9 0 0 114
10 1 0 9 114
10 9 0 0 115
10 1 0 9 115
9 10 0 0 116
1 10 9 0 116
10 9 0 0 117
10 1 0 9 117
9 10 0 0 118
1 10 9 0 118
9 10 0 0 119
1 10 9 0 119
9 10 0 0 120
1 10 9 0 120
9 10 0 0 121
1 10 9 0 121
10 9 0 0 122
10 1 0 9 122
10 9 0 0 123
10 1 0 9 123
10 9 0 0 124
10 1 0 9 124
9 10 0 0 125
1 10 9 0 125
10 9 0 0 126
10 1 0 9 126
9 10 0 0 127
1 10 9 0 127
9 10 0 0 128
1 10 9 0 128
10 9 0 0 129
10 1 0 9 129
9 10 0 0 130
1 10 9 0 130
9 10 0 0 131
1 10 9 0 131
10 9 0 0 132
10 1 0 9 132
10 9 0 0 133
10 1 0 9 133
9 10 0 0 134
1 10 9 0 134
10 9 0 0 135
10 1 0 9 135
10 9 0 0 136
10 1 0 9 136
9 10 0 0 137
1 10 9 0 137
10 9 0 0 138
10 1 0 9 138
9 10 0 0 139
1 10 9 0 139
10 9 0 0 140
10 1 0 9 140
9 10 0 0 141
1 10 9 0 141
10 9 0 0 142
10 1 0 9 142
9 10 0 0 143
1 10 9 0 143
9 10 0 0 144
1 10 9 0 144
9 10 0 0 145
1 10 9 0 145
10 9 0 0 146
10 1 0 9 146
9 9 0 0 147
9 1 0 9 147
1 9 9 0 147
1 1 9 9 147
9 9 0 0 148
9 1 0 9 148
1 9 9 0 148
1 1 9 9 148
9 9 0 0 149
1 9 9 0 149
9 1 0 9 149
1 1 9 9 149
9 9 0 0 150
1 9 9 0 150
9 1 0 9 150
1 1 9 9 150
9 9 0 0 151
1 9 9 0 151
9 1 0 9 151
1 1 9 9 151
9 9 0 0 152
1 9 9 0 152
9 1 0 9 152
1 1 9 9 152
9 9 0 0 153
9 1 0 9 153
1 9 9 0 153
1 1 9 9 153
9 9 0 0 154
9 1 0 9 154
1 9 9 0 154
1 1 9 9 154
9 9 0 0 155
9 1 0 9 155
1 9 9 0 155
1 1 9 9 155
9 9 0 0 156
1 9 9 0 156
9 1 0 9 156
1 1 9 9 156
9 9 0 0 157
1 9 9 0 157
9 1 0 9 157
1 1 9 9 157
9 9 0 0 158
1 9 9 0 158
9 1 0 9 158
1 1 9 9 158
9 9 0 0 159
1 9 9 0 159
9 1 0 9 159
1 1 9 9 159
9 9 0 0 160
1 9 9 0 160
9 1 0 9 160
1 1 9 9 160
9 9 0 0 161
1 9 9 0 161
9 1 0 9 161
1 1 9 9 161
9 9 0 0 162
9 1 0 9 162
1 9 9 0 162
1 1 9 9 162
9 9 0 0 163
9 1 0 9 163
1 9 9 0 163
1 1 9 9 163
9 9 0 0 164
9 1 0 9 164
1 9 9 0 164
1 1 9 9 164
9 9 0 0 165
9 1 0 9 165
1 9 9 0 165
1 1 9 9 165
9 9 0 0 166
9 1 0 9 166
1 9 9 0 166
1 1 9 9 166
9 9 0 0 167
9 1 0 9 167
1 9 9 0 167
1 1 9 9 167
9 9 0 0 168
9 1 0 9 168
1 9 9 0 168
1 1 9 9 168
9 9 0 0 169
9 1 0 9 169
1 9 9 0 169
1 1 9 9 169
9 9 0 0 170
9 1 0 9 170
1 9 9 0 170
1 1 9 9 170
9 9 0 0 171
9 1 0 9 171
1 9 9 0 171
1 1 9 9 171
9 9 0 0 172
9 1 0 9 172
1 9 9 0 172
1 1 9 9 172
9 9 0 0 173
9 1 0 9 173
1 9 9 0 173
1 1 9 9 173
9 9 0 0 174
9 1 0 9 174
1 9 9 0 174
1 1 9 9 174
9 9 0 0 175
9 1 0 9 175
1 9 9 0 175
1 1 9 9 175
9 9 0 0 176
9 1 0 9 176
1 9 9 0 176
1 1 9 9 176
9 9 0 0 177
9 1 0 9 177
1 9 9 0 177
1 1 9 9 177
9 9 0 0 178
9 1 0 9 178
1 9 9 0 178
1 1 9 9 178
9 9 0 0 179
9 1 0 9 179
1 9 9 0 179
1 1 9 9 179
9 9 0 0 180
9 1 0 9 180
1 9 9 0 180
1 1 9 9 180
9 9 0 0 181
9 1 0 9 181
1 9 9 0 181
1 1 9 9 181
9 9 0 0 182
9 1 0 9 182
1 9 9 0 182
1 1 9 9 182
9 9 0 0 183
9 1 0 9 183
1 9 9 0 183
1 1 9 9 183
9 9 0 0 184
9 1 0 9 184
1 9 9 0 184
1 1 9 9 184
9 9 0 0 185
9 1 0 9 185
1 9 9 0 185
1 1 9 9 185
9 9 0 0 186
9 1 0 9 186
1 9 9 0 186
1 1 9 9 186
9 9 0 0 187
9 1 0 9 187
1 9 9 0 187
1 1 9 9 187
9 9 0 0 188
9 1 0 9 188
1 9 9 0 188
1 1 9 9 188
9 9 0 0 189
9 1 0 9 189
1 9 9 0 189
1 1 9 9 189
9 9 0 0 190
9 1 0 9 190
1 9 9 0 190
1 1 9 9 190
9 9 0 0 191
9 1 0 9 191
1 9 9 0 191
9 9 0 0 192
9 1 0 9 192
1 9 9 0 192
8 10 0 0 193
2 10 8 0 193
10 8 0 0 194
10 2 0 8 194
10 8 0 0 195
10 2 0 8 195
8 10 0 0 196
2 10 8 0 196
10 8 0 0 197
10 2 0 8 197
8 10 0 0 198
2 10 8 0 198
8 10 0 0 199
2 10 8 0 199
8 10 0 0 200
2 10 8 0 200
10 8 0 0 201
10 2 0 8 201
10 8 0 0 202
10 2 0 8 202
10 8 0 0 203
10 2 0 8 203
8 10 0 0 204
2 10 8 0 204
10 8 0 0 205
10 2 0 8 205
10 8 0 0 206
10 2 0 8 206
8 10 0 0 207
2 10 8 0 207
8 10 0 0 208
2 10 8 0 208
8 10 0 0 209
2 10 8 0 209
8 10 0 0 210
2 10 8 0 210
8 10 0 0 211
2 10 8 0 211
10 8 0 0 212
10 2 0 8 212
10 8 0 0 213
10 2 0 8 213
10 8 0 0 214
10 2 0 8 214
8 10 0 0 215
2 10 8 0 215
8 10 0 0 216
2 10 8 0 216
8 10 0 0 217
2 10 8 0 217
8 10 0 0 218
2 10 8 0 218
10 8 0 0 219
10 2 0 8 219
10 8 0 0 220
10 2 0 8 220
8 10 0 0 221
2 10 8 0 221
10 8 0 0 222
10 2 0 8 222
8 10 0 0 223
2 10 8 0 223
8 10 0 0 224
2 10 8 0 224
10 8 0 0 225
10 2 0 8 225
10 8 0 0 226
10 2 0 8 226
10 8 0 0 227
10 2 0 8 227
8 10 0 0 228
2 10 8 0 228
10 8 0 0 229
10 2 0 8 229
8 10 0 0 230
2 10 8 0 230
8 10 0 0 231
2 10 8 0 231
10 8 0 0 232
10 2 0 8 232
8 10 0 0 233
2 10 8 0 233
8 10 0 0 234
2 10 8 0 234
10 8 0 0 235
10 2 0 8 235
8 10 0 0 236
2 10 8 0 236
10 8 0 0 237
10 2 0 8 237
8 10 0 0 238
2 10 8 0 238
8 10 0 0 239
2 10 8 0 239
8 10 0 0 240
2 10 8 0 240
10 8 0 0 241
10 2 0 8 241
8 10 0 0 242
2 10 8 0 242
8 10 0 0 243
2 10 8 0 243
10 8 0 0 244
10 2 0 8 244
10 8 0 0 245
10 2 0 8 245
8 10 0 0 246
2 10 8 0 246
10 8 0 0 247
10 2 0 8 247
10 8 0 0 248
10 2 0 8 248
8 10 0 0 249
2 10 8 0 249
8 10 0 0 250
2 10 8 0 250
10 8 0 0 251
10 2 0 8 251
10 8 0 0 252
10 2 0 8 252
10 8 0 0 253
10 2 0 8 253
8 10 0 0 254
2 10 8 0 254
10 8 0 0 255
10 2 0 8 255
8 10 0 0 256
2 10 8 0 256
8 10 0 0 257
2 10 8 0 257
10 8 0 0 258
10 2 0 8 258
8 10 0 0 259
2 10 8 0 259
10 8 0 0 260
10 2 0 8 260
8 10 0 0 261
2 10 8 0 261
10 8 0 0 262
10 2 0 8 262
8 10 0 0 263
2 10 8 0 263
8 10 0 0 264
2 10 8 0 264
8 10 0 0 265
2 10 8 0 265
10 8 0 0 266
10 2 0 8 266
8 10 0 0 267
2 10 8 0 267
10 8 0 0 268
10 2 0 8 268
8 10 0 0 269
2 10 8 0 269
10 8 0 0 270
10 2 0 8 270
8 10 0 0 271
2 10 8 0 271
8 10 0 0 272
2 10 8 0 272
10 8 0 0 273
10 2 0 8 273
10 8 0 0 274
10 2 0 8 274
8 10 0 0 275
2 10 8 0 275
10 8 0 0 276
10 2 0 8 276
8 10 0 0 277
2 10 8 0 277
8 10 0 0 278
2 10 8 0 278
10 8 0 0 279
10 2 0 8 279
10 8 0 0 280
10 2 0 8 280
8 10 0 0 281
2 10 8 0 281
8 10 0 0 282
2 10 8 0 282
10 8 0 0 283
10 2 0 8 283
10 8 0 0 284
10 2 0 8 284
10 8 0 0 285
10 2 0 8 285
8 10 0 0 286
2 10 8 0 286
10 8 0 0 287
10 2 0 8 287
8 10 0 0 288
2 9 8 0 288
2 1 8 9 288
10 8 0 0 289
10 2 0 8 289
8 9 0 0 290
2 9 8 0 290
9 1 0 9 290
8 9 0 0 291
2 9 8 0 291
9 1 0 9 291
9 8 0 0 292
10 2 0 8 292
1 8 9 0 292
8 9 0 0 293
2 9 8 0 293
9 1 0 9 293
8 9 0 0 294
2 9 8 0 294
9 1 0 9 294
9 8 0 0 295
10 2 0 8 295
1 8 9 0 295
8 9 0 0 296
2 9 8 0 296
9 1 0 9 296
9 8 0 0 297
10 2 0 8 297
1 8 9 0 297
9 8 0 0 298
10 2 0 8 298
1 8 9 0 298
8 9 0 0 299
2 9 8 0 299
9 1 0 9 299
8 9 0 0 300
2 9 8 0 300
9 1 0 9 300
9 8 0 0 301
10 2 0 8 301
1 8 9 0 301
8 9 0 0 302
2 9 8 0 302
9 1 0 9 302
8 9 0 0 303
2 9 8 0 303
9 1 0 9 303
9 8 0 0 304
10 2 0 8 304
1 8 9 0 304
8 9 0 0 305
2 9 8 0 305
9 1 0 9 305
9 8 0 0 306
10 2 0 8 306
1 8 9 0 306
9 8 0 0 307
10 2 0 8 307
1 8 9 0 307
8 9 0 0 308
2 9 8 0 308
9 1 0 9 308
8 9 0 0 309
2 9 8 0 309
9 1 0 9 309
8 9 0 0 310
2 9 8 0 310
9 1 0 9 310
9 8 0 0 311
10 2 0 8 311
1 8 9 0 311
8 9 0 0 312
2 9 8 0 312
9 1 0 9 312
8 9 0 0 313
2 9 8 0 313
9 1 0 9 313
9 8 0 0 314
10 2 0 8 314
1 8 9 0 314
9 8 0 0 315
10 2 0 8 315
1 8 9 0 315
9 8 0 0 316
10 2 0 8 316
1 8 9 0 316
9 8 0 0 317
10 2 0 8 317
1 8 9 0 317
9 8 0 0 318
10 2 0 8 318
1 8 9 0 318
8 9 0 0 319
2 9 8 0 319
9 1 0 9 319
8 9 0 0 320
2 9 8 0 320
9 1 0 9 320
9 8 0 0 321
10 2 0 8 321
1 8 9 0 321
8 9 0 0 322
2 9 8 0 322
9 1 0 9 322
8 9 0 0 323
2 9 8 0 323
9 1 0 9 323
9 8 0 0 324
10 2 0 8 324
1 8 9 0 324
9 8 0 0 325
10 2 0 8 325
1 8 9 0 325
8 9 0 0 326
2 9 8 0 326
8 1 0 9 326
2 1 8 9 326
9 8 0 0 327
10 2 0 8 327
1 8 9 0 327
8 9 0 0 328
2 9 8 0 328
8 1 0 9 328
2 1 8 9 328
8 9 0 0 329
2 9 8 0 329
8 1 0 9 329
2 1 8 9 329
8 9 0 0 330
2 9 8 0 330
8 1 0 9 330
2 1 8 9 330
8 9 0 0 331
2 9 8 0 331
8 1 0 9 331
2 1 8 9 331
9 8 0 0 332
9 2 0 8 332
1 9 9 0 332
8 9 0 0 333
2 9 8 0 333
8 1 0 9 333
2 1 8 9 333
9 8 0 0 334
9 2 0 8 334
1 9 9 0 334
9 8 0 0 335
9 2 0 8 335
1 9 9 0 335
8 9 0 0 336
2 9 8 0 336
8 1 0 9 336
2 1 8 9 336
9 8 0 0 337
9 2 0 8 337
1 9 9 0 337
8 9 0 0 338
2 9 8 0 338
8 1 0 9 338
2 1 8 9 338
8 9 0 0 339
2 9 8 0 339
8 1 0 9 339
2 1 8 9 339
9 8 0 0 340
9 2 0 8 340
1 9 9 0 340
9 8 0 0 341
9 2 0 8 341
1 8 9 0 341
1 2 9 8 341
8 9 0 0 342
2 9 8 0 342
8 1 0 9 342
2 1 8 9 342
9 8 0 0 343
9 2 0 8 343
1 8 9 0 343
1 2 9 8 343
9 8 0 0 344
9 2 0 8 344
1 8 9 0 344
1 2 9 8 344
9 8 0 0 345
9 2 0 8 345
1 8 9 0 345
1 2 9 8 345
8 9 0 0 346
2 9 8 0 346
8 1 0 9 346
2 1 8 9 346
9 8 0 0 347
9 2 0 8 347
1 8 9 0 347
1 2 9 8 347
8 9 0 0 348
2 9 8 0 348
8 1 0 9 348
2 1 8 9 348
9 8 0 0 349
9 2 0 8 349
1 8 9 0 349
1 2 9 8 349
8 9 0 0 350
2 9 8 0 350
8 1 0 9 350
2 1 8 9 350
9 8 0 0 351
9 2 0 8 351
1 8 9 0 351
1 2 9 8 351
8 9 0 0 352
2 9 8 0 352
8 1 0 9 352
2 1 8 9 352
9 8 0 0 353
9 2 0 8 353
1 8 9 0 353
1 2 9 8 353
9 8 0 0 354
9 2 0 8 354
1 8 9 0 354
1 2 9 8 354
9 8 0 0 355
9 2 0 8 355
1 8 9 0 355
1 2 9 8 355
9 8 0 0 356
9 2 0 8 356
1 8 9 0 356
1 2 9 8 356
9 8 0 0 357
9 2 0 8 357
1 8 9 0 357
1 2 9 8 357
8 9 0 0 358
2 9 8 0 358
8 1 0 9 358
2 1 8 9 358
9 8 0 0 359
9 2 0 8 359
1 8 9 0 359
1 2 9 8 359
9 8 0 0 360
9 2 0 8 360
1 8 9 0 360
1 2 9 8 360
8 9 0 0 361
2 9 8 0 361
8 1 0 9 361
2 1 8 9 361
8 9 0 0 362
2 9 8 0 362
8 1 0 9 362
2 1 8 9 362
8 9 0 0 363
2 9 8 0 363
8 1 0 9 363
2 1 8 9 363
8 9 0 0 364
2 9 8 0 364
8 1 0 9 364
2 1 8 9 364
8 9 0 0 365
2 9 8 0 365
8 1 0 9 365
2 1 8 9 365
8 9 0 0 366
2 9 8 0 366
8 1 0 9 366
2 1 8 9 366
9 8 0 0 367
9 2 0 8 367
1 8 9 0 367
1 2 9 8 367
9 8 0 0 368
9 2 0 8 368
1 8 9 0 368
1 2 9 8 368
9 8 0 0 369
9 2 0 8 369
1 8 9 0 369
1 2 9 8 369
8 9 0 0 370
2 8 8 0 370
8 1 0 9 370
2 2 8 8 370
9 8 0 0 371
9 2 0 8 371
1 8 9 0 371
1 2 9 8 371
9 8 0 0 372
9 2 0 8 372
1 8 9 0 372
1 2 9 8 372
9 8 0 0 373
9 2 0 8 373
1 8 9 0 373
1 2 9 8 373
9 8 0 0 374
9 2 0 8 374
1 8 9 0 374
1 2 9 8 374
9 8 0 0 375
9 2 0 8 375
1 8 9 0 375
1 2 9 8 375
9 8 0 0 376
9 2 0 8 376
1 8 9 0 376
1 2 9 8 376
8 9 0 0 377
2 8 8 0 377
8 1 0 9 377
2 2 8 8 377
9 8 0 0 378
9 2 0 8 378
1 8 9 0 378
1 2 9 8 378
9 8 0 0 379
9 2 0 8 379
1 8 9 0 379
1 2 9 8 379
9 8 0 0 380
9 2 0 8 380
1 8 9 0 380
1 2 9 8 380
9 8 0 0 381
9 2 0 8 381
1 8 9 0 381
1 2 9 8 381
8 9 0 0 382
2 8 8 0 382
8 1 0 9 382
2 2 8 8 382
8 9 0 0 383
2 8 8 0 383
8 1 0 9 383
2 2 8 8 383
8 9 0 0 384
2 8 8 0 384
8 1 0 9 384
2 2 8 8 384
8 9 0 0 385
2 8 8 0 385
8 1 0 9 385
2 2 8 8 385
8 9 0 0 386
2 8 8 0 386
8 1 0 9 386
2 2 8 8 386
8 9 0 0 387
2 8 8 0 387
8 1 0 9 387
2 2 8 8 387
8 9 0 0 388
2 8 8 0 388
8 1 0 9 388
2 2 8 8 388
9 8 0 0 389
9 2 0 8 389
1 8 9 0 389
1 2 9 8 389
9 8 0 0 390
9 2 0 8 390
1 8 9 0 390
1 2 9 8 390
9 8 0 0 391
9 2 0 8 391
1 8 9 0 391
1 2 9 8 391
9 8 0 0 392
9 2 0 8 392
1 8 9 0 392
1 2 9 8 392
10 7 0 0 393
10 3 0 7 393
10 7 0 0 394
10 3 0 7 394
10 7 0 0 395
10 3 0 7 395
7 10 0 0 396
3 10 7 0 396
7 10 0 0 397
3 10 7 0 397
10 7 0 0 398
10 3 0 7 398
7 10 0 0 399
3 10 7 0 399
7 10 0 0 400
3 10 7 0 400
7 10 0 0 401
3 10 7 0 401
7 10 0 0 402
3 10 7 0 402
7 10 0 0 403
3 10 7 0 403
10 7 0 0 404
10 3 0 7 404
7 10 0 0 405
3 10 7 0 405
10 7 0 0 406
10 3 0 7 406
10 7 0 0 407
10 3 0 7 407
7 10 0 0 408
3 10 7 0 408
10 7 0 0 409
10 3 0 7 409
10 7 0 0 410
10 3 0 7 410
7 10 0 0 411
3 10 7 0 411
10 7 0 0 412
10 3 0 7 412
7 10 0 0 413
3 10 7 0 413
10 7 0 0 414
10 3 0 7 414
10 7 0 0 415
10 3 0 7 415
10 7 0 0 416
10 3 0 7 416
7 10 0 0 417
3 10 7 0 417
10 7 0 0 418
10 3 0 7 418
10 7 0 0 419
10 3 0 7 419
7 10 0 0 420
3 10 7 0 420
7 10 0 0 421
3 10 7 0 421
10 7 0 0 422
10 3 0 7 422
7 10 0 0 423
3 10 7 0 423
7 10 0 0 424
3 10 7 0 424
10 7 0 0 425
10 3 0 7 425
7 10 0 0 426
3 10 7 0 426
7 10 0 0 427
3 10 7 0 427
10 7 0 0 428
10 3 0 7 428
10 7 0 0 429
10 3 0 7 429
7 10 0 0 430
3 10 7 0 430
7 10 0 0 431
3 10 7 0 431
10 7 0 0 432
10 3 0 7 432
7 10 0 0 433
3 10 7 0 433
10 7 0 0 434
10 3 0 7 434
7 10 0 0 435
3 10 7 0 435
7 10 0 0 436
3 10 7 0 436
7 10 0 0 437
3 10 7 0 437
10 7 0 0 438
10 3 0 7 438
10 7 0 0 439
10 3 0 7 439
7 10 0 0 440
3 10 7 0 440
10 7 0 0 441
10 3 0 7 441
7 10 0 0 442
3 10 7 0 442
7 10 0 0 443
3 10 7 0 443
10 7 0 0 444
10 3 0 7 444
7 10 0 0 445
3 10 7 0 445
10 7 0 0 446
10 3 0 7 446
7 10 0 0 447
3 10 7 0 447
10 7 0 0 448
10 3 0 7 448
10 7 0 0 449
10 3 0 7 449
10 7 0 0 450
10 3 0 7 450
10 7 0 0 451
10 3 0 7 451
7 10 0 0 452
3 10 7 0 452
10 7 0 0 453
10 3 0 7 453
7 10 0 0 454
3 10 7 0 454
10 7 0 0 455
10 3 0 7 455
10 7 0 0 456
10 3 0 7 456
7 10 0 0 457
3 10 7 0 457
7 10 0 0 458
3 10 7 0 458
10 7 0 0 459
10 3 0 7 459
10 7 0 0 460
10 3 0 7 460
10 7 0 0 461
10 3 0 7 461
7 10 0 0 462
3 10 7 0 462
7 10 0 0 463
3 10 7 0 463
7 10 0 0 464
3 10 7 0 464
10 7 0 0 465
10 3 0 7 465
10 7 0 0 466
10 3 0 7 466
10 7 0 0 467
10 3 0 7 467
10 7 0 0 468
10 3 0 7 468
10 7 0 0 469
10 3 0 7 469
7 10 0 0 470
3 10 7 0 470
10 7 0 0 471
10 3 0 7 471
7 10 0 0 472
3 10 7 0 472
10 7 0 0 473
10 3 0 7 473
7 10 0 0 474
3 10 7 0 474
10 7 0 0 475
10 3 0 7 475
10 7 0 0 476
10 3 0 7 476
7 10 0 0 477
3 10 7 0 477
10 7 0 0 478
10 3 0 7 478
10 7 0 0 479
10 3 0 7 479
7 10 0 0 480
3 10 7 0 480
10 7 0 0 481
10 3 0 7 481
10 7 0 0 482
10 3 0 7 482
10 7 0 0 483
10 3 0 7 483
7 10 0 0 484
3 10 7 0 484
7 10 0 0 485
3 10 7 0 485
7 10 0 0 486
3 10 7 0 486
7 10 0 0 487
3 10 7 0 487
10 7 0 0 488
9 3 0 7 488
1 3 9 7 488
7 10 0 0 489
3 10 7 0 489
7 10 0 0 490
3 10 7 0 490
7 10 0 0 491
3 10 7 0 491
10 7 0 0 492
9 3 0 7 492
1 3 9 7 492
7 10 0 0 493
3 10 7 0 493
7 10 0 0 494
3 10 7 0 494
7 10 0 0 495
3 10 7 0 495
7 10 0 0 496
3 10 7 0 496
7 10 0 0 497
3 10 7 0 497
7 10 0 0 498
3 9 7 0 498
3 1 7 9 498
10 7 0 0 499
9 3 0 7 499
1 3 9 7 499
10 7 0 0 500
9 3 0 7 500
1 3 9 7 500
7 10 0 0 501
3 9 7 0 501
3 1 7 9 501
10 7 0 0 502
9 3 0 7 502
1 3 9 7 502
10 7 0 0 503
9 3 0 7 503
1 3 9 7 503
7 10 0 0 504
3 9 7 0 504
3 1 7 9 504
7 10 0 0 505
3 9 7 0 505
3 1 7 9 505
7 10 0 0 506
3 9 7 0 506
3 1 7 9 506
8 8 0 0 507
8 2 0 8 507
2 8 8 0 507
2 2 8 8 507
8 8 0 0 508
8 2 0 8 508
2 8 8 0 508
2 2 8 8 508
8 8 0 0 509
8 2 0 8 509
2 8 8 0 509
2 2 8 8 509
8 8 0 0 510
8 2 0 8 510
2 8 8 0 510
2 2 8 8 510
8 8 0 0 511
8 2 0 8 511
2 8 8 0 511
2 2 8 8 511
8 8 0 0 512
8 2 0 8 512
2 8 8 0 512
2 2 8 8 512
8 8 0 0 513
8 2 0 8 513
2 8 8 0 513
2 2 8 8 513
8 8 0 0 514
8 2 0 8 514
2 8 8 0 514
2 2 8 8 514
8 8 0 0 515
8 2 0 8 515
2 8 8 0 515
2 2 8 8 515
8 8 0 0 516
8 2 0 8 516
2 8 8 0 516
2 2 8 8 516
8 8 0 0 517
8 2 0 8 517
2 8 8 0 517
2 2 8 8 517
8 8 0 0 518
8 2 0 8 518
2 8 8 0 518
2 2 8 8 518
8 8 0 0 519
8 2 0 8 519
2 8 8 0 519
2 2 8 8 519
8 8 0 0 520
8 2 0 8 520
2 8 8 0 520
2 2 8 8 520
8 8 0 0 521
8 2 0 8 521
2 8 8 0 521
2 2 8 8 521
8 8 0 0 522
8 2 0 8 522
2 8 8 0 522
2 2 8 8 522
8 8 0 0 523
8 2 0 8 523
2 8 8 0 523
2 2 8 8 523
8 8 0 0 524
8 2 0 8 524
2 8 8 0 524
2 2 8 8 524
8 8 0 0 525
8 2 0 8 525
2 8 8 0 525
2 2 8 8 525
8 8 0 0 526
8 2 0 8 526
2 8 8 0 526
2 2 8 8 526
8 8 0 0 527
8 2 0 8 527
2 8 8 0 527
2 2 8 8 527
8 8 0 0 528
8 2 0 8 528
2 8 8 0 528
2 2 8 8 528
8 8 0 0 529
8 2 0 8 529
2 8 8 0 529
2 2 8 8 529
8 8 0 0 530
8 2 0 8 530
2 8 8 0 530
2 2 8 8 530
8 8 0 0 531
8 2 0 8 531
2 8 8 0 531
2 2 8 8 531
8 8 0 0 532
8 2 0 8 532
2 8 8 0 532
2 2 8 8 532
8 8 0 0 533
8 2 0 8 533
2 8 8 0 533
2 2 8 8 533
8 8 0 0 534
8 2 0 8 534
2 8 8 0 534
2 2 8 8 534
8 8 0 0 535
8 2 0 8 535
2 8 8 0 535
2 2 8 8 535
8 8 0 0 536
8 2 0 8 536
2 8 8 0 536
2 2 8 8 536
8 8 0 0 537
8 2 0 8 537
2 8 8 0 537
2 2 8 8 537
8 8 0 0 538
8 2 0 8 538
2 8 8 0 538
2 2 8 8 538
8 8 0 0 539
8 2 0 8 539
2 8 8 0 539
2 2 8 8 539
8 8 0 0 540
8 2 0 8 540
2 8 8 0 540
2 1 8 8 540
2 1 8 9 540
8 8 0 0 541
8 2 0 8 541
2 8 8 0 541
2 1 8 8 541
2 1 8 9 541
8 8 0 0 542
8 2 0 8 542
2 8 8 0 542
2 1 8 8 542
2 1 8 9 542
8 8 0 0 543
8 2 0 8 543
2 8 8 0 543
2 1 8 8 543
2 1 8 9 543
8 8 0 0 544
8 2 0 8 544
2 8 8 0 544
2 1 8 8 544
2 1 8 9 544
8 8 0 0 545
8 2 0 8 545
2 8 8 0 545
2 1 8 8 545
2 1 8 9 545
8 8 0 0 546
8 2 0 8 546
2 7 8 0 546
2 3 8 7 546
8 8 0 0 547
8 2 0 8 547
2 7 8 0 547
2 3 8 7 547
8 8 0 0 548
8 2 0 8 548
2 7 8 0 548
2 3 8 7 548
9 7 0 0 549
9 3 0 7 549
1 7 9 0 549
1 3 9 7 549
7 9 0 0 550
3 9 7 0 550
8 1 0 9 550
2 1 8 9 550
7 9 0 0 551
3 9 7 0 551
8 1 0 9 551
2 1 8 9 551
7 9 0 0 552
3 9 7 0 552
8 1 0 9 552
2 1 8 9 552
7 9 0 0 553
3 9 7 0 553
8 1 0 9 553
2 1 8 9 553
9 7 0 0 554
9 3 0 7 554
1 7 9 0 554
1 3 9 7 554
7 9 0 0 555
3 9 7 0 555
8 1 0 9 555
2 1 8 9 555
7 9 0 0 556
3 9 7 0 556
8 1 0 9 556
2 1 8 9 556
7 9 0 0 557
3 9 7 0 557
8 1 0 9 557
2 1 8 9 557
7 9 0 0 558
3 9 7 0 558
7 1 0 9 558
3 1 7 9 558
7 9 0 0 559
3 9 7 0 559
7 1 0 9 559
3 1 7 9 559
9 7 0 0 560
9 3 0 7 560
1 7 9 0 560
1 3 9 7 560
9 7 0 0 561
9 3 0 7 561
1 7 9 0 561
1 3 9 7 561
9 7 0 0 562
9 3 0 7 562
1 7 9 0 562
1 3 9 7 562
7 9 0 0 563
3 9 7 0 563
7 1 0 9 563
3 1 7 9 563
9 7 0 0 564
9 3 0 7 564
1 7 9 0 564
1 3 9 7 564
7 9 0 0 565
3 9 7 0 565
7 1 0 9 565
3 1 7 9 565
9 7 0 0 566
9 3 0 7 566
1 7 9 0 566
1 3 9 7 566
7 9 0 0 567
3 9 7 0 567
7 1 0 9 567
3 1 7 9 567
9 7 0 0 568
9 3 0 7 568
1 7 9 0 568
1 3 9 7 568
9 7 0 0 569
9 3 0 7 569
1 7 9 0 569
1 3 9 7 569
9 7 0 0 570
9 3 0 7 570
1 7 9 0 570
1 3 9 7 570
9 7 0 0 571
9 3 0 7 571
1 7 9 0 571
1 3 9 7 571
9 7 0 0 572
9 3 0 7 572
1 7 9 0 572
1 3 9 7 572
7 9 0 0 573
3 9 7 0 573
7 1 0 9 573
3 1 7 9 573
7 9 0 0 574
3 9 7 0 574
7 1 0 9 574
3 1 7 9 574
7 9 0 0 575
3 9 7 0 575
7 1 0 9 575
3 1 7 9 575
7 9 0 0 576
3 9 7 0 576
7 1 0 9 576
3 1 7 9 576
9 7 0 0 577
9 3 0 7 577
1 7 9 0 577
1 3 9 7 577
9 7 0 0 578
9 3 0 7 578
1 7 9 0 578
1 3 9 7 578
9 7 0 0 579
9 3 0 7 579
1 7 9 0 579
1 3 9 7 579
7 9 0 0 580
3 9 7 0 580
7 1 0 9 580
3 1 7 9 580
7 9 0 0 581
3 9 7 0 581
7 1 0 9 581
3 1 7 9 581
7 9 0 0 582
3 9 7 0 582
7 1 0 9 582
3 1 7 9 582
9 7 0 0 583
9 3 0 7 583
1 7 9 0 583
1 3 9 7 583
7 9 0 0 584
3 9 7 0 584
7 1 0 9 584
3 1 7 9 584
9 7 0 0 585
9 3 0 7 585
1 7 9 0 585
1 3 9 7 585
7 9 0 0 586
3 9 7 0 586
7 1 0 9 586
3 1 7 9 586
9 7 0 0 587
9 3 0 7 587
1 7 9 0 587
1 3 9 7 587
9 7 0 0 588
9 3 0 7 588
1 7 9 0 588
1 3 9 7 588
7 9 0 0 589
3 9 7 0 589
7 1 0 9 589
3 1 7 9 589
9 7 0 0 590
9 3 0 7 590
1 7 9 0 590
1 3 9 7 590
9 7 0 0 591
9 3 0 7 591
1 7 9 0 591
1 3 9 7 591
9 7 0 0 592
9 3 0 7 592
1 7 9 0 592
1 3 9 7 592
9 7 0 0 593
9 3 0 7 593
1 7 9 0 593
1 3 9 7 593
9 7 0 0 594
9 3 0 7 594
1 7 9 0 594
1 3 9 7 594
9 7 0 0 595
9 3 0 7 595
1 7 9 0 595
1 3 9 7 595
7 9 0 0 596
3 9 7 0 596
7 1 0 9 596
3 1 7 9 596
7 9 0 0 597
3 9 7 0 597
7 1 0 9 597
3 1 7 9 597
9 7 0 0 598
9 3 0 7 598
1 7 9 0 598
1 3 9 7 598
9 7 0 0 599
9 3 0 7 599
1 7 9 0 599
1 3 9 7 599
7 9 0 0 600
3 9 7 0 600
7 1 0 9 600
3 1 7 9 600
9 7 0 0 601
9 3 0 7 601
1 7 9 0 601
1 3 9 7 601
7 9 0 0 602
3 9 7 0 602
7 1 0 9 602
3 1 7 9 602
9 7 0 0 603
9 3 0 7 603
1 7 9 0 603
1 3 9 7 603
7 9 0 0 604
3 9 7 0 604
7 1 0 9 604
3 1 7 9 604
9 7 0 0 605
9 3 0 7 605
1 7 9 0 605
1 3 9 7 605
7 9 0 0 606
3 9 7 0 606
7 1 0 9 606
3 1 7 9 606
9 7 0 0 607
9 3 0 7 607
1 7 9 0 607
1 3 9 7 607
7 9 0 0 608
3 9 7 0 608
7 1 0 9 608
3 1 7 9 608
7 9 0 0 609
3 9 7 0 609
7 1 0 9 609
3 1 7 9 609
7 9 0 0 610
3 9 7 0 610
7 1 0 9 610
3 1 7 9 610
9 7 0 0 611
9 3 0 7 611
1 7 9 0 611
1 3 9 7 611
9 7 0 0 612
9 3 0 7 612
1 7 9 0 612
1 3 9 7 612
7 9 0 0 613
3 9 7 0 613
7 1 0 9 613
3 1 7 9 613
7 9 0 0 614
3 9 7 0 614
7 1 0 9 614
3 1 7 9 614
9 7 0 0 615
9 3 0 7 615
1 7 9 0 615
1 3 9 7 615
9 7 0 0 616
9 3 0 7 616
1 7 9 0 616
1 3 9 7 616
7 9 0 0 617
3 9 7 0 617
7 1 0 9 617
3 1 7 9 617
9 7 0 0 618
9 3 0 7 618
1 7 9 0 618
1 3 9 7 618
9 7 0 0 619
9 3 0 7 619
1 7 9 0 619
1 3 9 7 619
7 9 0 0 620
3 9 7 0 620
7 1 0 9 620
3 1 7 9 620
7 9 0 0 621
3 9 7 0 621
7 1 0 9 621
3 1 7 9 621
7 9 0 0 622
3 9 7 0 622
7 1 0 9 622
3 1 7 9 622
9 7 0 0 623
9 3 0 7 623
1 7 9 0 623
1 3 9 7 623
9 7 0 0 624
9 3 0 7 624
1 7 9 0 624
1 3 9 7 624
9 7 0 0 625
9 3 0 7 625
1 7 9 0 625
1 3 9 7 625
9 7 0 0 626
9 3 0 7 626
1 7 9 0 626
1 3 9 7 626
7 9 0 0 627
3 9 7 0 627
7 1 0 9 627
3 1 7 9 627
9 7 0 0 628
9 3 0 7 628
1 7 9 0 628
1 3 9 7 628
9 7 0 0 629
9 3 0 7 629
1 7 9 0 629
1 3 9 7 629
9 7 0 0 630
9 3 0 7 630
1 7 9 0 630
1 3 9 7 630
9 7 0 0 631
9 3 0 7 631
1 7 9 0 631
1 3 9 7 631
9 7 0 0 632
9 3 0 7 632
1 7 9 0 632
1 3 9 7 632
10 6 0 0 633
10 4 0 6 633
6 10 0 0 634
4 10 6 0 634
10 6 0 0 635
10 4 0 6 635
10 6 0 0 636
10 4 0 6 636
6 10 0 0 637
4 10 6 0 637
6 10 0 0 638
4 10 6 0 638
6 10 0 0 639
4 10 6 0 639
10 6 0 0 640
10 4 0 6 640
6 10 0 0 641
4 10 6 0 641
6 10 0 0 642
4 10 6 0 642
10 6 0 0 643
10 4 0 6 643
6 10 0 0 644
4 10 6 0 644
10 6 0 0 645
10 4 0 6 645
10 6 0 0 646
10 4 0 6 646
10 6 0 0 647
10 4 0 6 647
6 10 0 0 648
4 10 6 0 648
6 10 0 0 649
4 10 6 0 649
10 6 0 0 650
10 4 0 6 650
6 10 0 0 651
4 10 6 0 651
6 10 0 0 652
4 10 6 0 652
6 10 0 0 653
4 10 6 0 653
10 6 0 0 654
10 4 0 6 654
6 10 0 0 655
4 10 6 0 655
10 6 0 0 656
10 4 0 6 656
6 10 0 0 657
4 10 6 0 657
10 6 0 0 658
10 4 0 6 658
6 10 0 0 659
4 10 6 0 659
10 6 0 0 660
10 4 0 6 660
10 6 0 0 661
10 4 0 6 661
10 6 0 0 662
10 4 0 6 662
10 6 0 0 663
10 4 0 6 663
10 6 0 0 664
10 4 0 6 664
10 6 0 0 665
10 4 0 6 665
10 6 0 0 666
10 4 0 6 666
10 6 0 0 667
10 4 0 6 667
10 6 0 0 668
10 4 0 6 668
10 6 0 0 669
10 4 0 6 669
10 6 0 0 670
10 4 0 6 670
6 10 0 0 671
4 10 6 0 671
6 10 0 0 672
4 10 6 0 672
6 10 0 0 673
4 10 6 0 673
6 10 0 0 674
4 10 6 0 674
10 6 0 0 675
10 4 0 6 675
10 6 0 0 676
10 4 0 6 676
10 6 0 0 677
10 4 0 6 677
6 10 0 0 678
4 10 6 0 678
6 10 0 0 679
4 10 6 0 679
6 10 0 0 680
4 10 6 0 680
6 10 0 0 681
4 10 6 0 681
10 6 0 0 682
10 4 0 6 682
6 10 0 0 683
4 10 6 0 683
6 10 0 0 684
4 10 6 0 684
6 10 0 0 685
4 10 6 0 685
10 6 0 0 686
10 4 0 6 686
10 6 0 0 687
10 4 0 6 687
6 10 0 0 688
4 10 6 0 688
10 6 0 0 689
10 4 0 6 689
10 6 0 0 690
10 4 0 6 690
6 10 0 0 691
4 10 6 0 691
6 10 0 0 692
4 10 6 0 692
10 6 0 0 693
10 4 0 6 693
10 6 0 0 694
10 4 0 6 694
6 10 0 0 695
4 10 6 0 695
6 10 0 0 696
4 10 6 0 696
6 10 0 0 697
4 10 6 0 697
6 10 0 0 698
4 10 6 0 698
6 10 0 0 699
4 10 6 0 699
6 10 0 0 700
4 10 6 0 700
10 6 0 0 701
10 4 0 6 701
10 6 0 0 702
10 4 0 6 702
6 10 0 0 703
4 10 6 0 703
6 10 0 0 704
4 10 6 0 704
10 6 0 0 705
10 4 0 6 705
6 10 0 0 706
4 10 6 0 706
6 10 0 0 707
4 10 6 0 707
10 6 0 0 708
10 4 0 6 708
10 6 0 0 709
10 4 0 6 709
6 10 0 0 710
4 10 6 0 710
10 6 0 0 711
10 4 0 6 711
10 6 0 0 712
10 4 0 6 712
6 10 0 0 713
4 10 6 0 713
6 10 0 0 714
4 10 6 0 714
6 10 0 0 715
4 10 6 0 715
10 6 0 0 716
10 4 0 6 716
10 6 0 0 717
10 4 0 6 717
6 10 0 0 718
4 10 6 0 718
7 8 0 0 719
3 9 7 0 719
7 2 0 8 719
3 1 7 9 719
7 8 0 0 720
3 9 7 0 720
7 2 0 8 720
3 1 7 9 720
7 8 0 0 721
3 9 7 0 721
7 2 0 8 721
3 1 7 9 721
7 8 0 0 722
3 9 7 0 722
7 2 0 8 722
3 1 7 9 722
8 7 0 0 723
9 3 0 7 723
2 7 8 0 723
1 2 9 7 723
7 8 0 0 724
3 9 7 0 724
7 2 0 8 724
3 1 7 9 724
7 8 0 0 725
3 9 7 0 725
7 2 0 8 725
3 1 7 9 725
8 7 0 0 726
9 3 0 7 726
2 7 8 0 726
1 2 9 7 726
7 8 0 0 727
3 9 7 0 727
7 2 0 8 727
3 1 7 9 727
7 8 0 0 728
3 9 7 0 728
7 2 0 8 728
3 1 7 9 728
8 7 0 0 729
9 3 0 7 729
2 7 8 0 729
1 2 9 7 729
7 8 0 0 730
3 9 7 0 730
7 2 0 8 730
3 1 7 9 730
7 8 0 0 731
3 8 7 0 731
9 2 0 8 731
7 8 0 0 732
3 8 7 0 732
9 2 0 8 732
7 8 0 0 733
3 8 7 0 733
9 2 0 8 733
7 8 0 0 734
3 8 7 0 734
9 2 0 8 734
7 8 0 0 735
3 8 7 0 735
9 2 0 8 735
7 8 0 0 736
3 8 7 0 736
9 2 0 8 736
8 7 0 0 737
9 3 0 7 737
2 7 8 0 737
7 8 0 0 738
3 8 7 0 738
9 2 0 8 738
8 7 0 0 739
8 3 0 7 739
2 7 8 0 739
2 3 8 7 739
7 8 0 0 740
3 8 7 0 740
9 2 0 8 740
8 7 0 0 741
8 3 0 7 741
2 7 8 0 741
2 3 8 7 741
7 8 0 0 742
3 8 7 0 742
9 2 0 8 742
8 7 0 0 743
8 3 0 7 743
2 7 8 0 743
2 3 8 7 743
8 7 0 0 744
8 3 0 7 744
2 7 8 0 744
2 3 8 7 744
8 7 0 0 745
8 3 0 7 745
2 7 8 0 745
2 3 8 7 745
8 7 0 0 746
8 3 0 7 746
2 7 8 0 746
2 3 8 7 746
7 8 0 0 747
3 8 7 0 747
9 2 0 8 747
7 8 0 0 748
3 8 7 0 748
9 2 0 8 748
7 8 0 0 749
3 8 7 0 749
9 2 0 8 749
7 8 0 0 750
3 8 7 0 750
9 2 0 8 750
7 8 0 0 751
3 8 7 0 751
9 2 0 8 751
7 8 0 0 752
3 8 7 0 752
9 2 0 8 752
8 7 0 0 753
8 3 0 7 753
2 7 8 0 753
2 3 8 7 753
8 7 0 0 754
8 3 0 7 754
2 7 8 0 754
2 3 8 7 754
7 8 0 0 755
3 8 7 0 755
9 2 0 8 755
8 7 0 0 756
8 3 0 7 756
2 7 8 0 756
2 3 8 7 756
8 7 0 0 757
8 3 0 7 757
2 7 8 0 757
2 3 8 7 757
7 8 0 0 758
3 8 7 0 758
9 2 0 8 758
8 7 0 0 759
8 3 0 7 759
2 7 8 0 759
2 3 8 7 759
7 8 0 0 760
3 8 7 0 760
8 2 0 8 760
2 1 8 8 760
2 1 8 9 760
7 8 0 0 761
3 8 7 0 761
8 2 0 8 761
2 1 8 8 761
2 1 8 9 761
8 7 0 0 762
8 3 0 7 762
2 7 8 0 762
2 3 8 7 762
8 7 0 0 763
8 3 0 7 763
2 7 8 0 763
2 3 8 7 763
8 7 0 0 764
8 3 0 7 764
2 7 8 0 764
2 3 8 7 764
7 8 0 0 765
3 8 7 0 765
8 2 0 8 765
2 1 8 8 765
2 1 8 9 765
8 7 0 0 766
8 3 0 7 766
2 7 8 0 766
2 3 8 7 766
7 8 0 0 767
3 8 7 0 767
8 2 0 8 767
2 1 8 8 767
2 1 8 9 767
8 7 0 0 768
8 3 0 7 768
2 7 8 0 768
2 3 8 7 768
7 8 0 0 769
3 8 7 0 769
8 2 0 8 769
7 8 0 0 770
3 8 7 0 770
8 2 0 8 770
7 8 0 0 771
3 8 7 0 771
8 2 0 8 771
8 7 0 0 772
8 3 0 7 772
2 7 8 0 772
2 3 8 7 772
8 7 0 0 773
8 3 0 7 773
2 7 8 0 773
2 3 8 7 773
8 7 0 0 774
8 3 0 7 774
2 7 8 0 774
2 3 8 7 774
7 8 0 0 775
3 8 7 0 775
8 2 0 8 775
7 8 0 0 776
3 8 7 0 776
8 2 0 8 776
8 7 0 0 777
8 3 0 7 777
2 7 8 0 777
2 3 8 7 777
7 8 0 0 778
3 8 7 0 778
8 2 0 8 778
7 8 0 0 779
3 8 7 0 779
8 2 0 8 779
7 8 0 0 780
3 8 7 0 780
8 2 0 8 780
8 7 0 0 781
8 3 0 7 781
2 7 8 0 781
2 3 8 7 781
7 8 0 0 782
3 8 7 0 782
8 2 0 8 782
8 7 0 0 783
8 3 0 7 783
2 7 8 0 783
2 3 8 7 783
8 7 0 0 784
8 3 0 7 784
2 7 8 0 784
2 3 8 7 784
8 7 0 0 785
8 3 0 7 785
2 7 8 0 785
2 3 8 7 785
8 7 0 0 786
8 3 0 7 786
2 7 8 0 786
2 3 8 7 786
8 7 0 0 787
8 3 0 7 787
2 7 8 0 787
2 3 8 7 787
7 8 0 0 788
3 8 7 0 788
7 2 0 8 788
3 2 7 8 788
8 7 0 0 789
8 3 0 7 789
2 7 8 0 789
2 3 8 7 789
7 8 0 0 790
3 8 7 0 790
7 2 0 8 790
3 2 7 8 790
8 7 0 0 791
8 3 0 7 791
2 7 8 0 791
2 3 8 7 791
8 7 0 0 792
8 3 0 7 792
2 7 8 0 792
2 3 8 7 792
8 7 0 0 793
8 3 0 7 793
2 7 8 0 793
2 3 8 7 793
7 8 0 0 794
3 8 7 0 794
7 2 0 8 794
3 2 7 8 794
7 8 0 0 795
3 8 7 0 795
7 2 0 8 795
3 2 7 8 795
8 7 0 0 796
8 3 0 7 796
2 7 8 0 796
2 3 8 7 796
8 7 0 0 797
8 3 0 7 797
2 7 8 0 797
2 3 8 7 797
7 8 0 0 798
3 8 7 0 798
7 2 0 8 798
3 2 7 8 798
7 8 0 0 799
3 8 7 0 799
7 2 0 8 799
3 2 7 8 799
8 7 0 0 800
8 3 0 7 800
2 7 8 0 800
2 3 8 7 800
8 7 0 0 801
8 3 0 7 801
2 7 8 0 801
2 3 8 7 801
8 7 0 0 802
8 3 0 7 802
2 7 8 0 802
2 3 8 7 802
8 7 0 0 803
8 3 0 7 803
2 6 8 0 803
2 4 8 6 803
7 8 0 0 804
3 8 7 0 804
7 2 0 8 804
3 2 7 8 804
7 8 0 0 805
3 8 7 0 805
7 2 0 8 805
3 2 7 8 805
8 7 0 0 806
8 3 0 7 806
2 6 8 0 806
2 4 8 6 806
8 7 0 0 807
8 3 0 7 807
2 6 8 0 807
2 4 8 6 807
8 7 0 0 808
8 3 0 7 808
2 6 8 0 808
2 4 8 6 808
8 7 0 0 809
8 3 0 7 809
2 6 8 0 809
2 4 8 6 809
8 7 0 0 810
8 3 0 7 810
2 6 8 0 810
2 4 8 6 810
8 7 0 0 811
8 3 0 7 811
2 6 8 0 811
2 4 8 6 811
7 8 0 0 812
3 8 7 0 812
7 2 0 8 812
3 2 7 8 812
7 8 0 0 813
3 8 7 0 813
7 2 0 8 813
3 2 7 8 813
8 7 0 0 814
8 3 0 7 814
2 6 8 0 814
2 4 8 6 814
8 7 0 0 815
8 3 0 7 815
2 6 8 0 815
2 4 8 6 815
8 7 0 0 816
8 3 0 7 816
2 6 8 0 816
2 4 8 6 816
7 8 0 0 817
3 8 7 0 817
7 2 0 8 817
3 2 7 8 817
8 7 0 0 818
8 3 0 7 818
2 6 8 0 818
2 4 8 6 818
8 7 0 0 819
8 3 0 7 819
2 6 8 0 819
2 4 8 6 819
9 6 0 0 820
10 4 0 6 820
1 6 9 0 820
6 9 0 0 821
4 10 6 0 821
6 1 0 9 821
9 6 0 0 822
10 4 0 6 822
1 6 9 0 822
9 6 0 0 823
10 4 0 6 823
1 6 9 0 823
9 6 0 0 824
10 4 0 6 824
1 6 9 0 824
6 9 0 0 825
4 10 6 0 825
6 1 0 9 825
6 9 0 0 826
4 10 6 0 826
6 1 0 9 826
6 9 0 0 827
4 10 6 0 827
6 1 0 9 827
6 9 0 0 828
4 10 6 0 828
6 1 0 9 828
6 9 0 0 829
4 10 6 0 829
6 1 0 9 829
9 6 0 0 830
10 4 0 6 830
1 6 9 0 830
9 6 0 0 831
10 4 0 6 831
1 6 9 0 831
9 6 0 0 832
10 4 0 6 832
1 6 9 0 832
9 6 0 0 833
10 4 0 6 833
1 6 9 0 833
6 9 0 0 834
4 10 6 0 834
6 1 0 9 834
6 9 0 0 835
4 10 6 0 835
6 1 0 9 835
6 9 0 0 836
4 10 6 0 836
6 1 0 9 836
9 6 0 0 837
10 4 0 6 837
1 6 9 0 837
9 6 0 0 838
10 4 0 6 838
1 6 9 0 838
9 6 0 0 839
10 4 0 6 839
1 6 9 0 839
6 9 0 0 840
4 10 6 0 840
6 1 0 9 840
9 6 0 0 841
10 4 0 6 841
1 6 9 0 841
9 6 0 0 842
10 4 0 6 842
1 6 9 0 842
9 6 0 0 843
10 4 0 6 843
1 6 9 0 843
6 9 0 0 844
4 10 6 0 844
6 1 0 9 844
9 6 0 0 845
10 4 0 6 845
1 6 9 0 845
6 9 0 0 846
4 10 6 0 846
6 1 0 9 846
9 6 0 0 847
9 4 0 6 847
1 7 9 0 847
9 6 0 0 848
9 4 0 6 848
1 7 9 0 848
9 6 0 0 849
9 4 0 6 849
1 7 9 0 849
9 6 0 0 850
9 4 0 6 850
1 7 9 0 850
9 6 0 0 851
9 4 0 6 851
1 7 9 0 851
6 9 0 0 852
4 9 6 0 852
7 1 0 9 852
3 1 7 9 852
6 9 0 0 853
4 9 6 0 853
7 1 0 9 853
3 1 7 9 853
9 6 0 0 854
9 4 0 6 854
1 6 9 0 854
1 4 9 6 854
9 6 0 0 855
9 4 0 6 855
1 6 9 0 855
1 4 9 6 855
9 6 0 0 856
9 4 0 6 856
1 6 9 0 856
1 4 9 6 856
6 9 0 0 857
4 9 6 0 857
7 1 0 9 857
3 1 7 9 857
9 6 0 0 858
9 4 0 6 858
1 6 9 0 858
1 4 9 6 858
6 9 0 0 859
4 9 6 0 859
7 1 0 9 859
3 1 7 9 859
6 9 0 0 860
4 9 6 0 860
7 1 0 9 860
3 1 7 9 860
9 6 0 0 861
9 4 0 6 861
1 6 9 0 861
1 4 9 6 861
6 9 0 0 862
4 9 6 0 862
7 1 0 9 862
3 1 7 9 862
6 9 0 0 863
4 9 6 0 863
7 1 0 9 863
3 1 7 9 863
9 6 0 0 864
9 4 0 6 864
1 6 9 0 864
1 4 9 6 864
9 6 0 0 865
9 4 0 6 865
1 6 9 0 865
1 4 9 6 865
6 9 0 0 866
4 9 6 0 866
7 1 0 9 866
3 1 7 9 866
9 6 0 0 867
9 4 0 6 867
1 6 9 0 867
1 4 9 6 867
9 6 0 0 868
9 4 0 6 868
1 6 9 0 868
1 4 9 6 868
9 6 0 0 869
9 4 0 6 869
1 6 9 0 869
1 4 9 6 869
6 9 0 0 870
4 9 6 0 870
7 1 0 9 870
3 1 7 9 870
6 9 0 0 871
4 9 6 0 871
7 1 0 9 871
3 1 7 9 871
9 6 0 0 872
9 4 0 6 872
1 6 9 0 872
1 4 9 6 872
6 9 0 0 873
4 9 6 0 873
7 1 0 9 873
3 1 7 9 873
9 6 0 0 874
9 4 0 6 874
1 6 9 0 874
1 4 9 6 874
6 9 0 0 875
4 9 6 0 875
7 1 0 9 875
3 1 7 9 875
6 9 0 0 876
4 9 6 0 876
7 1 0 9 876
3 1 7 9 876
6 9 0 0 877
4 9 6 0 877
7 1 0 9 877
3 1 7 9 877
6 9 0 0 878
4 9 6 0 878
7 1 0 9 878
3 1 7 9 878
9 6 0 0 879
9 4 0 6 879
1 6 9 0 879
1 4 9 6 879
9 6 0 0 880
9 4 0 6 880
1 6 9 0 880
1 4 9 6 880
9 6 0 0 881
9 4 0 6 881
1 6 9 0 881
1 4 9 6 881
6 9 0 0 882
4 9 6 0 882
7 1 0 9 882
3 1 7 9 882
6 9 0 0 883
4 9 6 0 883
7 1 0 9 883
3 1 7 9 883
9 6 0 0 884
9 4 0 6 884
1 6 9 0 884
1 4 9 6 884
9 6 0 0 885
9 4 0 6 885
1 6 9 0 885
1 4 9 6 885
9 6 0 0 886
9 4 0 6 886
1 6 9 0 886
1 4 9 6 886
9 6 0 0 887
9 4 0 6 887
1 6 9 0 887
1 4 9 6 887
6 9 0 0 888
4 9 6 0 888
7 1 0 9 888
3 1 7 9 888
6 9 0 0 889
4 9 6 0 889
7 1 0 9 889
3 1 7 9 889
9 6 0 0 890
9 4 0 6 890
1 6 9 0 890
1 4 9 6 890
6 9 0 0 891
4 9 6 0 891
7 1 0 9 891
3 1 7 9 891
6 9 0 0 892
4 9 6 0 892
7 1 0 9 892
3 1 7 9 892
6 9 0 0 893
4 9 6 0 893
6 1 0 9 893
4 1 6 9 893
9 6 0 0 894
9 4 0 6 894
1 6 9 0 894
1 4 9 6 894
6 9 0 0 895
4 9 6 0 895
6 1 0 9 895
4 1 6 9 895
6 9 0 0 896
4 9 6 0 896
6 1 0 9 896
4 1 6 9 896
6 9 0 0 897
4 9 6 0 897
6 1 0 9 897
4 1 6 9 897
6 9 0 0 898
4 9 6 0 898
6 1 0 9 898
4 1 6 9 898
6 9 0 0 899
4 9 6 0 899
6 1 0 9 899
4 1 6 9 899
6 9 0 0 900
4 9 6 0 900
6 1 0 9 900
4 1 6 9 900
6 9 0 0 901
4 9 6 0 901
6 1 0 9 901
4 1 6 9 901
9 6 0 0 902
9 4 0 6 902
1 6 9 0 902
1 4 9 6 902
9 6 0 0 903
9 4 0 6 903
1 6 9 0 903
1 4 9 6 903
6 9 0 0 904
4 9 6 0 904
6 1 0 9 904
4 1 6 9 904
9 6 0 0 905
9 4 0 6 905
1 6 9 0 905
1 4 9 6 905
9 6 0 0 906
9 4 0 6 906
1 6 9 0 906
1 4 9 6 906
6 9 0 0 907
4 9 6 0 907
6 1 0 9 907
4 1 6 9 907
6 9 0 0 908
4 9 6 0 908
6 1 0 9 908
4 1 6 9 908
6 9 0 0 909
4 9 6 0 909
6 1 0 9 909
4 1 6 9 909
6 9 0 0 910
4 9 6 0 910
6 1 0 9 910
4 1 6 9 910
9 6 0 0 911
9 4 0 6 911
1 6 9 0 911
1 4 9 6 911
9 6 0 0 912
9 4 0 6 912
1 6 9 0 912
1 4 9 6 912
9 6 0 0 913
9 4 0 6 913
1 6 9 0 913
1 4 9 6 913
9 6 0 0 914
9 4 0 6 914
1 6 9 0 914
1 4 9 6 914
6 9 0 0 915
4 9 6 0 915
6 1 0 9 915
4 1 6 9 915
6 9 0 0 916
4 9 6 0 916
6 1 0 9 916
4 1 6 9 916
9 6 0 0 917
9 4 0 6 917
1 6 9 0 917
1 4 9 6 917
9 6 0 0 918
9 4 0 6 918
1 6 9 0 918
1 4 9 6 918
6 9 0 0 919
4 9 6 0 919
6 1 0 9 919
4 1 6 9 919
9 6 0 0 920
9 4 0 6 920
1 6 9 0 920
1 4 9 6 920
6 9 0 0 921
4 9 6 0 921
6 1 0 9 921
4 1 6 9 921
9 6 0 0 922
9 4 0 6 922
1 6 9 0 922
1 4 9 6 922
9 6 0 0 923
9 4 0 6 923
1 6 9 0 923
1 4 9 6 923
9 6 0 0 924
9 4 0 6 924
1 6 9 0 924
1 4 9 6 924
6 9 0 0 925
4 9 6 0 925
6 1 0 9 925
4 1 6 9 925
9 6 0 0 926
9 4 0 6 926
1 6 9 0 926
1 4 9 6 926
6 9 0 0 927
4 9 6 0 927
6 1 0 9 927
4 1 6 9 927
9 6 0 0 928
8 4 0 6 928
2 4 8 6 928
1 6 9 0 928
6 9 0 0 929
4 9 6 0 929
6 1 0 9 929
4 1 6 9 929
9 6 0 0 930
8 4 0 6 930
2 4 8 6 930
1 6 9 0 930
9 6 0 0 931
8 4 0 6 931
2 4 8 6 931
1 6 9 0 931
9 6 0 0 932
8 4 0 6 932
2 4 8 6 932
1 5 9 0 932
6 9 0 0 933
4 9 6 0 933
6 1 0 9 933
4 1 6 9 933
5 10 0 0 934
5 10 5 0 934
10 5 0 0 935
10 5 0 5 935
5 10 0 0 936
5 10 5 0 936
10 5 0 0 937
10 5 0 5 937
10 5 0 0 938
10 5 0 5 938
10 5 0 0 939
10 5 0 5 939
5 10 0 0 940
5 10 5 0 940
10 5 0 0 941
10 5 0 5 941
10 5 0 0 942
10 5 0 5 942
5 10 0 0 943
5 10 5 0 943
10 5 0 0 944
10 5 0 5 944
5 10 0 0 945
5 10 5 0 945
5 10 0 0 946
5 10 5 0 946
10 5 0 0 947
10 5 0 5 947
10 5 0 0 948
10 5 0 5 948
5 10 0 0 949
5 10 5 0 949
10 5 0 0 950
10 5 0 5 950
5 10 0 0 951
5 10 5 0 951
10 5 0 0 952
10 5 0 5 952
10 5 0 0 953
10 5 0 5 953
10 5 0 0 954
10 5 0 5 954
5 10 0 0 955
5 10 5 0 955
10 5 0 0 956
10 5 0 5 956
10 5 0 0 957
10 5 0 5 957
10 5 0 0 958
10 5 0 5 958
5 10 0 0 959
5 10 5 0 959
10 5 0 0 960
10 5 0 5 960
5 10 0 0 961
5 10 5 0 961
10 5 0 0 962
10 5 0 5 962
5 10 0 0 963
5 10 5 0 963
5 10 0 0 964
5 10 5 0 964
5 10 0 0 965
5 10 5 0 965
10 5 0 0 966
10 5 0 5 966
5 10 0 0 967
5 10 5 0 967
10 5 0 0 968
10 5 0 5 968
10 5 0 0 969
10 5 0 5 969
10 5 0 0 970
10 5 0 5 970
10 5 0 0 971
10 5 0 5 971
10 5 0 0 972
10 5 0 5 972
5 10 0 0 973
5 10 5 0 973
10 5 0 0 974
10 5 0 5 974
5 10 0 0 975
5 10 5 0 975
10 5 0 0 976
10 5 0 5 976
10 5 0 0 977
10 5 0 5 977
5 10 0 0 978
5 10 5 0 978
10 5 0 0 979
10 5 0 5 979
10 5 0 0 980
10 5 0 5 980
5 10 0 0 981
5 10 5 0 981
10 5 0 0 982
10 5 0 5 982
10 5 0 0 983
10 5 0 5 983
5 10 0 0 984
5 10 5 0 984
10 5 0 0 985
10 5 0 5 985
10 5 0 0 986
10 5 0 5 986
5 10 0 0 987
5 9 5 0 987
5 1 5 9 987
7 7 0 0 988
3 8 7 0 988
7 3 0 7 988
3 2 7 8 988
7 7 0 0 989
3 8 7 0 989
7 3 0 7 989
3 2 7 8 989
7 7 0 0 990
3 8 7 0 990
7 3 0 7 990
3 2 7 8 990
7 7 0 0 991
3 8 7 0 991
7 3 0 7 991
3 2 7 8 991
7 7 0 0 992
3 8 7 0 992
7 3 0 7 992
3 2 7 8 992
7 7 0 0 993
3 8 7 0 993
7 3 0 7 993
3 2 7 8 993
7 7 0 0 994
3 8 7 0 994
7 3 0 7 994
3 2 7 8 994
7 7 0 0 995
3 8 7 0 995
7 3 0 7 995
3 2 7 8 995
7 7 0 0 996
3 8 7 0 996
7 3 0 7 996
3 2 7 8 996
7 7 0 0 997
3 8 7 0 997
7 3 0 7 997
3 2 7 8 997
7 7 0 0 998
3 8 7 0 998
7 3 0 7 998
3 2 7 8 998
7 7 0 0 999
3 8 7 0 999
7 3 0 7 999
3 2 7 8 999
7 7 0 0 1000
3 8 7 0 1000
7 3 0 7 1000
3 2 7 8 1000
7 7 0 0 1001
3 8 7 0 1001
7 3 0 7 1001
3 2 7 8 1001
7 7 0 0 1002
3 8 7 0 1002
7 3 0 7 1002
3 2 7 8 1002
7 7 0 0 1003
3 8 7 0 1003
7 3 0 7 1003
3 2 7 8 1003
7 7 0 0 1004
3 8 7 0 1004
7 3 0 7 1004
3 2 7 8 1004
7 7 0 0 1005
3 7 7 0 1005
7 3 0 7 1005
3 3 7 7 1005
7 7 0 0 1006
3 7 7 0 1006
7 3 0 7 1006
3 3 7 7 1006
7 7 0 0 1007
3 7 7 0 1007
7 3 0 7 1007
3 3 7 7 1007
7 7 0 0 1008
3 7 7 0 1008
7 3 0 7 1008
3 3 7 7 1008
7 7 0 0 1009
3 7 7 0 1009
7 3 0 7 1009
3 3 7 7 1009
7 7 0 0 1010
3 7 7 0 1010
7 3 0 7 1010
3 3 7 7 1010
7 7 0 0 1011
3 7 7 0 1011
7 3 0 7 1011
3 3 7 7 1011
7 7 0 0 1012
3 7 7 0 1012
7 3 0 7 1012
3 3 7 7 1012
7 7 0 0 1013
3 7 7 0 1013
7 3 0 7 1013
3 3 7 7 1013
7 7 0 0 1014
3 7 7 0 1014
7 3 0 7 1014
3 3 7 7 1014
7 7 0 0 1015
3 7 7 0 1015
7 3 0 7 1015
3 3 7 7 1015
7 7 0 0 1016
3 7 7 0 1016
7 3 0 7 1016
3 3 7 7 1016
7 7 0 0 1017
3 7 7 0 1017
7 3 0 7 1017
3 3 7 7 1017
7 7 0 0 1018
3 7 7 0 1018
7 3 0 7 1018
3 3 7 7 1018
7 7 0 0 1019
3 7 7 0 1019
7 3 0 7 1019
3 3 7 7 1019
7 7 0 0 1020
3 7 7 0 1020
7 3 0 7 1020
3 3 7 7 1020
7 7 0 0 1021
3 7 7 0 1021
7 3 0 7 1021
3 3 7 7 1021
7 7 0 0 1022
3 7 7 0 1022
7 3 0 7 1022
3 3 7 7 1022
7 7 0 0 1023
3 7 7 0 1023
7 3 0 7 1023
3 3 7 7 1023
7 7 0 0 1024
3 7 7 0 1024
7 3 0 7 1024
3 3 7 7 1024
7 7 0 0 1025
3 7 7 0 1025
7 3 0 7 1025
3 3 7 7 1025
7 7 0 0 1026
3 7 7 0 1026
7 3 0 7 1026
3 3 7 7 1026
7 7 0 0 1027
3 7 7 0 1027
7 3 0 7 1027
3 3 7 7 1027
7 7 0 0 1028
3 7 7 0 1028
7 3 0 7 1028
3 3 7 7 1028
8 6 0 0 1029
8 4 0 6 1029
2 6 8 0 1029
2 4 8 6 1029
6 8 0 0 1030
4 8 6 0 1030
7 2 0 8 1030
3 2 7 8 1030
8 6 0 0 1031
8 4 0 6 1031
2 6 8 0 1031
2 4 8 6 1031
6 8 0 0 1032
4 8 6 0 1032
7 2 0 8 1032
3 2 7 8 1032
8 6 0 0 1033
8 4 0 6 1033
2 6 8 0 1033
2 4 8 6 1033
8 6 0 0 1034
8 4 0 6 1034
2 6 8 0 1034
2 4 8 6 1034
8 6 0 0 1035
8 4 0 6 1035
2 6 8 0 1035
2 4 8 6 1035
8 6 0 0 1036
8 4 0 6 1036
2 6 8 0 1036
2 4 8 6 1036
6 8 0 0 1037
4 8 6 0 1037
7 2 0 8 1037
3 2 7 8 1037
6 8 0 0 1038
4 8 6 0 1038
7 2 0 8 1038
3 2 7 8 1038
6 8 0 0 1039
4 8 6 0 1039
7 2 0 8 1039
3 2 7 8 1039
8 6 0 0 1040
8 4 0 6 1040
2 6 8 0 1040
2 4 8 6 1040
6 8 0 0 1041
4 8 6 0 1041
7 2 0 8 1041
3 2 7 8 1041
8 6 0 0 1042
8 4 0 6 1042
2 6 8 0 1042
2 4 8 6 1042
8 6 0 0 1043
8 4 0 6 1043
2 6 8 0 1043
2 4 8 6 1043
8 6 0 0 1044
8 4 0 6 1044
2 6 8 0 1044
2 4 8 6 1044
6 8 0 0 1045
4 8 6 0 1045
7 2 0 8 1045
3 2 7 8 1045
8 6 0 0 1046
8 4 0 6 1046
2 6 8 0 1046
2 4 8 6 1046
6 8 0 0 1047
4 8 6 0 1047
7 2 0 8 1047
3 2 7 8 1047
8 6 0 0 1048
8 4 0 6 1048
2 6 8 0 1048
2 4 8 6 1048
8 6 0 0 1049
8 4 0 6 1049
2 6 8 0 1049
2 4 8 6 1049
8 6 0 0 1050
8 4 0 6 1050
2 6 8 0 1050
2 4 8 6 1050
8 6 0 0 1051
8 4 0 6 1051
2 6 8 0 1051
2 4 8 6 1051
8 6 0 0 1052
8 4 0 6 1052
2 6 8 0 1052
2 4 8 6 1052
6 8 0 0 1053
4 8 6 0 1053
7 2 0 8 1053
3 2 7 8 1053
8 6 0 0 1054
8 4 0 6 1054
2 6 8 0 1054
2 4 8 6 1054
8 6 0 0 1055
8 4 0 6 1055
2 6 8 0 1055
2 4 8 6 1055
6 8 0 0 1056
4 8 6 0 1056
7 2 0 8 1056
3 2 7 8 1056
6 8 0 0 1057
4 8 6 0 1057
7 2 0 8 1057
3 2 7 8 1057
8 6 0 0 1058
8 4 0 6 1058
2 6 8 0 1058
2 4 8 6 1058
8 6 0 0 1059
8 4 0 6 1059
2 6 8 0 1059
2 4 8 6 1059
6 8 0 0 1060
4 8 6 0 1060
7 2 0 8 1060
3 2 7 8 1060
6 8 0 0 1061
4 8 6 0 1061
7 2 0 8 1061
3 2 7 8 1061
6 8 0 0 1062
4 8 6 0 1062
7 2 0 8 1062
3 2 7 8 1062
6 8 0 0 1063
4 8 6 0 1063
7 2 0 8 1063
3 2 7 8 1063
8 6 0 0 1064
8 4 0 6 1064
2 6 8 0 1064
2 4 8 6 1064
8 6 0 0 1065
8 4 0 6 1065
2 6 8 0 1065
2 4 8 6 1065
6 8 0 0 1066
4 8 6 0 1066
7 2 0 8 1066
3 2 7 8 1066
6 8 0 0 1067
4 8 6 0 1067
7 2 0 8 1067
3 2 7 8 1067
6 8 0 0 1068
4 8 6 0 1068
7 2 0 8 1068
3 2 7 8 1068
6 8 0 0 1069
4 8 6 0 1069
7 2 0 8 1069
3 2 7 8 1069
6 8 0 0 1070
4 8 6 0 1070
7 2 0 8 1070
3 2 7 8 1070
8 6 0 0 1071
8 4 0 6 1071
2 6 8 0 1071
2 4 8 6 1071
8 6 0 0 1072
8 4 0 6 1072
2 6 8 0 1072
2 4 8 6 1072
8 6 0 0 1073
8 4 0 6 1073
2 6 8 0 1073
2 4 8 6 1073
6 8 0 0 1074
4 8 6 0 1074
7 2 0 8 1074
3 2 7 8 1074
6 8 0 0 1075
4 8 6 0 1075
7 2 0 8 1075
3 2 7 8 1075
8 6 0 0 1076
8 4 0 6 1076
2 6 8 0 1076
2 4 8 6 1076
8 6 0 0 1077
8 4 0 6 1077
2 6 8 0 1077
2 4 8 6 1077
6 8 0 0 1078
4 8 6 0 1078
7 2 0 8 1078
3 2 7 8 1078
8 6 0 0 1079
8 4 0 6 1079
2 6 8 0 1079
2 4 8 6 1079
8 6 0 0 1080
8 4 0 6 1080
2 6 8 0 1080
2 4 8 6 1080
8 6 0 0 1081
8 4 0 6 1081
2 6 8 0 1081
2 4 8 6 1081
6 8 0 0 1082
4 8 6 0 1082
7 2 0 8 1082
3 2 7 8 1082
8 6 0 0 1083
8 4 0 6 1083
2 6 8 0 1083
2 4 8 6 1083
6 8 0 0 1084
4 8 6 0 1084
7 2 0 8 1084
3 2 7 8 1084
8 6 0 0 1085
8 4 0 6 1085
2 6 8 0 1085
2 4 8 6 1085
8 6 0 0 1086
8 4 0 6 1086
2 6 8 0 1086
2 4 8 6 1086
8 6 0 0 1087
8 4 0 6 1087
2 6 8 0 1087
2 4 8 6 1087
8 6 0 0 1088
8 4 0 6 1088
2 6 8 0 1088
2 3 8 6 1088
8 6 0 0 1089
8 4 0 6 1089
2 6 8 0 1089
2 3 8 6 1089
6 8 0 0 1090
4 8 6 0 1090
7 2 0 8 1090
3 2 7 8 1090
8 6 0 0 1091
8 4 0 6 1091
2 6 8 0 1091
2 3 8 6 1091
8 6 0 0 1092
8 4 0 6 1092
2 6 8 0 1092
2 3 8 6 1092
8 6 0 0 1093
8 4 0 6 1093
2 5 8 0 1093
2 5 8 5 1093
8 6 0 0 1094
8 4 0 6 1094
2 5 8 0 1094
2 5 8 5 1094
8 6 0 0 1095
8 4 0 6 1095
2 5 8 0 1095
2 5 8 5 1095
6 8 0 0 1096
4 8 6 0 1096
7 2 0 8 1096
3 2 7 8 1096
8 6 0 0 1097
8 4 0 6 1097
2 5 8 0 1097
2 5 8 5 1097
6 8 0 0 1098
4 8 6 0 1098
7 2 0 8 1098
3 2 7 8 1098
8 6 0 0 1099
8 4 0 6 1099
2 5 8 0 1099
2 5 8 5 1099
8 6 0 0 1100
8 4 0 6 1100
2 5 8 0 1100
2 5 8 5 1100
8 6 0 0 1101
8 4 0 6 1101
2 5 8 0 1101
2 5 8 5 1101
6 8 0 0 1102
4 8 6 0 1102
7 2 0 8 1102
3 2 7 8 1102
6 8 0 0 1103
4 8 6 0 1103
7 2 0 8 1103
3 2 7 8 1103
6 8 0 0 1104
4 8 6 0 1104
7 2 0 8 1104
3 2 7 8 1104
6 8 0 0 1105
4 8 6 0 1105
7 2 0 8 1105
3 2 7 8 1105
6 8 0 0 1106
4 8 6 0 1106
7 2 0 8 1106
3 2 7 8 1106
6 8 0 0 1107
4 8 6 0 1107
7 2 0 8 1107
3 2 7 8 1107
6 8 0 0 1108
4 8 6 0 1108
7 2 0 8 1108
3 2 7 8 1108
6 8 0 0 1109
4 8 6 0 1109
6 2 0 8 1109
4 2 6 8 1109
8 6 0 0 1110
8 4 0 6 1110
2 5 8 0 1110
2 5 8 5 1110
6 8 0 0 1111
4 8 6 0 1111
6 2 0 8 1111
4 2 6 8 1111
6 8 0 0 1112
4 8 6 0 1112
6 2 0 8 1112
4 2 6 8 1112
6 8 0 0 1113
4 8 6 0 1113
6 2 0 8 1113
4 2 6 8 1113
6 8 0 0 1114
4 8 6 0 1114
6 2 0 8 1114
4 2 6 8 1114
6 8 0 0 1115
4 8 6 0 1115
6 2 0 8 1115
4 2 6 8 1115
8 6 0 0 1116
8 4 0 6 1116
2 5 8 0 1116
2 5 8 5 1116
6 8 0 0 1117
4 8 6 0 1117
6 2 0 8 1117
4 2 6 8 1117
6 8 0 0 1118
4 8 6 0 1118
6 2 0 8 1118
4 2 6 8 1118
8 6 0 0 1119
8 4 0 6 1119
2 5 8 0 1119
2 5 8 5 1119
8 6 0 0 1120
8 4 0 6 1120
2 5 8 0 1120
2 5 8 5 1120
6 8 0 0 1121
4 8 6 0 1121
6 2 0 8 1121
4 2 6 8 1121
6 8 0 0 1122
4 8 6 0 1122
6 2 0 8 1122
4 2 6 8 1122
6 8 0 0 1123
4 8 6 0 1123
6 2 0 8 1123
4 2 6 8 1123
8 6 0 0 1124
8 4 0 6 1124
2 5 8 0 1124
2 5 8 5 1124
9 5 0 0 1125
9 5 0 5 1125
1 5 9 0 1125
1 5 9 5 1125
5 9 0 0 1126
5 9 5 0 1126
6 1 0 9 1126
4 1 6 9 1126
9 5 0 0 1127
9 5 0 5 1127
1 5 9 0 1127
1 5 9 5 1127
9 5 0 0 1128
9 5 0 5 1128
1 5 9 0 1128
1 5 9 5 1128
5 9 0 0 1129
5 9 5 0 1129
6 1 0 9 1129
4 1 6 9 1129
9 5 0 0 1130
9 5 0 5 1130
1 5 9 0 1130
1 5 9 5 1130
5 9 0 0 1131
5 9 5 0 1131
6 1 0 9 1131
4 1 6 9 1131
9 5 0 0 1132
9 5 0 5 1132
1 5 9 0 1132
1 5 9 5 1132
9 5 0 0 1133
9 5 0 5 1133
1 5 9 0 1133
1 5 9 5 1133
5 9 0 0 1134
5 9 5 0 1134
6 1 0 9 1134
4 1 6 9 1134
9 5 0 0 1135
9 5 0 5 1135
1 5 9 0 1135
1 5 9 5 1135
9 5 0 0 1136
9 5 0 5 1136
1 5 9 0 1136
1 5 9 5 1136
9 5 0 0 1137
9 5 0 5 1137
1 5 9 0 1137
1 5 9 5 1137
9 5 0 0 1138
9 5 0 5 1138
1 5 9 0 1138
1 5 9 5 1138
5 9 0 0 1139
5 9 5 0 1139
6 1 0 9 1139
4 1 6 9 1139
9 5 0 0 1140
9 5 0 5 1140
1 5 9 0 1140
1 5 9 5 1140
5 9 0 0 1141
5 9 5 0 1141
6 1 0 9 1141
4 1 6 9 1141
5 9 0 0 1142
5 9 5 0 1142
6 1 0 9 1142
4 1 6 9 1142
5 9 0 0 1143
5 9 5 0 1143
6 1 0 9 1143
4 1 6 9 1143
9 5 0 0 1144
9 5 0 5 1144
1 5 9 0 1144
1 5 9 5 1144
9 5 0 0 1145
9 5 0 5 1145
1 5 9 0 1145
1 5 9 5 1145
5 9 0 0 1146
5 9 5 0 1146
6 1 0 9 1146
4 1 6 9 1146
9 5 0 0 1147
9 5 0 5 1147
1 5 9 0 1147
1 5 9 5 1147
9 5 0 0 1148
9 5 0 5 1148
1 5 9 0 1148
1 5 9 5 1148
5 9 0 0 1149
5 9 5 0 1149
6 1 0 9 1149
4 1 6 9 1149
9 5 0 0 1150
9 5 0 5 1150
1 5 9 0 1150
1 5 9 5 1150
5 9 0 0 1151
5 9 5 0 1151
6 1 0 9 1151
4 1 6 9 1151
5 9 0 0 1152
5 9 5 0 1152
6 1 0 9 1152
4 1 6 9 1152
5 9 0 0 1153
5 9 5 0 1153
6 1 0 9 1153
4 1 6 9 1153
5 9 0 0 1154
5 9 5 0 1154
6 1 0 9 1154
4 1 6 9 1154
5 9 0 0 1155
5 9 5 0 1155
6 1 0 9 1155
4 1 6 9 1155
9 5 0 0 1156
9 5 0 5 1156
1 5 9 0 1156
1 5 9 5 1156
5 9 0 0 1157
5 9 5 0 1157
6 1 0 9 1157
4 1 6 9 1157
5 9 0 0 1158
5 9 5 0 1158
6 1 0 9 1158
4 1 6 9 1158
9 5 0 0 1159
9 5 0 5 1159
1 5 9 0 1159
1 5 9 5 1159
9 5 0 0 1160
9 5 0 5 1160
1 5 9 0 1160
1 5 9 5 1160
9 5 0 0 1161
9 5 0 5 1161
1 5 9 0 1161
1 5 9 5 1161
5 9 0 0 1162
5 9 5 0 1162
5 1 0 9 1162
5 1 5 9 1162
9 5 0 0 1163
9 5 0 5 1163
1 5 9 0 1163
1 5 9 5 1163
5 9 0 0 1164
5 9 5 0 1164
5 1 0 9 1164
5 1 5 9 1164
5 9 0 0 1165
5 9 5 0 1165
5 1 0 9 1165
5 1 5 9 1165
5 9 0 0 1166
5 9 5 0 1166
5 1 0 9 1166
5 1 5 9 1166
9 5 0 0 1167
9 5 0 5 1167
1 5 9 0 1167
1 5 9 5 1167
5 9 0 0 1168
5 9 5 0 1168
5 1 0 9 1168
5 1 5 9 1168
9 5 0 0 1169
9 5 0 5 1169
1 5 9 0 1169
1 5 9 5 1169
5 9 0 0 1170
5 9 5 0 1170
5 1 0 9 1170
5 1 5 9 1170
9 5 0 0 1171
9 5 0 5 1171
1 5 9 0 1171
1 5 9 5 1171
5 9 0 0 1172
5 9 5 0 1172
5 1 0 9 1172
5 1 5 9 1172
7 6 0 0 1173
8 4 0 6 1173
3 6 7 0 1173
2 3 8 6 1173
7 6 0 0 1174
8 4 0 6 1174
3 6 7 0 1174
2 3 8 6 1174
6 7 0 0 1175
4 8 6 0 1175
6 3 0 7 1175
4 2 6 8 1175
7 6 0 0 1176
7 4 0 6 1176
3 7 7 0 1176
3 3 7 7 1176
7 6 0 0 1177
7 4 0 6 1177
3 7 7 0 1177
3 3 7 7 1177
7 6 0 0 1178
7 4 0 6 1178
3 7 7 0 1178
3 3 7 7 1178
6 7 0 0 1179
4 7 6 0 1179
8 3 0 7 1179
7 6 0 0 1180
7 4 0 6 1180
3 7 7 0 1180
3 3 7 7 1180
7 6 0 0 1181
7 4 0 6 1181
3 7 7 0 1181
3 3 7 7 1181
6 7 0 0 1182
4 7 6 0 1182
8 3 0 7 1182
6 7 0 0 1183
4 7 6 0 1183
8 3 0 7 1183
7 6 0 0 1184
7 4 0 6 1184
3 7 7 0 1184
3 3 7 7 1184
6 7 0 0 1185
4 7 6 0 1185
8 3 0 7 1185
7 6 0 0 1186
7 4 0 6 1186
3 7 7 0 1186
3 3 7 7 1186
6 7 0 0 1187
4 7 6 0 1187
8 3 0 7 1187
7 6 0 0 1188
7 4 0 6 1188
3 7 7 0 1188
3 3 7 7 1188
7 6 0 0 1189
7 4 0 6 1189
3 7 7 0 1189
3 3 7 7 1189
7 6 0 0 1190
7 4 0 6 1190
3 7 7 0 1190
3 3 7 7 1190
6 7 0 0 1191
4 7 6 0 1191
8 3 0 7 1191
6 7 0 0 1192
4 7 6 0 1192
7 3 0 7 1192
3 3 7 7 1192
7 6 0 0 1193
7 4 0 6 1193
3 7 7 0 1193
3 3 7 7 1193
7 6 0 0 1194
7 4 0 6 1194
3 7 7 0 1194
3 3 7 7 1194
6 7 0 0 1195
4 7 6 0 1195
7 3 0 7 1195
3 3 7 7 1195
7 6 0 0 1196
7 4 0 6 1196
3 7 7 0 1196
3 3 7 7 1196
7 6 0 0 1197
7 4 0 6 1197
3 7 7 0 1197
3 3 7 7 1197
7 6 0 0 1198
7 4 0 6 1198
3 6 7 0 1198
3 4 7 6 1198
7 6 0 0 1199
7 4 0 6 1199
3 6 7 0 1199
3 4 7 6 1199
7 6 0 0 1200
7 4 0 6 1200
3 6 7 0 1200
3 4 7 6 1200
7 6 0 0 1201
7 4 0 6 1201
3 6 7 0 1201
3 4 7 6 1201
6 7 0 0 1202
4 7 6 0 1202
7 3 0 7 1202
3 3 7 7 1202
6 7 0 0 1203
4 7 6 0 1203
7 3 0 7 1203
3 3 7 7 1203
6 7 0 0 1204
4 7 6 0 1204
7 3 0 7 1204
3 3 7 7 1204
6 7 0 0 1205
4 7 6 0 1205
6 3 0 7 1205
4 3 6 7 1205
7 6 0 0 1206
7 4 0 6 1206
3 6 7 0 1206
3 4 7 6 1206
7 6 0 0 1207
7 4 0 6 1207
3 6 7 0 1207
3 4 7 6 1207
6 7 0 0 1208
4 7 6 0 1208
6 3 0 7 1208
4 3 6 7 1208
6 7 0 0 1209
4 7 6 0 1209
6 3 0 7 1209
4 3 6 7 1209
7 6 0 0 1210
7 4 0 6 1210
3 6 7 0 1210
3 4 7 6 1210
7 6 0 0 1211
7 4 0 6 1211
3 6 7 0 1211
3 4 7 6 1211
6 7 0 0 1212
4 7 6 0 1212
6 3 0 7 1212
4 3 6 7 1212
7 6 0 0 1213
7 4 0 6 1213
3 6 7 0 1213
3 4 7 6 1213
6 7 0 0 1214
4 7 6 0 1214
6 3 0 7 1214
4 3 6 7 1214
7 6 0 0 1215
7 4 0 6 1215
3 6 7 0 1215
3 4 7 6 1215
7 6 0 0 1216
7 4 0 6 1216
3 6 7 0 1216
3 4 7 6 1216
6 7 0 0 1217
4 7 6 0 1217
6 3 0 7 1217
4 3 6 7 1217
7 6 0 0 1218
7 4 0 6 1218
3 6 7 0 1218
3 4 7 6 1218
6 7 0 0 1219
4 7 6 0 1219
6 3 0 7 1219
4 3 6 7 1219
6 7 0 0 1220
4 7 6 0 1220
6 3 0 7 1220
4 3 6 7 1220
7 6 0 0 1221
7 4 0 6 1221
3 6 7 0 1221
3 4 7 6 1221
6 7 0 0 1222
4 7 6 0 1222
6 3 0 7 1222
4 3 6 7 1222
6 7 0 0 1223
4 7 6 0 1223
6 3 0 7 1223
4 3 6 7 1223
7 6 0 0 1224
7 4 0 6 1224
3 6 7 0 1224
3 4 7 6 1224
7 6 0 0 1225
7 4 0 6 1225
3 6 7 0 1225
3 4 7 6 1225
7 6 0 0 1226
7 4 0 6 1226
3 6 7 0 1226
3 4 7 6 1226
7 6 0 0 1227
7 4 0 6 1227
3 6 7 0 1227
3 4 7 6 1227
7 6 0 0 1228
7 4 0 6 1228
3 6 7 0 1228
3 4 7 6 1228
6 7 0 0 1229
4 7 6 0 1229
6 3 0 7 1229
4 3 6 7 1229
7 6 0 0 1230
7 4 0 6 1230
3 6 7 0 1230
3 4 7 6 1230
7 6 0 0 1231
7 4 0 6 1231
3 6 7 0 1231
3 4 7 6 1231
7 6 0 0 1232
7 4 0 6 1232
3 6 7 0 1232
3 4 7 6 1232
6 7 0 0 1233
4 7 6 0 1233
6 3 0 7 1233
4 3 6 7 1233
6 7 0 0 1234
4 7 6 0 1234
6 3 0 7 1234
4 3 6 7 1234
6 7 0 0 1235
4 7 6 0 1235
6 3 0 7 1235
4 3 6 7 1235
7 6 0 0 1236
7 4 0 6 1236
3 6 7 0 1236
3 4 7 6 1236
6 7 0 0 1237
4 7 6 0 1237
6 3 0 7 1237
4 3 6 7 1237
6 7 0 0 1238
4 7 6 0 1238
6 3 0 7 1238
4 3 6 7 1238
7 6 0 0 1239
7 4 0 6 1239
3 6 7 0 1239
3 4 7 6 1239
6 7 0 0 1240
4 7 6 0 1240
6 3 0 7 1240
4 3 6 7 1240
6 7 0 0 1241
4 7 6 0 1241
6 3 0 7 1241
4 3 6 7 1241
6 7 0 0 1242
4 7 6 0 1242
6 3 0 7 1242
4 3 6 7 1242
7 6 0 0 1243
7 4 0 6 1243
3 6 7 0 1243
3 4 7 6 1243
7 6 0 0 1244
6 4 0 6 1244
3 6 7 0 1244
4 4 6 6 1244
6 7 0 0 1245
4 7 6 0 1245
6 3 0 7 1245
4 3 6 7 1245
6 7 0 0 1246
4 7 6 0 1246
6 3 0 7 1246
4 3 6 7 1246
7 6 0 0 1247
6 4 0 6 1247
3 6 7 0 1247
4 4 6 6 1247
7 6 0 0 1248
6 4 0 6 1248
3 6 7 0 1248
4 4 6 6 1248
7 6 0 0 1249
6 4 0 6 1249
3 6 7 0 1249
4 4 6 6 1249
7 6 0 0 1250
6 4 0 6 1250
3 6 7 0 1250
4 4 6 6 1250
6 7 0 0 1251
4 7 6 0 1251
6 3 0 7 1251
4 3 6 7 1251
6 7 0 0 1252
4 7 6 0 1252
6 3 0 7 1252
4 3 6 7 1252
6 7 0 0 1253
4 7 6 0 1253
6 3 0 7 1253
4 3 6 7 1253
7 6 0 0 1254
6 4 0 6 1254
3 6 7 0 1254
4 4 6 6 1254
7 6 0 0 1255
6 4 0 6 1255
3 6 7 0 1255
4 4 6 6 1255
6 7 0 0 1256
4 7 6 0 1256
6 3 0 7 1256
4 3 6 7 1256
6 7 0 0 1257
4 7 6 0 1257
6 3 0 7 1257
4 3 6 7 1257
7 6 0 0 1258
6 4 0 6 1258
3 6 7 0 1258
4 4 6 6 1258
7 6 0 0 1259
6 4 0 6 1259
3 6 7 0 1259
4 4 6 6 1259
7 6 0 0 1260
6 4 0 6 1260
3 6 7 0 1260
4 4 6 6 1260
6 7 0 0 1261
4 7 6 0 1261
6 3 0 7 1261
4 3 6 7 1261
7 6 0 0 1262
6 4 0 6 1262
3 6 7 0 1262
4 4 6 6 1262
7 6 0 0 1263
6 4 0 6 1263
3 6 7 0 1263
4 4 6 6 1263
7 6 0 0 1264
6 4 0 6 1264
3 6 7 0 1264
4 4 6 6 1264
7 6 0 0 1265
6 4 0 6 1265
3 6 7 0 1265
4 4 6 6 1265
7 6 0 0 1266
6 4 0 6 1266
3 6 7 0 1266
4 4 6 6 1266
7 6 0 0 1267
6 4 0 6 1267
3 6 7 0 1267
4 4 6 6 1267
7 6 0 0 1268
6 4 0 6 1268
3 6 7 0 1268
4 4 6 6 1268
6 7 0 0 1269
4 7 6 0 1269
6 3 0 7 1269
4 3 6 7 1269
6 7 0 0 1270
4 7 6 0 1270
6 3 0 7 1270
4 3 6 7 1270
7 6 0 0 1271
6 4 0 6 1271
3 6 7 0 1271
4 4 6 6 1271
7 6 0 0 1272
6 4 0 6 1272
3 6 7 0 1272
4 4 6 6 1272
7 6 0 0 1273
6 4 0 6 1273
3 6 7 0 1273
4 4 6 6 1273
7 6 0 0 1274
6 4 0 6 1274
3 6 7 0 1274
4 4 6 6 1274
7 6 0 0 1275
6 4 0 6 1275
3 6 7 0 1275
4 4 6 6 1275
6 7 0 0 1276
4 7 6 0 1276
6 3 0 7 1276
4 3 6 7 1276
6 7 0 0 1277
4 7 6 0 1277
6 3 0 7 1277
4 3 6 7 1277
5 8 0 0 1278
5 8 5 0 1278
6 2 0 8 1278
4 2 6 8 1278
8 5 0 0 1279
8 5 0 5 1279
2 5 8 0 1279
2 5 8 5 1279
5 8 0 0 1280
5 8 5 0 1280
6 2 0 8 1280
4 2 6 8 1280
8 5 0 0 1281
8 5 0 5 1281
2 5 8 0 1281
2 5 8 5 1281
5 8 0 0 1282
5 8 5 0 1282
6 2 0 8 1282
4 2 6 8 1282
5 8 0 0 1283
5 8 5 0 1283
6 2 0 8 1283
4 2 6 8 1283
5 8 0 0 1284
5 8 5 0 1284
6 2 0 8 1284
4 2 6 8 1284
8 5 0 0 1285
8 5 0 5 1285
2 5 8 0 1285
2 5 8 5 1285
8 5 0 0 1286
8 5 0 5 1286
2 5 8 0 1286
2 5 8 5 1286
8 5 0 0 1287
8 5 0 5 1287
2 5 8 0 1287
2 5 8 5 1287
8 5 0 0 1288
8 5 0 5 1288
2 5 8 0 1288
2 5 8 5 1288
8 5 0 0 1289
8 5 0 5 1289
2 5 8 0 1289
2 5 8 5 1289
8 5 0 0 1290
8 5 0 5 1290
2 5 8 0 1290
2 5 8 5 1290
8 5 0 0 1291
8 5 0 5 1291
2 5 8 0 1291
2 5 8 5 1291
5 8 0 0 1292
5 8 5 0 1292
6 2 0 8 1292
4 2 6 8 1292
5 8 0 0 1293
5 8 5 0 1293
6 2 0 8 1293
4 2 6 8 1293
5 8 0 0 1294
5 8 5 0 1294
6 2 0 8 1294
4 2 6 8 1294
5 8 0 0 1295
5 8 5 0 1295
6 2 0 8 1295
4 2 6 8 1295
5 8 0 0 1296
5 8 5 0 1296
6 2 0 8 1296
4 2 6 8 1296
5 8 0 0 1297
5 8 5 0 1297
6 2 0 8 1297
4 2 6 8 1297
8 5 0 0 1298
8 5 0 5 1298
2 5 8 0 1298
2 5 8 5 1298
8 5 0 0 1299
8 5 0 5 1299
2 5 8 0 1299
2 5 8 5 1299
8 5 0 0 1300
8 5 0 5 1300
2 5 8 0 1300
1 4 8 5 1300
1 4 9 5 1300
5 8 0 0 1301
5 8 5 0 1301
6 2 0 8 1301
4 2 6 8 1301
5 8 0 0 1302
5 8 5 0 1302
6 2 0 8 1302
4 2 6 8 1302
8 5 0 0 1303
8 5 0 5 1303
1 4 8 0 1303
1 4 9 0 1303
1 4 8 4 1303
1 4 9 4 1303
5 8 0 0 1304
5 8 5 0 1304
6 2 0 8 1304
4 2 6 8 1304
8 5 0 0 1305
8 5 0 5 1305
1 4 8 0 1305
1 4 9 0 1305
1 4 8 4 1305
1 4 9 4 1305
8 5 0 0 1306
8 5 0 5 1306
1 4 8 0 1306
1 4 9 0 1306
1 4 8 4 1306
5 8 0 0 1307
5 8 5 0 1307
6 2 0 8 1307
4 2 6 8 1307
8 5 0 0 1308
8 5 0 5 1308
8 5 0 0 1309
8 5 0 5 1309
5 8 0 0 1310
5 8 5 0 1310
6 2 0 8 1310
4 2 6 8 1310
8 5 0 0 1311
8 5 0 5 1311
8 5 0 0 1312
8 5 0 5 1312
8 5 0 0 1313
8 5 0 5 1313
5 8 0 0 1314
5 8 5 0 1314
6 2 0 8 1314
4 2 6 8 1314
8 5 0 0 1315
8 5 0 5 1315
8 5 0 0 1316
8 5 0 5 1316
8 5 0 0 1317
8 5 0 5 1317
5 8 0 0 1318
5 8 5 0 1318
6 2 0 8 1318
4 2 6 8 1318
8 5 0 0 1319
8 5 0 5 1319
8 5 0 0 1320
8 5 0 5 1320
5 8 0 0 1321
5 8 5 0 1321
6 2 0 8 1321
4 2 6 8 1321
8 5 0 0 1322
8 5 0 5 1322
8 5 0 0 1323
8 5 0 5 1323
5 8 0 0 1324
5 8 5 0 1324
6 2 0 8 1324
4 2 6 8 1324
8 5 0 0 1325
8 5 0 5 1325
5 8 0 0 1326
5 8 5 0 1326
6 2 0 8 1326
4 2 6 8 1326
8 5 0 0 1327
8 5 0 5 1327
5 8 0 0 1328
5 8 5 0 1328
6 2 0 8 1328
4 2 6 8 1328
8 5 0 0 1329
8 5 0 5 1329
5 8 0 0 1330
5 8 5 0 1330
6 2 0 8 1330
4 2 6 8 1330
8 5 0 0 1331
8 5 0 5 1331
8 5 0 0 1332
8 5 0 5 1332
8 5 0 0 1333
7 5 0 5 1333
3 5 7 5 1333
6 6 0 0 1334
4 7 6 0 1334
6 4 0 6 1334
4 3 6 7 1334
6 6 0 0 1335
4 7 6 0 1335
6 4 0 6 1335
4 3 6 7 1335
6 6 0 0 1336
4 7 6 0 1336
6 4 0 6 1336
4 3 6 7 1336
6 6 0 0 1337
4 7 6 0 1337
6 4 0 6 1337
4 3 6 7 1337
6 6 0 0 1338
4 6 6 0 1338
6 4 0 6 1338
4 4 6 6 1338
6 6 0 0 1339
4 6 6 0 1339
6 4 0 6 1339
4 4 6 6 1339
6 6 0 0 1340
4 6 6 0 1340
6 4 0 6 1340
4 4 6 6 1340
6 6 0 0 1341
4 6 6 0 1341
6 4 0 6 1341
4 4 6 6 1341
6 6 0 0 1342
4 6 6 0 1342
6 4 0 6 1342
4 4 6 6 1342
6 6 0 0 1343
4 6 6 0 1343
6 4 0 6 1343
4 4 6 6 1343
6 6 0 0 1344
4 6 6 0 1344
6 4 0 6 1344
4 4 6 6 1344
6 6 0 0 1345
4 6 6 0 1345
6 4 0 6 1345
4 4 6 6 1345
6 6 0 0 1346
4 6 6 0 1346
6 4 0 6 1346
4 4 6 6 1346
6 6 0 0 1347
4 6 6 0 1347
6 4 0 6 1347
4 4 6 6 1347
6 6 0 0 1348
4 6 6 0 1348
6 4 0 6 1348
4 4 6 6 1348
6 6 0 0 1349
4 6 6 0 1349
6 4 0 6 1349
4 4 6 6 1349
6 6 0 0 1350
4 6 6 0 1350
6 4 0 6 1350
4 4 6 6 1350
6 6 0 0 1351
4 6 6 0 1351
6 4 0 6 1351
4 4 6 6 1351
6 6 0 0 1352
4 6 6 0 1352
6 4 0 6 1352
4 4 6 6 1352
6 6 0 0 1353
4 6 6 0 1353
6 4 0 6 1353
4 4 6 6 1353
6 6 0 0 1354
4 6 6 0 1354
6 4 0 6 1354
4 4 6 6 1354
6 6 0 0 1355
4 6 6 0 1355
6 4 0 6 1355
4 4 6 6 1355
6 6 0 0 1356
4 6 6 0 1356
6 4 0 6 1356
4 4 6 6 1356
6 6 0 0 1357
4 6 6 0 1357
6 4 0 6 1357
4 4 6 6 1357
6 6 0 0 1358
4 6 6 0 1358
6 4 0 6 1358
4 4 6 6 1358
6 6 0 0 1359
4 6 6 0 1359
6 4 0 6 1359
4 4 6 6 1359
6 6 0 0 1360
4 6 6 0 1360
6 4 0 6 1360
4 4 6 6 1360
6 6 0 0 1361
4 6 6 0 1361
6 4 0 6 1361
4 4 6 6 1361
6 6 0 0 1362
4 6 6 0 1362
6 4 0 6 1362
4 4 6 6 1362
6 6 0 0 1363
4 6 6 0 1363
6 4 0 6 1363
4 4 6 6 1363
6 6 0 0 1364
4 6 6 0 1364
6 4 0 6 1364
4 4 6 6 1364
6 6 0 0 1365
4 6 6 0 1365
6 4 0 6 1365
4 4 6 6 1365
6 6 0 0 1366
4 6 6 0 1366
6 4 0 6 1366
4 4 6 6 1366
6 6 0 0 1367
4 6 6 0 1367
6 4 0 6 1367
4 4 6 6 1367
6 6 0 0 1368
4 6 6 0 1368
6 4 0 6 1368
3 4 6 6 1368
6 6 0 0 1369
4 6 6 0 1369
6 4 0 6 1369
3 4 6 6 1369
6 6 0 0 1370
4 6 6 0 1370
6 4 0 6 1370
3 4 6 6 1370
6 6 0 0 1371
4 6 6 0 1371
6 4 0 6 1371
3 4 6 6 1371
6 6 0 0 1372
4 6 6 0 1372
6 4 0 6 1372
3 4 6 6 1372
6 6 0 0 1373
4 6 6 0 1373
6 4 0 6 1373
3 4 6 6 1373
6 6 0 0 1374
4 6 6 0 1374
5 4 0 6 1374
5 4 5 6 1374
6 6 0 0 1375
4 6 6 0 1375
5 4 0 6 1375
5 4 5 6 1375
6 6 0 0 1376
4 6 6 0 1376
5 4 0 6 1376
5 4 5 6 1376
6 6 0 0 1377
4 6 6 0 1377
5 4 0 6 1377
5 4 5 6 1377
5 7 0 0 1378
5 7 5 0 1378
6 3 0 7 1378
4 3 6 7 1378
5 7 0 0 1379
5 7 5 0 1379
6 3 0 7 1379
4 3 6 7 1379
5 7 0 0 1380
5 7 5 0 1380
6 3 0 7 1380
4 3 6 7 1380
7 5 0 0 1381
7 5 0 5 1381
3 6 7 0 1381
3 4 7 6 1381
5 7 0 0 1382
5 7 5 0 1382
6 3 0 7 1382
4 3 6 7 1382
7 5 0 0 1383
7 5 0 5 1383
3 6 7 0 1383
3 4 7 6 1383
7 5 0 0 1384
7 5 0 5 1384
3 6 7 0 1384
3 4 7 6 1384
5 7 0 0 1385
5 7 5 0 1385
6 3 0 7 1385
4 3 6 7 1385
7 5 0 0 1386
7 5 0 5 1386
3 6 7 0 1386
3 4 7 6 1386
7 5 0 0 1387
7 5 0 5 1387
3 5 7 0 1387
3 5 7 5 1387
5 7 0 0 1388
5 7 5 0 1388
6 3 0 7 1388
4 3 6 7 1388
7 5 0 0 1389
7 5 0 5 1389
3 5 7 0 1389
3 5 7 5 1389
5 7 0 0 1390
5 7 5 0 1390
6 3 0 7 1390
4 3 6 7 1390
5 7 0 0 1391
5 7 5 0 1391
6 3 0 7 1391
4 3 6 7 1391
5 7 0 0 1392
5 7 5 0 1392
6 3 0 7 1392
4 3 6 7 1392
7 5 0 0 1393
7 5 0 5 1393
3 5 7 0 1393
3 5 7 5 1393
7 5 0 0 1394
7 5 0 5 1394
3 5 7 0 1394
3 5 7 5 1394
7 5 0 0 1395
7 5 0 5 1395
3 5 7 0 1395
3 5 7 5 1395
7 5 0 0 1396
7 5 0 5 1396
3 5 7 0 1396
3 5 7 5 1396
5 7 0 0 1397
5 7 5 0 1397
6 3 0 7 1397
4 3 6 7 1397
7 5 0 0 1398
7 5 0 5 1398
3 5 7 0 1398
3 5 7 5 1398
5 7 0 0 1399
5 7 5 0 1399
6 3 0 7 1399
4 3 6 7 1399
5 7 0 0 1400
5 7 5 0 1400
6 3 0 7 1400
4 3 6 7 1400
5 7 0 0 1401
5 7 5 0 1401
5 3 0 7 1401
5 3 5 7 1401
7 5 0 0 1402
7 5 0 5 1402
3 5 7 0 1402
3 5 7 5 1402
5 7 0 0 1403
5 7 5 0 1403
5 3 0 7 1403
5 3 5 7 1403
5 7 0 0 1404
5 7 5 0 1404
5 3 0 7 1404
5 3 5 7 1404
7 5 0 0 1405
7 5 0 5 1405
3 5 7 0 1405
3 5 7 5 1405
7 5 0 0 1406
7 5 0 5 1406
3 5 7 0 1406
3 5 7 5 1406
5 7 0 0 1407
5 7 5 0 1407
5 3 0 7 1407
5 3 5 7 1407
7 5 0 0 1408
7 5 0 5 1408
3 5 7 0 1408
3 5 7 5 1408
5 7 0 0 1409
5 7 5 0 1409
5 3 0 7 1409
5 3 5 7 1409
5 7 0 0 1410
5 7 5 0 1410
5 3 0 7 1410
5 3 5 7 1410
7 5 0 0 1411
7 5 0 5 1411
3 5 7 0 1411
3 5 7 5 1411
5 7 0 0 1412
5 7 5 0 1412
5 3 0 7 1412
5 3 5 7 1412
7 5 0 0 1413
7 5 0 5 1413
3 5 7 0 1413
3 5 7 5 1413
5 7 0 0 1414
5 7 5 0 1414
5 3 0 7 1414
5 3 5 7 1414
7 5 0 0 1415
7 5 0 5 1415
3 5 7 0 1415
3 5 7 5 1415
5 7 0 0 1416
5 7 5 0 1416
5 3 0 7 1416
5 3 5 7 1416
7 5 0 0 1417
7 5 0 5 1417
3 5 7 0 1417
3 5 7 5 1417
5 7 0 0 1418
5 7 5 0 1418
5 3 0 7 1418
5 3 5 7 1418
5 7 0 0 1419
5 7 5 0 1419
5 3 0 7 1419
5 3 5 7 1419
5 7 0 0 1420
5 7 5 0 1420
5 3 0 7 1420
5 3 5 7 1420
7 5 0 0 1421
7 5 0 5 1421
3 5 7 0 1421
3 5 7 5 1421
7 5 0 0 1422
7 5 0 5 1422
3 5 7 0 1422
3 5 7 5 1422
7 5 0 0 1423
6 5 0 5 1423
4 5 6 5 1423
3 5 7 0 1423
5 7 0 0 1424
5 6 5 0 1424
5 4 5 6 1424
5 3 0 7 1424
5 6 0 0 1425
5 6 5 0 1425
5 4 0 6 1425
5 4 5 6 1425
6 5 0 0 1426
6 5 0 5 1426
4 6 6 0 1426
3 4 6 6 1426
6 5 0 0 1427
6 5 0 5 1427
4 6 6 0 1427
3 4 6 6 1427
6 5 0 0 1428
6 5 0 5 1428
4 6 6 0 1428
3 4 6 6 1428
5 6 0 0 1429
5 6 5 0 1429
5 4 0 6 1429
5 4 5 6 1429
5 6 0 0 1430
5 6 5 0 1430
5 4 0 6 1430
5 4 5 6 1430
5 6 0 0 1431
5 6 5 0 1431
5 4 0 6 1431
5 4 5 6 1431
5 6 0 0 1432
5 6 5 0 1432
5 4 0 6 1432
5 4 5 6 1432
5 6 0 0 1433
5 6 5 0 1433
5 4 0 6 1433
5 4 5 6 1433
6 5 0 0 1434
6 5 0 5 1434
4 6 6 0 1434
3 4 6 6 1434
5 6 0 0 1435
5 6 5 0 1435
5 4 0 6 1435
5 4 5 6 1435
5 6 0 0 1436
5 6 5 0 1436
5 4 0 6 1436
5 4 5 6 1436
6 5 0 0 1437
6 5 0 5 1437
4 6 6 0 1437
3 4 6 6 1437
5 6 0 0 1438
5 6 5 0 1438
5 4 0 6 1438
5 4 5 6 1438
6 5 0 0 1439
6 5 0 5 1439
4 6 6 0 1439
3 4 6 6 1439
6 5 0 0 1440
6 5 0 5 1440
4 6 6 0 1440
3 4 6 6 1440
5 6 0 0 1441
5 6 5 0 1441
5 4 0 6 1441
5 4 5 6 1441
5 6 0 0 1442
5 6 5 0 1442
5 4 0 6 1442
5 4 5 6 1442
6 5 0 0 1443
6 5 0 5 1443
4 6 6 0 1443
3 4 6 6 1443
6 5 0 0 1444
6 5 0 5 1444
4 6 6 0 1444
3 4 6 6 1444
6 5 0 0 1445
6 5 0 5 1445
4 6 6 0 1445
3 4 6 6 1445
5 6 0 0 1446
5 6 5 0 1446
5 4 0 6 1446
5 4 5 6 1446
5 6 0 0 1447
5 6 5 0 1447
5 4 0 6 1447
5 4 5 6 1447
5 6 0 0 1448
5 6 5 0 1448
5 4 0 6 1448
5 4 5 6 1448
5 6 0 0 1449
5 6 5 0 1449
5 3 0 6 1449
5 3 5 6 1449
5 1 0 9 1449
5 1 5 9 1449
5 6 0 0 1450
5 6 5 0 1450
5 3 0 6 1450
5 3 5 6 1450
5 1 0 9 1450
5 1 5 9 1450
5 6 0 0 1451
5 6 5 0 1451
5 3 0 6 1451
5 3 5 6 1451
5 1 0 9 1451
5 1 5 9 1451
6 5 0 0 1452
6 5 0 5 1452
4 6 6 0 1452
3 4 6 6 1452
5 6 0 0 1453
5 6 5 0 1453
5 3 0 6 1453
5 3 5 6 1453
5 1 0 9 1453
5 1 5 9 1453
5 6 0 0 1454
5 6 5 0 1454
5 3 0 6 1454
5 3 5 6 1454
5 1 0 9 1454
5 1 5 9 1454
6 5 0 0 1455
6 5 0 5 1455
4 6 6 0 1455
3 4 6 6 1455
6 5 0 0 1456
6 5 0 5 1456
4 6 6 0 1456
3 4 6 6 1456
5 6 0 0 1457
5 6 5 0 1457
5 3 0 6 1457
5 3 5 6 1457
5 1 0 9 1457
5 1 5 9 1457
5 6 0 0 1458
5 6 5 0 1458
5 3 0 6 1458
5 3 5 6 1458
5 1 0 9 1458
5 1 5 9 1458
6 5 0 0 1459
6 5 0 5 1459
4 6 6 0 1459
3 4 6 6 1459
6 5 0 0 1460
6 5 0 5 1460
4 6 6 0 1460
3 4 6 6 1460
6 5 0 0 1461
6 5 0 5 1461
4 6 6 0 1461
3 3 6 6 1461
3 1 6 9 1461
5 6 0 0 1462
5 6 5 0 1462
5 3 0 6 1462
5 3 5 6 1462
5 1 0 9 1462
5 1 5 9 1462
6 5 0 0 1463
6 5 0 5 1463
4 5 6 0 1463
4 5 6 5 1463
6 5 0 0 1464
6 5 0 5 1464
4 5 6 0 1464
4 5 6 5 1464
5 6 0 0 1465
5 6 5 0 1465
5 3 0 6 1465
5 3 5 6 1465
5 1 0 9 1465
5 1 5 9 1465
6 5 0 0 1466
6 5 0 5 1466
4 5 6 0 1466
4 5 6 5 1466
6 5 0 0 1467
6 5 0 5 1467
4 5 6 0 1467
4 5 6 5 1467
5 6 0 0 1468
5 6 5 0 1468
5 3 0 6 1468
5 3 5 6 1468
5 1 0 9 1468
5 1 5 9 1468
5 6 0 0 1469
5 6 5 0 1469
5 3 0 6 1469
5 3 5 6 1469
5 1 0 9 1469
5 1 5 9 1469
5 6 0 0 1470
5 6 5 0 1470
5 3 0 6 1470
5 3 5 6 1470
5 1 0 9 1470
5 1 5 9 1470
5 6 0 0 1471
5 6 5 0 1471
5 3 0 6 1471
5 3 5 6 1471
5 1 0 9 1471
5 1 5 9 1471
5 6 0 0 1472
5 6 5 0 1472
5 3 0 6 1472
5 3 5 6 1472
5 1 0 9 1472
5 1 5 9 1472
6 5 0 0 1473
5 5 0 5 1473
5 5 5 5 1473
4 5 6 0 1473
5 6 0 0 1474
5 6 5 0 1474
5 3 0 6 1474
5 3 5 6 1474
5 1 0 9 1474
5 1 5 9 1474
5 6 0 0 1475
5 5 5 0 1475
5 5 5 5 1475
5 3 0 6 1475
5 1 0 9 1475
5 5 0 0 1476
5 5 0 5 1476
5 5 5 0 1476
5 5 5 5 1476
5 5 0 0 1477
5 5 0 5 1477
5 5 5 0 1477
5 5 5 5 1477
5 5 0 0 1478
5 5 0 5 1478
5 5 5 0 1478
5 5 5 5 1478
5 5 0 0 1479
5 5 0 5 1479
5 5 5 0 1479
5 5 5 5 1479
5 5 0 0 1480
5 5 0 5 1480
5 5 5 0 1480
5 5 5 5 1480
5 5 0 0 1481
5 5 0 5 1481
5 5 5 0 1481
5 5 5 5 1481
5 5 0 0 1482
5 5 0 5 1482
5 5 5 0 1482
5 5 5 5 1482
5 5 0 0 1483
5 5 0 5 1483
5 5 5 0 1483
5 5 5 5 1483
5 5 0 0 1484
5 5 0 5 1484
5 5 5 0 1484
5 5 5 5 1484
5 5 0 0 1485
5 5 0 5 1485
5 5 5 0 1485
5 5 5 5 1485
5 5 0 0 1486
5 5 0 5 1486
4 5 5 0 1486
4 5 5 5 1486
4 5 0 0 1487
4 5 0 5 1487
4 5 4 0 1487
4 5 4 5 1487
4 5 0 0 1488
4 5 0 5 1488
4 5 4 0 1488
4 5 4 5 1488
4 5 0 0 1489
4 5 0 5 1489
4 5 4 0 1489
4 5 4 5 1489
4 5 0 0 1490
4 5 0 5 1490
4 5 4 0 1490
4 5 4 5 1490
4 5 0 0 1491
4 5 0 5 1491
4 5 4 0 1491
4 5 4 5 1491
4 5 0 0 1492
4 5 0 5 1492
4 5 4 0 1492
4 5 4 5 1492
4 5 0 0 1493
4 5 0 5 1493
4 5 4 0 1493
4 5 4 5 1493
4 5 0 0 1494
4 5 0 5 1494
4 5 4 0 1494
4 5 4 5 1494
4 5 0 0 1495
4 5 0 5 1495
4 5 4 0 1495
3 5 4 5 1495
3 5 7 5 1495
3 5 0 0 1496
3 5 0 5 1496
3 5 3 0 1496
3 5 6 0 1496
3 5 3 5 1496
3 5 6 5 1496
3 5 0 0 1497
3 5 0 5 1497
5 3 3 0 1497
5 3 3 3 1497
5 3 3 6 1497
5 1 3 9 1497
3 5 0 0 1498
3 5 0 5 1498
5 3 3 0 1498
3 5 3 3 1498
3 5 6 3 1498
6 2 3 8 1498
3 5 0 0 1499
5 3 3 0 1499
5 3 3 3 1499
3 5 0 5 1499
5 3 3 6 1499
5 1 3 9 1499
3 5 0 0 1500
6 2 3 0 1500
6 2 3 2 1500
6 2 3 4 1500
6 2 3 6 1500
6 2 3 8 1500
3 3 0 5 1500
6 2 0 0 1501
6 2 0 2 1501
6 2 0 4 1501
6 2 0 6 1501
6 2 0 8 1501
3 3 6 0 1501
3 3 6 3 1501
3 3 6 6 1501
6 2 0 0 1502
6 2 0 2 1502
6 2 0 4 1502
6 2 0 6 1502
6 2 0 8 1502
4 2 6 0 1502
4 2 6 2 1502
4 2 6 4 1502
4 2 6 6 1502
4 2 6 8 1502
6 2 0 0 1503
6 2 0 2 1503
6 2 0 4 1503
6 2 0 6 1503
6 2 0 8 1503
4 2 6 0 1503
4 2 6 2 1503
4 2 6 4 1503
4 2 6 6 1503
4 2 6 8 1503
6 2 0 0 1504
6 2 0 2 1504
5 2 0 4 1504
5 2 0 6 1504
5 2 0 8 1504
5 2 5 4 1504
5 2 5 6 1504
5 2 5 8 1504
4 2 6 0 1504
4 2 6 2 1504
5 2 0 0 1505
5 2 5 0 1505
5 2 0 2 1505
5 2 5 2 1505
5 2 0 4 1505
5 2 0 6 1505
5 2 0 8 1505
5 2 5 4 1505
5 2 5 6 1505
5 2 5 8 1505
5 2 0 0 1506
5 2 5 0 1506
5 2 0 2 1506
5 2 5 2 1506
5 2 0 4 1506
5 2 0 6 1506
5 2 0 8 1506
5 2 5 4 1506
5 2 5 6 1506
5 2 5 8 1506
5 2 0 0 1507
5 2 5 0 1507
5 2 0 2 1507
5 2 5 2 1507
5 2 0 4 1507
5 2 0 6 1507
5 2 0 8 1507
5 2 5 4 1507
5 2 5 6 1507
5 2 5 8 1507
5 2 0 0 1508
5 2 5 0 1508
5 2 0 2 1508
5 2 5 2 1508
5 2 0 4 1508
5 2 0 6 1508
4 2 0 8 1508
4 2 5 4 1508
4 2 5 6 1508
4 2 4 8 1508
4 2 0 0 1509
4 2 4 0 1509
4 2 0 2 1509
4 2 0 4 1509
5 1 4 2 1509
5 1 4 3 1509
5 1 4 4 1509
5 1 4 5 1509
5 1 0 6 1509
5 1 0 7 1509
5 1 0 8 1509
5 1 0 9 1509
5 1 5 6 1509
5 1 5 7 1509
5 1 5 8 1509
5 1 5 9 1509
5 1 0 0 1510
5 1 5 0 1510
4 1 0 1 1510
4 1 4 1 1510
4 1 0 2 1510
4 1 4 2 1510
4 1 0 3 1510
4 1 0 4 1510
4 1 0 5 1510
4 1 0 6 1510
4 1 0 7 1510
4 1 0 8 1510
4 1 0 9 1510
4 1 4 3 1510
4 1 4 4 1510
4 1 4 5 1510
4 1 4 6 1510
