% State of a bin packing problem:
%
% Bin number: 614
% Total uncovered points: 600
% Total covered points: 60800
% Number of boxes: 5000
% Unused boxes: 0
% Runtime: None
%
% Bin size:
10 10
%
% Boxes (width, height) not in some bins:
%
% Boxes (width, height, x_position, y_position, bin_id) in bins:
4 9 0 0 0
4 9 4 0 0
2 7 8 0 0
8 1 0 9 0
2 3 8 7 0
4 9 0 0 1
4 9 4 0 1
2 7 8 0 1
8 1 0 9 1
2 3 8 7 1
4 9 0 0 2
4 9 4 0 2
2 7 8 0 2
8 1 0 9 2
2 3 8 7 2
4 9 0 0 3
4 9 4 0 3
2 7 8 0 3
8 1 0 9 3
2 3 8 7 3
4 9 0 0 4
4 9 4 0 4
2 7 8 0 4
8 1 0 9 4
2 3 8 7 4
4 9 0 0 5
4 9 4 0 5
2 7 8 0 5
8 1 0 9 5
2 3 8 7 5
4 9 0 0 6
4 9 4 0 6
2 7 8 0 6
8 1 0 9 6
2 3 8 7 6
4 9 0 0 7
4 9 4 0 7
2 7 8 0 7
8 1 0 9 7
2 3 8 7 7
4 9 0 0 8
4 9 4 0 8
2 7 8 0 8
8 1 0 9 8
2 3 8 7 8
4 9 0 0 9
4 9 4 0 9
2 7 8 0 9
8 1 0 9 9
2 3 8 7 9
4 9 0 0 10
4 9 4 0 10
2 7 8 0 10
8 1 0 9 10
2 3 8 7 10
4 9 0 0 11
4 9 4 0 11
2 7 8 0 11
8 1 0 9 11
2 3 8 7 11
4 9 0 0 12
4 9 4 0 12
2 7 8 0 12
8 1 0 9 12
2 3 8 7 12
4 9 0 0 13
4 9 4 0 13
2 7 8 0 13
8 1 0 9 13
2 3 8 7 13
4 9 0 0 14
4 9 4 0 14
2 7 8 0 14
8 1 0 9 14
2 3 8 7 14
4 9 0 0 15
4 9 4 0 15
2 7 8 0 15
8 1 0 9 15
2 3 8 7 15
4 9 0 0 16
4 9 4 0 16
2 7 8 0 16
8 1 0 9 16
2 3 8 7 16
4 9 0 0 17
4 9 4 0 17
2 7 8 0 17
8 1 0 9 17
2 3 8 7 17
4 9 0 0 18
4 9 4 0 18
2 7 8 0 18
8 1 0 9 18
2 3 8 7 18
4 9 0 0 19
4 9 4 0 19
2 7 8 0 19
8 1 0 9 19
2 3 8 7 19
4 9 0 0 20
4 9 4 0 20
2 7 8 0 20
8 1 0 9 20
2 3 8 7 20
4 9 0 0 21
4 9 4 0 21
2 7 8 0 21
8 1 0 9 21
2 3 8 7 21
4 9 0 0 22
4 9 4 0 22
2 7 8 0 22
8 1 0 9 22
2 3 8 7 22
4 9 0 0 23
4 9 4 0 23
2 7 8 0 23
8 1 0 9 23
2 3 8 7 23
4 9 0 0 24
4 9 4 0 24
2 7 8 0 24
8 1 0 9 24
2 3 8 7 24
4 9 0 0 25
4 9 4 0 25
2 7 8 0 25
8 1 0 9 25
2 3 8 7 25
4 9 0 0 26
4 9 4 0 26
2 7 8 0 26
8 1 0 9 26
2 3 8 7 26
4 9 0 0 27
4 9 4 0 27
2 7 8 0 27
8 1 0 9 27
2 3 8 7 27
4 9 0 0 28
4 9 4 0 28
2 7 8 0 28
8 1 0 9 28
2 3 8 7 28
4 9 0 0 29
4 9 4 0 29
2 7 8 0 29
8 1 0 9 29
2 3 8 7 29
4 9 0 0 30
4 9 4 0 30
2 7 8 0 30
8 1 0 9 30
2 3 8 7 30
4 9 0 0 31
4 9 4 0 31
2 7 8 0 31
8 1 0 9 31
2 3 8 7 31
4 9 0 0 32
4 9 4 0 32
2 7 8 0 32
8 1 0 9 32
2 3 8 7 32
4 9 0 0 33
4 9 4 0 33
2 7 8 0 33
8 1 0 9 33
2 3 8 7 33
4 9 0 0 34
4 9 4 0 34
2 7 8 0 34
8 1 0 9 34
2 3 8 7 34
4 9 0 0 35
4 9 4 0 35
2 7 8 0 35
8 1 0 9 35
2 3 8 7 35
4 9 0 0 36
4 9 4 0 36
2 7 8 0 36
8 1 0 9 36
2 3 8 7 36
4 9 0 0 37
4 9 4 0 37
2 7 8 0 37
8 1 0 9 37
2 3 8 7 37
4 9 0 0 38
4 9 4 0 38
2 7 8 0 38
8 1 0 9 38
2 3 8 7 38
4 9 0 0 39
4 9 4 0 39
2 7 8 0 39
8 1 0 9 39
2 3 8 7 39
4 9 0 0 40
4 9 4 0 40
2 7 8 0 40
8 1 0 9 40
2 3 8 7 40
4 9 0 0 41
4 9 4 0 41
2 7 8 0 41
8 1 0 9 41
2 3 8 7 41
4 9 0 0 42
4 9 4 0 42
2 7 8 0 42
8 1 0 9 42
2 3 8 7 42
4 9 0 0 43
4 9 4 0 43
2 7 8 0 43
8 1 0 9 43
2 3 8 7 43
4 9 0 0 44
4 9 4 0 44
2 7 8 0 44
8 1 0 9 44
2 3 8 7 44
4 9 0 0 45
4 9 4 0 45
2 7 8 0 45
8 1 0 9 45
2 3 8 7 45
4 9 0 0 46
4 9 4 0 46
2 7 8 0 46
8 1 0 9 46
2 3 8 7 46
4 9 0 0 47
4 9 4 0 47
2 7 8 0 47
8 1 0 9 47
2 3 8 7 47
4 9 0 0 48
4 9 4 0 48
2 7 8 0 48
8 1 0 9 48
2 3 8 7 48
4 9 0 0 49
4 9 4 0 49
2 7 8 0 49
8 1 0 9 49
2 3 8 7 49
4 9 0 0 50
4 9 4 0 50
2 7 8 0 50
8 1 0 9 50
2 3 8 7 50
4 9 0 0 51
4 9 4 0 51
2 7 8 0 51
8 1 0 9 51
2 3 8 7 51
4 9 0 0 52
4 9 4 0 52
2 7 8 0 52
8 1 0 9 52
2 3 8 7 52
4 9 0 0 53
4 9 4 0 53
2 7 8 0 53
8 1 0 9 53
2 3 8 7 53
4 9 0 0 54
4 9 4 0 54
2 7 8 0 54
8 1 0 9 54
2 3 8 7 54
4 9 0 0 55
4 9 4 0 55
2 7 8 0 55
8 1 0 9 55
2 3 8 7 55
4 9 0 0 56
4 9 4 0 56
2 7 8 0 56
8 1 0 9 56
2 3 8 7 56
4 9 0 0 57
4 9 4 0 57
2 7 8 0 57
8 1 0 9 57
2 3 8 7 57
4 9 0 0 58
4 9 4 0 58
2 7 8 0 58
8 1 0 9 58
2 3 8 7 58
4 9 0 0 59
4 9 4 0 59
2 7 8 0 59
8 1 0 9 59
2 3 8 7 59
4 9 0 0 60
4 9 4 0 60
2 7 8 0 60
8 1 0 9 60
2 3 8 7 60
4 9 0 0 61
4 9 4 0 61
2 7 8 0 61
8 1 0 9 61
2 3 8 7 61
4 9 0 0 62
4 9 4 0 62
2 7 8 0 62
8 1 0 9 62
2 3 8 7 62
4 9 0 0 63
4 9 4 0 63
2 7 8 0 63
8 1 0 9 63
2 3 8 7 63
4 9 0 0 64
4 9 4 0 64
2 7 8 0 64
8 1 0 9 64
2 3 8 7 64
4 9 0 0 65
4 9 4 0 65
2 7 8 0 65
8 1 0 9 65
2 3 8 7 65
4 9 0 0 66
4 9 4 0 66
2 7 8 0 66
8 1 0 9 66
2 3 8 7 66
4 9 0 0 67
4 9 4 0 67
2 7 8 0 67
8 1 0 9 67
2 3 8 7 67
4 9 0 0 68
4 9 4 0 68
2 7 8 0 68
8 1 0 9 68
2 3 8 7 68
4 9 0 0 69
4 9 4 0 69
2 7 8 0 69
8 1 0 9 69
2 3 8 7 69
4 9 0 0 70
4 9 4 0 70
2 7 8 0 70
8 1 0 9 70
2 3 8 7 70
4 9 0 0 71
4 9 4 0 71
2 7 8 0 71
8 1 0 9 71
2 3 8 7 71
4 9 0 0 72
4 9 4 0 72
2 7 8 0 72
8 1 0 9 72
2 3 8 7 72
4 9 0 0 73
4 9 4 0 73
2 7 8 0 73
8 1 0 9 73
2 3 8 7 73
4 9 0 0 74
4 9 4 0 74
2 7 8 0 74
8 1 0 9 74
2 3 8 7 74
4 9 0 0 75
4 9 4 0 75
2 7 8 0 75
8 1 0 9 75
2 3 8 7 75
4 9 0 0 76
4 9 4 0 76
2 7 8 0 76
8 1 0 9 76
2 3 8 7 76
4 9 0 0 77
4 9 4 0 77
2 7 8 0 77
8 1 0 9 77
2 3 8 7 77
4 9 0 0 78
4 9 4 0 78
2 7 8 0 78
8 1 0 9 78
2 3 8 7 78
4 9 0 0 79
4 9 4 0 79
2 7 8 0 79
8 1 0 9 79
2 3 8 7 79
4 9 0 0 80
4 9 4 0 80
2 7 8 0 80
8 1 0 9 80
2 3 8 7 80
4 9 0 0 81
4 9 4 0 81
2 7 8 0 81
8 1 0 9 81
2 3 8 7 81
4 9 0 0 82
4 9 4 0 82
2 7 8 0 82
8 1 0 9 82
2 3 8 7 82
4 9 0 0 83
4 9 4 0 83
2 7 8 0 83
8 1 0 9 83
2 3 8 7 83
4 9 0 0 84
4 9 4 0 84
2 7 8 0 84
8 1 0 9 84
2 3 8 7 84
4 9 0 0 85
4 9 4 0 85
2 7 8 0 85
8 1 0 9 85
2 3 8 7 85
4 9 0 0 86
4 9 4 0 86
2 7 8 0 86
8 1 0 9 86
2 3 8 7 86
4 9 0 0 87
4 9 4 0 87
2 7 8 0 87
8 1 0 9 87
2 3 8 7 87
4 9 0 0 88
4 9 4 0 88
2 7 8 0 88
8 1 0 9 88
2 3 8 7 88
4 9 0 0 89
4 9 4 0 89
2 7 8 0 89
8 1 0 9 89
2 3 8 7 89
4 9 0 0 90
4 9 4 0 90
2 7 8 0 90
8 1 0 9 90
2 3 8 7 90
4 9 0 0 91
4 9 4 0 91
2 7 8 0 91
8 1 0 9 91
2 3 8 7 91
4 9 0 0 92
4 9 4 0 92
2 7 8 0 92
8 1 0 9 92
2 3 8 7 92
4 9 0 0 93
4 9 4 0 93
2 7 8 0 93
8 1 0 9 93
2 3 8 7 93
4 9 0 0 94
4 9 4 0 94
2 7 8 0 94
8 1 0 9 94
2 3 8 7 94
4 9 0 0 95
4 9 4 0 95
2 7 8 0 95
8 1 0 9 95
2 3 8 7 95
4 9 0 0 96
4 9 4 0 96
2 7 8 0 96
8 1 0 9 96
2 3 8 7 96
4 9 0 0 97
4 9 4 0 97
2 7 8 0 97
8 1 0 9 97
2 3 8 7 97
4 9 0 0 98
4 9 4 0 98
2 7 8 0 98
8 1 0 9 98
2 3 8 7 98
4 9 0 0 99
4 9 4 0 99
2 7 8 0 99
8 1 0 9 99
2 3 8 7 99
4 9 0 0 100
4 9 4 0 100
2 7 8 0 100
8 1 0 9 100
2 3 8 7 100
4 9 0 0 101
4 9 4 0 101
2 7 8 0 101
8 1 0 9 101
2 3 8 7 101
4 9 0 0 102
4 9 4 0 102
2 7 8 0 102
8 1 0 9 102
2 3 8 7 102
4 9 0 0 103
4 9 4 0 103
2 7 8 0 103
8 1 0 9 103
2 3 8 7 103
4 9 0 0 104
4 9 4 0 104
2 7 8 0 104
8 1 0 9 104
2 3 8 7 104
4 9 0 0 105
4 9 4 0 105
2 7 8 0 105
8 1 0 9 105
2 3 8 7 105
4 9 0 0 106
4 9 4 0 106
2 7 8 0 106
8 1 0 9 106
2 3 8 7 106
4 9 0 0 107
4 9 4 0 107
2 7 8 0 107
8 1 0 9 107
2 3 8 7 107
4 9 0 0 108
4 9 4 0 108
2 7 8 0 108
8 1 0 9 108
2 3 8 7 108
4 9 0 0 109
4 9 4 0 109
2 7 8 0 109
8 1 0 9 109
2 3 8 7 109
4 9 0 0 110
4 9 4 0 110
2 7 8 0 110
8 1 0 9 110
2 3 8 7 110
4 9 0 0 111
4 9 4 0 111
2 7 8 0 111
8 1 0 9 111
2 3 8 7 111
4 9 0 0 112
4 9 4 0 112
2 7 8 0 112
8 1 0 9 112
2 3 8 7 112
4 9 0 0 113
4 9 4 0 113
2 7 8 0 113
8 1 0 9 113
2 3 8 7 113
4 9 0 0 114
4 9 4 0 114
2 7 8 0 114
8 1 0 9 114
2 3 8 7 114
4 9 0 0 115
4 9 4 0 115
2 7 8 0 115
8 1 0 9 115
2 3 8 7 115
4 9 0 0 116
4 9 4 0 116
2 7 8 0 116
8 1 0 9 116
2 3 8 7 116
4 9 0 0 117
4 9 4 0 117
2 7 8 0 117
8 1 0 9 117
2 3 8 7 117
4 9 0 0 118
4 9 4 0 118
2 7 8 0 118
8 1 0 9 118
2 3 8 7 118
4 9 0 0 119
4 9 4 0 119
2 7 8 0 119
8 1 0 9 119
2 3 8 7 119
4 9 0 0 120
4 9 4 0 120
2 7 8 0 120
8 1 0 9 120
2 3 8 7 120
4 9 0 0 121
4 9 4 0 121
2 7 8 0 121
8 1 0 9 121
2 3 8 7 121
4 9 0 0 122
4 9 4 0 122
2 7 8 0 122
8 1 0 9 122
2 3 8 7 122
4 9 0 0 123
4 9 4 0 123
2 7 8 0 123
8 1 0 9 123
2 3 8 7 123
4 9 0 0 124
4 9 4 0 124
2 7 8 0 124
8 1 0 9 124
2 3 8 7 124
4 9 0 0 125
4 9 4 0 125
2 7 8 0 125
8 1 0 9 125
2 3 8 7 125
4 9 0 0 126
4 9 4 0 126
2 7 8 0 126
8 1 0 9 126
2 3 8 7 126
4 9 0 0 127
4 9 4 0 127
2 7 8 0 127
8 1 0 9 127
2 3 8 7 127
4 9 0 0 128
4 9 4 0 128
2 7 8 0 128
8 1 0 9 128
2 3 8 7 128
4 9 0 0 129
4 9 4 0 129
2 7 8 0 129
8 1 0 9 129
2 3 8 7 129
4 9 0 0 130
4 9 4 0 130
2 7 8 0 130
8 1 0 9 130
2 3 8 7 130
4 9 0 0 131
4 9 4 0 131
2 7 8 0 131
8 1 0 9 131
2 3 8 7 131
4 9 0 0 132
4 9 4 0 132
2 7 8 0 132
8 1 0 9 132
2 3 8 7 132
4 9 0 0 133
4 9 4 0 133
2 7 8 0 133
8 1 0 9 133
2 3 8 7 133
4 9 0 0 134
4 9 4 0 134
2 7 8 0 134
8 1 0 9 134
2 3 8 7 134
4 9 0 0 135
4 9 4 0 135
2 7 8 0 135
8 1 0 9 135
2 3 8 7 135
4 9 0 0 136
4 9 4 0 136
2 7 8 0 136
8 1 0 9 136
2 3 8 7 136
4 9 0 0 137
4 9 4 0 137
2 7 8 0 137
8 1 0 9 137
2 3 8 7 137
4 9 0 0 138
4 9 4 0 138
2 7 8 0 138
8 1 0 9 138
2 3 8 7 138
4 9 0 0 139
4 9 4 0 139
2 7 8 0 139
8 1 0 9 139
2 3 8 7 139
4 9 0 0 140
4 9 4 0 140
2 7 8 0 140
8 1 0 9 140
2 3 8 7 140
4 9 0 0 141
4 9 4 0 141
2 7 8 0 141
8 1 0 9 141
2 3 8 7 141
4 9 0 0 142
4 9 4 0 142
2 7 8 0 142
8 1 0 9 142
2 3 8 7 142
4 9 0 0 143
4 9 4 0 143
2 7 8 0 143
8 1 0 9 143
2 3 8 7 143
4 9 0 0 144
4 9 4 0 144
2 7 8 0 144
8 1 0 9 144
2 3 8 7 144
4 9 0 0 145
4 9 4 0 145
2 7 8 0 145
8 1 0 9 145
2 3 8 7 145
4 9 0 0 146
4 9 4 0 146
2 7 8 0 146
8 1 0 9 146
2 3 8 7 146
4 9 0 0 147
4 9 4 0 147
2 7 8 0 147
8 1 0 9 147
2 3 8 7 147
4 9 0 0 148
4 9 4 0 148
2 7 8 0 148
8 1 0 9 148
2 3 8 7 148
4 9 0 0 149
4 9 4 0 149
2 7 8 0 149
8 1 0 9 149
2 3 8 7 149
4 9 0 0 150
4 9 4 0 150
2 7 8 0 150
8 1 0 9 150
2 3 8 7 150
4 9 0 0 151
4 9 4 0 151
2 7 8 0 151
8 1 0 9 151
2 3 8 7 151
4 9 0 0 152
4 9 4 0 152
2 7 8 0 152
8 1 0 9 152
2 3 8 7 152
4 9 0 0 153
4 9 4 0 153
2 7 8 0 153
8 1 0 9 153
2 3 8 7 153
4 9 0 0 154
4 9 4 0 154
2 7 8 0 154
8 1 0 9 154
2 3 8 7 154
4 9 0 0 155
4 9 4 0 155
2 7 8 0 155
8 1 0 9 155
2 3 8 7 155
4 9 0 0 156
4 9 4 0 156
2 7 8 0 156
8 1 0 9 156
2 3 8 7 156
4 9 0 0 157
4 9 4 0 157
2 7 8 0 157
8 1 0 9 157
2 3 8 7 157
4 9 0 0 158
4 9 4 0 158
2 7 8 0 158
8 1 0 9 158
2 3 8 7 158
4 9 0 0 159
4 9 4 0 159
2 7 8 0 159
8 1 0 9 159
2 3 8 7 159
4 9 0 0 160
4 9 4 0 160
2 7 8 0 160
8 1 0 9 160
2 3 8 7 160
4 9 0 0 161
4 9 4 0 161
2 7 8 0 161
8 1 0 9 161
2 3 8 7 161
4 9 0 0 162
4 9 4 0 162
2 7 8 0 162
8 1 0 9 162
2 3 8 7 162
4 9 0 0 163
4 9 4 0 163
2 7 8 0 163
8 1 0 9 163
2 3 8 7 163
4 9 0 0 164
4 9 4 0 164
2 7 8 0 164
8 1 0 9 164
2 3 8 7 164
4 9 0 0 165
4 9 4 0 165
2 7 8 0 165
8 1 0 9 165
2 3 8 7 165
4 9 0 0 166
4 9 4 0 166
2 7 8 0 166
8 1 0 9 166
2 3 8 7 166
4 9 0 0 167
4 9 4 0 167
2 7 8 0 167
8 1 0 9 167
2 3 8 7 167
4 9 0 0 168
4 9 4 0 168
2 7 8 0 168
8 1 0 9 168
2 3 8 7 168
4 9 0 0 169
4 9 4 0 169
2 7 8 0 169
8 1 0 9 169
2 3 8 7 169
4 9 0 0 170
4 9 4 0 170
2 7 8 0 170
8 1 0 9 170
2 3 8 7 170
4 9 0 0 171
4 9 4 0 171
2 7 8 0 171
8 1 0 9 171
2 3 8 7 171
4 9 0 0 172
4 9 4 0 172
2 7 8 0 172
8 1 0 9 172
2 3 8 7 172
4 9 0 0 173
4 9 4 0 173
2 7 8 0 173
8 1 0 9 173
2 3 8 7 173
4 9 0 0 174
4 9 4 0 174
2 7 8 0 174
8 1 0 9 174
2 3 8 7 174
4 9 0 0 175
4 9 4 0 175
2 7 8 0 175
8 1 0 9 175
2 3 8 7 175
4 9 0 0 176
4 9 4 0 176
2 7 8 0 176
8 1 0 9 176
2 3 8 7 176
4 9 0 0 177
4 9 4 0 177
2 7 8 0 177
8 1 0 9 177
2 3 8 7 177
4 9 0 0 178
4 9 4 0 178
2 7 8 0 178
8 1 0 9 178
2 3 8 7 178
4 9 0 0 179
4 9 4 0 179
2 7 8 0 179
8 1 0 9 179
2 3 8 7 179
4 9 0 0 180
4 9 4 0 180
2 7 8 0 180
8 1 0 9 180
2 3 8 7 180
4 9 0 0 181
4 9 4 0 181
2 7 8 0 181
8 1 0 9 181
2 3 8 7 181
4 9 0 0 182
4 9 4 0 182
2 7 8 0 182
8 1 0 9 182
2 3 8 7 182
4 9 0 0 183
4 9 4 0 183
2 7 8 0 183
8 1 0 9 183
2 3 8 7 183
4 9 0 0 184
4 9 4 0 184
2 7 8 0 184
8 1 0 9 184
2 3 8 7 184
4 9 0 0 185
4 9 4 0 185
2 7 8 0 185
8 1 0 9 185
2 3 8 7 185
4 9 0 0 186
4 9 4 0 186
2 7 8 0 186
8 1 0 9 186
2 3 8 7 186
4 9 0 0 187
4 9 4 0 187
2 7 8 0 187
8 1 0 9 187
2 3 8 7 187
4 9 0 0 188
4 9 4 0 188
2 7 8 0 188
8 1 0 9 188
2 3 8 7 188
4 9 0 0 189
4 9 4 0 189
2 7 8 0 189
8 1 0 9 189
2 3 8 7 189
4 9 0 0 190
4 9 4 0 190
2 7 8 0 190
8 1 0 9 190
2 3 8 7 190
4 9 0 0 191
4 9 4 0 191
2 7 8 0 191
8 1 0 9 191
2 3 8 7 191
4 9 0 0 192
4 9 4 0 192
2 7 8 0 192
8 1 0 9 192
2 3 8 7 192
4 9 0 0 193
4 9 4 0 193
2 7 8 0 193
8 1 0 9 193
2 3 8 7 193
4 9 0 0 194
4 9 4 0 194
2 7 8 0 194
8 1 0 9 194
2 3 8 7 194
4 9 0 0 195
4 9 4 0 195
2 7 8 0 195
8 1 0 9 195
2 3 8 7 195
4 9 0 0 196
4 9 4 0 196
2 7 8 0 196
8 1 0 9 196
2 3 8 7 196
4 9 0 0 197
4 9 4 0 197
2 7 8 0 197
8 1 0 9 197
2 3 8 7 197
4 9 0 0 198
4 9 4 0 198
2 7 8 0 198
8 1 0 9 198
2 3 8 7 198
4 9 0 0 199
4 9 4 0 199
2 7 8 0 199
8 1 0 9 199
2 3 8 7 199
4 9 0 0 200
4 9 4 0 200
2 7 8 0 200
8 1 0 9 200
2 2 8 7 200
4 9 0 0 201
4 9 4 0 201
2 7 8 0 201
8 1 0 9 201
2 2 8 7 201
4 9 0 0 202
4 9 4 0 202
2 7 8 0 202
8 1 0 9 202
2 2 8 7 202
4 9 0 0 203
4 9 4 0 203
2 7 8 0 203
8 1 0 9 203
2 2 8 7 203
4 9 0 0 204
4 9 4 0 204
2 7 8 0 204
8 1 0 9 204
2 2 8 7 204
4 9 0 0 205
4 9 4 0 205
2 7 8 0 205
8 1 0 9 205
2 2 8 7 205
4 9 0 0 206
4 9 4 0 206
2 7 8 0 206
8 1 0 9 206
2 2 8 7 206
4 9 0 0 207
4 9 4 0 207
2 7 8 0 207
8 1 0 9 207
2 2 8 7 207
4 9 0 0 208
4 9 4 0 208
2 7 8 0 208
8 1 0 9 208
2 2 8 7 208
4 9 0 0 209
4 9 4 0 209
2 7 8 0 209
8 1 0 9 209
2 2 8 7 209
4 9 0 0 210
4 9 4 0 210
2 7 8 0 210
8 1 0 9 210
2 2 8 7 210
4 9 0 0 211
4 9 4 0 211
2 7 8 0 211
8 1 0 9 211
2 2 8 7 211
4 9 0 0 212
4 9 4 0 212
2 7 8 0 212
8 1 0 9 212
2 2 8 7 212
4 9 0 0 213
4 9 4 0 213
2 7 8 0 213
8 1 0 9 213
2 2 8 7 213
4 9 0 0 214
4 9 4 0 214
2 7 8 0 214
8 1 0 9 214
2 2 8 7 214
4 9 0 0 215
4 9 4 0 215
2 7 8 0 215
8 1 0 9 215
2 2 8 7 215
4 9 0 0 216
4 9 4 0 216
2 7 8 0 216
8 1 0 9 216
2 2 8 7 216
4 9 0 0 217
4 9 4 0 217
2 7 8 0 217
8 1 0 9 217
2 2 8 7 217
4 9 0 0 218
4 9 4 0 218
2 7 8 0 218
8 1 0 9 218
2 2 8 7 218
4 9 0 0 219
4 9 4 0 219
2 7 8 0 219
8 1 0 9 219
2 2 8 7 219
4 9 0 0 220
4 9 4 0 220
2 7 8 0 220
8 1 0 9 220
2 2 8 7 220
4 9 0 0 221
4 9 4 0 221
2 7 8 0 221
8 1 0 9 221
2 2 8 7 221
4 9 0 0 222
4 9 4 0 222
2 7 8 0 222
8 1 0 9 222
2 2 8 7 222
4 9 0 0 223
4 9 4 0 223
2 7 8 0 223
8 1 0 9 223
2 2 8 7 223
4 9 0 0 224
4 9 4 0 224
2 7 8 0 224
8 1 0 9 224
2 2 8 7 224
4 9 0 0 225
4 9 4 0 225
2 7 8 0 225
8 1 0 9 225
2 2 8 7 225
4 9 0 0 226
4 9 4 0 226
2 7 8 0 226
8 1 0 9 226
2 2 8 7 226
4 9 0 0 227
4 9 4 0 227
2 7 8 0 227
8 1 0 9 227
2 2 8 7 227
4 9 0 0 228
4 9 4 0 228
2 7 8 0 228
8 1 0 9 228
2 2 8 7 228
4 9 0 0 229
4 9 4 0 229
2 7 8 0 229
8 1 0 9 229
2 2 8 7 229
4 9 0 0 230
4 9 4 0 230
2 7 8 0 230
8 1 0 9 230
2 2 8 7 230
4 9 0 0 231
4 9 4 0 231
2 7 8 0 231
8 1 0 9 231
2 2 8 7 231
4 9 0 0 232
4 9 4 0 232
2 7 8 0 232
8 1 0 9 232
2 2 8 7 232
4 9 0 0 233
4 9 4 0 233
2 7 8 0 233
8 1 0 9 233
2 2 8 7 233
4 9 0 0 234
4 9 4 0 234
2 7 8 0 234
8 1 0 9 234
2 2 8 7 234
4 9 0 0 235
4 9 4 0 235
2 7 8 0 235
8 1 0 9 235
2 2 8 7 235
4 9 0 0 236
4 9 4 0 236
2 7 8 0 236
8 1 0 9 236
2 2 8 7 236
4 9 0 0 237
4 9 4 0 237
2 7 8 0 237
8 1 0 9 237
2 2 8 7 237
4 9 0 0 238
4 9 4 0 238
2 7 8 0 238
8 1 0 9 238
2 2 8 7 238
4 9 0 0 239
4 9 4 0 239
2 7 8 0 239
8 1 0 9 239
2 2 8 7 239
4 9 0 0 240
4 9 4 0 240
2 7 8 0 240
8 1 0 9 240
2 2 8 7 240
4 9 0 0 241
4 9 4 0 241
2 7 8 0 241
8 1 0 9 241
2 2 8 7 241
4 9 0 0 242
4 9 4 0 242
2 7 8 0 242
8 1 0 9 242
2 2 8 7 242
4 9 0 0 243
4 9 4 0 243
2 7 8 0 243
8 1 0 9 243
2 2 8 7 243
4 9 0 0 244
4 9 4 0 244
2 7 8 0 244
8 1 0 9 244
2 2 8 7 244
4 9 0 0 245
4 9 4 0 245
2 7 8 0 245
8 1 0 9 245
2 2 8 7 245
4 9 0 0 246
4 9 4 0 246
2 7 8 0 246
8 1 0 9 246
2 2 8 7 246
4 9 0 0 247
4 9 4 0 247
2 7 8 0 247
8 1 0 9 247
2 2 8 7 247
4 9 0 0 248
4 9 4 0 248
2 7 8 0 248
8 1 0 9 248
2 2 8 7 248
4 9 0 0 249
4 9 4 0 249
2 7 8 0 249
8 1 0 9 249
2 2 8 7 249
4 9 0 0 250
4 9 4 0 250
2 7 8 0 250
8 1 0 9 250
2 2 8 7 250
4 9 0 0 251
4 9 4 0 251
2 7 8 0 251
8 1 0 9 251
2 2 8 7 251
4 9 0 0 252
4 9 4 0 252
2 7 8 0 252
8 1 0 9 252
2 2 8 7 252
4 9 0 0 253
4 9 4 0 253
2 7 8 0 253
8 1 0 9 253
2 2 8 7 253
4 9 0 0 254
4 9 4 0 254
2 7 8 0 254
8 1 0 9 254
2 2 8 7 254
4 9 0 0 255
4 9 4 0 255
2 7 8 0 255
8 1 0 9 255
2 2 8 7 255
4 9 0 0 256
4 9 4 0 256
2 7 8 0 256
8 1 0 9 256
2 2 8 7 256
4 9 0 0 257
4 9 4 0 257
2 7 8 0 257
8 1 0 9 257
2 2 8 7 257
4 9 0 0 258
4 9 4 0 258
2 7 8 0 258
8 1 0 9 258
2 2 8 7 258
4 9 0 0 259
4 9 4 0 259
2 7 8 0 259
8 1 0 9 259
2 2 8 7 259
4 9 0 0 260
4 9 4 0 260
2 7 8 0 260
8 1 0 9 260
2 2 8 7 260
4 9 0 0 261
4 9 4 0 261
2 7 8 0 261
8 1 0 9 261
2 2 8 7 261
4 9 0 0 262
4 9 4 0 262
2 7 8 0 262
8 1 0 9 262
2 2 8 7 262
4 9 0 0 263
4 9 4 0 263
2 7 8 0 263
8 1 0 9 263
2 2 8 7 263
4 9 0 0 264
4 9 4 0 264
2 7 8 0 264
8 1 0 9 264
2 2 8 7 264
4 9 0 0 265
4 9 4 0 265
2 7 8 0 265
8 1 0 9 265
2 2 8 7 265
4 9 0 0 266
4 9 4 0 266
2 7 8 0 266
8 1 0 9 266
2 2 8 7 266
4 9 0 0 267
4 9 4 0 267
2 7 8 0 267
8 1 0 9 267
2 2 8 7 267
4 9 0 0 268
4 9 4 0 268
2 7 8 0 268
8 1 0 9 268
2 2 8 7 268
4 9 0 0 269
4 9 4 0 269
2 7 8 0 269
8 1 0 9 269
2 2 8 7 269
4 9 0 0 270
4 9 4 0 270
2 7 8 0 270
8 1 0 9 270
2 2 8 7 270
4 9 0 0 271
4 9 4 0 271
2 7 8 0 271
8 1 0 9 271
2 2 8 7 271
4 9 0 0 272
4 9 4 0 272
2 7 8 0 272
8 1 0 9 272
2 2 8 7 272
4 9 0 0 273
4 9 4 0 273
2 7 8 0 273
8 1 0 9 273
2 2 8 7 273
4 9 0 0 274
4 9 4 0 274
2 7 8 0 274
8 1 0 9 274
2 2 8 7 274
4 9 0 0 275
4 9 4 0 275
2 7 8 0 275
8 1 0 9 275
2 2 8 7 275
4 9 0 0 276
4 9 4 0 276
2 7 8 0 276
8 1 0 9 276
2 2 8 7 276
4 9 0 0 277
4 9 4 0 277
2 7 8 0 277
8 1 0 9 277
2 2 8 7 277
4 9 0 0 278
4 9 4 0 278
2 7 8 0 278
8 1 0 9 278
2 2 8 7 278
4 9 0 0 279
4 9 4 0 279
2 7 8 0 279
8 1 0 9 279
2 2 8 7 279
4 9 0 0 280
4 9 4 0 280
2 7 8 0 280
8 1 0 9 280
2 2 8 7 280
4 9 0 0 281
4 9 4 0 281
2 7 8 0 281
8 1 0 9 281
2 2 8 7 281
4 9 0 0 282
4 9 4 0 282
2 7 8 0 282
8 1 0 9 282
2 2 8 7 282
4 9 0 0 283
4 9 4 0 283
2 7 8 0 283
8 1 0 9 283
2 2 8 7 283
4 9 0 0 284
4 9 4 0 284
2 7 8 0 284
8 1 0 9 284
2 2 8 7 284
4 9 0 0 285
4 9 4 0 285
2 7 8 0 285
8 1 0 9 285
2 2 8 7 285
4 9 0 0 286
4 9 4 0 286
2 7 8 0 286
8 1 0 9 286
2 2 8 7 286
4 9 0 0 287
4 9 4 0 287
2 7 8 0 287
8 1 0 9 287
2 2 8 7 287
4 9 0 0 288
4 9 4 0 288
2 7 8 0 288
8 1 0 9 288
2 2 8 7 288
4 9 0 0 289
4 9 4 0 289
2 7 8 0 289
8 1 0 9 289
2 2 8 7 289
4 9 0 0 290
4 9 4 0 290
2 7 8 0 290
8 1 0 9 290
2 2 8 7 290
4 9 0 0 291
4 9 4 0 291
2 7 8 0 291
8 1 0 9 291
2 2 8 7 291
4 9 0 0 292
4 9 4 0 292
2 7 8 0 292
8 1 0 9 292
2 2 8 7 292
4 9 0 0 293
4 9 4 0 293
2 7 8 0 293
8 1 0 9 293
2 2 8 7 293
4 9 0 0 294
4 9 4 0 294
2 7 8 0 294
8 1 0 9 294
2 2 8 7 294
4 9 0 0 295
4 9 4 0 295
2 7 8 0 295
8 1 0 9 295
2 2 8 7 295
4 9 0 0 296
4 9 4 0 296
2 7 8 0 296
8 1 0 9 296
2 2 8 7 296
4 9 0 0 297
4 9 4 0 297
2 7 8 0 297
8 1 0 9 297
2 2 8 7 297
4 9 0 0 298
4 9 4 0 298
2 7 8 0 298
8 1 0 9 298
2 2 8 7 298
4 9 0 0 299
4 9 4 0 299
2 7 8 0 299
8 1 0 9 299
2 2 8 7 299
4 6 0 0 300
4 6 4 0 300
6 3 0 6 300
3 3 6 6 300
8 1 0 9 300
1 5 8 0 300
1 5 9 0 300
1 5 9 5 300
4 6 0 0 301
4 6 4 0 301
6 3 0 6 301
3 3 6 6 301
8 1 0 9 301
1 5 8 0 301
1 5 9 0 301
1 5 9 5 301
4 6 0 0 302
4 6 4 0 302
6 3 0 6 302
3 3 6 6 302
8 1 0 9 302
1 5 8 0 302
1 5 9 0 302
1 5 9 5 302
4 6 0 0 303
4 6 4 0 303
6 3 0 6 303
3 3 6 6 303
8 1 0 9 303
1 5 8 0 303
1 5 9 0 303
1 5 9 5 303
4 6 0 0 304
4 6 4 0 304
6 3 0 6 304
3 3 6 6 304
8 1 0 9 304
1 5 8 0 304
1 5 9 0 304
1 5 9 5 304
4 6 0 0 305
4 6 4 0 305
6 3 0 6 305
3 3 6 6 305
8 1 0 9 305
1 5 8 0 305
1 5 9 0 305
1 5 9 5 305
4 6 0 0 306
4 6 4 0 306
6 3 0 6 306
3 3 6 6 306
8 1 0 9 306
1 5 8 0 306
1 5 9 0 306
1 5 9 5 306
4 6 0 0 307
4 6 4 0 307
6 3 0 6 307
3 3 6 6 307
8 1 0 9 307
1 5 8 0 307
1 5 9 0 307
1 5 9 5 307
4 6 0 0 308
4 6 4 0 308
6 3 0 6 308
3 3 6 6 308
8 1 0 9 308
1 5 8 0 308
1 5 9 0 308
1 5 9 5 308
4 6 0 0 309
4 6 4 0 309
6 3 0 6 309
3 3 6 6 309
8 1 0 9 309
1 5 8 0 309
1 5 9 0 309
1 5 9 5 309
4 6 0 0 310
4 6 4 0 310
6 3 0 6 310
3 3 6 6 310
8 1 0 9 310
1 5 8 0 310
1 5 9 0 310
1 5 9 5 310
4 6 0 0 311
4 6 4 0 311
6 3 0 6 311
3 3 6 6 311
8 1 0 9 311
1 5 8 0 311
1 5 9 0 311
1 5 9 5 311
4 6 0 0 312
4 6 4 0 312
6 3 0 6 312
3 3 6 6 312
8 1 0 9 312
1 5 8 0 312
1 5 9 0 312
1 5 9 5 312
4 6 0 0 313
4 6 4 0 313
6 3 0 6 313
3 3 6 6 313
8 1 0 9 313
1 5 8 0 313
1 5 9 0 313
1 5 9 5 313
4 6 0 0 314
4 6 4 0 314
6 3 0 6 314
3 3 6 6 314
8 1 0 9 314
1 5 8 0 314
1 5 9 0 314
1 5 9 5 314
4 6 0 0 315
4 6 4 0 315
6 3 0 6 315
3 3 6 6 315
8 1 0 9 315
1 5 8 0 315
1 5 9 0 315
1 5 9 5 315
4 6 0 0 316
4 6 4 0 316
6 3 0 6 316
3 3 6 6 316
8 1 0 9 316
1 5 8 0 316
1 5 9 0 316
1 5 9 5 316
4 6 0 0 317
4 6 4 0 317
6 3 0 6 317
3 3 6 6 317
8 1 0 9 317
1 5 8 0 317
1 5 9 0 317
1 5 9 5 317
4 6 0 0 318
4 6 4 0 318
6 3 0 6 318
3 3 6 6 318
8 1 0 9 318
1 5 8 0 318
1 5 9 0 318
1 5 9 5 318
4 6 0 0 319
4 6 4 0 319
6 3 0 6 319
3 3 6 6 319
8 1 0 9 319
1 5 8 0 319
1 5 9 0 319
1 5 9 5 319
4 6 0 0 320
4 6 4 0 320
6 3 0 6 320
3 3 6 6 320
8 1 0 9 320
1 5 8 0 320
1 5 9 0 320
1 5 9 5 320
4 6 0 0 321
4 6 4 0 321
6 3 0 6 321
3 3 6 6 321
8 1 0 9 321
1 5 8 0 321
1 5 9 0 321
1 5 9 5 321
4 6 0 0 322
4 6 4 0 322
6 3 0 6 322
3 3 6 6 322
8 1 0 9 322
1 5 8 0 322
1 5 9 0 322
1 5 9 5 322
4 6 0 0 323
4 6 4 0 323
6 3 0 6 323
3 3 6 6 323
8 1 0 9 323
1 5 8 0 323
1 5 9 0 323
1 5 9 5 323
4 6 0 0 324
4 6 4 0 324
6 3 0 6 324
3 3 6 6 324
8 1 0 9 324
1 5 8 0 324
1 5 9 0 324
1 5 9 5 324
4 6 0 0 325
4 6 4 0 325
6 3 0 6 325
3 3 6 6 325
8 1 0 9 325
1 5 8 0 325
1 5 9 0 325
1 5 9 5 325
4 6 0 0 326
4 6 4 0 326
6 3 0 6 326
3 3 6 6 326
8 1 0 9 326
1 5 8 0 326
1 5 9 0 326
1 5 9 5 326
4 6 0 0 327
4 6 4 0 327
6 3 0 6 327
3 3 6 6 327
8 1 0 9 327
1 5 8 0 327
1 5 9 0 327
1 5 9 5 327
4 6 0 0 328
4 6 4 0 328
6 3 0 6 328
3 3 6 6 328
8 1 0 9 328
1 5 8 0 328
1 5 9 0 328
1 5 9 5 328
4 6 0 0 329
4 6 4 0 329
6 3 0 6 329
3 3 6 6 329
8 1 0 9 329
1 5 8 0 329
1 5 9 0 329
1 5 9 5 329
4 6 0 0 330
4 6 4 0 330
6 3 0 6 330
3 3 6 6 330
8 1 0 9 330
1 5 8 0 330
1 5 9 0 330
1 5 9 5 330
4 6 0 0 331
4 6 4 0 331
6 3 0 6 331
3 3 6 6 331
8 1 0 9 331
1 5 8 0 331
1 5 9 0 331
1 5 9 5 331
4 6 0 0 332
4 6 4 0 332
6 3 0 6 332
3 3 6 6 332
8 1 0 9 332
1 5 8 0 332
1 5 9 0 332
1 5 9 5 332
4 6 0 0 333
4 6 4 0 333
6 3 0 6 333
3 3 6 6 333
8 1 0 9 333
1 5 8 0 333
1 5 9 0 333
1 5 9 5 333
4 6 0 0 334
4 6 4 0 334
6 3 0 6 334
3 3 6 6 334
8 1 0 9 334
1 5 8 0 334
1 5 9 0 334
1 5 9 5 334
4 6 0 0 335
4 6 4 0 335
6 3 0 6 335
3 3 6 6 335
8 1 0 9 335
1 5 8 0 335
1 5 9 0 335
1 5 9 5 335
4 6 0 0 336
4 6 4 0 336
6 3 0 6 336
3 3 6 6 336
8 1 0 9 336
1 5 8 0 336
1 5 9 0 336
1 5 9 5 336
4 6 0 0 337
4 6 4 0 337
6 3 0 6 337
3 3 6 6 337
8 1 0 9 337
1 5 8 0 337
1 5 9 0 337
1 5 9 5 337
4 6 0 0 338
4 6 4 0 338
6 3 0 6 338
3 3 6 6 338
8 1 0 9 338
1 5 8 0 338
1 5 9 0 338
1 5 9 5 338
4 6 0 0 339
4 6 4 0 339
6 3 0 6 339
3 3 6 6 339
8 1 0 9 339
1 5 8 0 339
1 5 9 0 339
1 5 9 5 339
4 6 0 0 340
4 6 4 0 340
6 3 0 6 340
3 3 6 6 340
8 1 0 9 340
1 5 8 0 340
1 5 9 0 340
1 5 9 5 340
4 6 0 0 341
4 6 4 0 341
6 3 0 6 341
3 3 6 6 341
8 1 0 9 341
1 5 8 0 341
1 5 9 0 341
1 5 9 5 341
4 6 0 0 342
4 6 4 0 342
6 3 0 6 342
3 3 6 6 342
8 1 0 9 342
1 5 8 0 342
1 5 9 0 342
1 5 9 5 342
4 6 0 0 343
4 6 4 0 343
6 3 0 6 343
3 3 6 6 343
8 1 0 9 343
1 5 8 0 343
1 5 9 0 343
1 5 9 5 343
4 6 0 0 344
4 6 4 0 344
6 3 0 6 344
3 3 6 6 344
8 1 0 9 344
1 5 8 0 344
1 5 9 0 344
1 5 9 5 344
4 6 0 0 345
4 6 4 0 345
6 3 0 6 345
3 3 6 6 345
8 1 0 9 345
1 5 8 0 345
1 5 9 0 345
1 5 9 5 345
4 6 0 0 346
4 6 4 0 346
6 3 0 6 346
3 3 6 6 346
8 1 0 9 346
1 5 8 0 346
1 5 9 0 346
1 5 9 5 346
4 6 0 0 347
4 6 4 0 347
6 3 0 6 347
3 3 6 6 347
8 1 0 9 347
1 5 8 0 347
1 5 9 0 347
1 5 9 5 347
4 6 0 0 348
4 6 4 0 348
6 3 0 6 348
3 3 6 6 348
8 1 0 9 348
1 5 8 0 348
1 5 9 0 348
1 5 9 5 348
4 6 0 0 349
4 6 4 0 349
6 3 0 6 349
3 3 6 6 349
8 1 0 9 349
1 5 8 0 349
1 5 9 0 349
1 5 9 5 349
4 6 0 0 350
4 6 4 0 350
6 3 0 6 350
3 3 6 6 350
8 1 0 9 350
1 5 8 0 350
1 5 9 0 350
1 5 9 5 350
4 6 0 0 351
4 6 4 0 351
6 3 0 6 351
3 3 6 6 351
8 1 0 9 351
1 5 8 0 351
1 5 9 0 351
1 5 9 5 351
4 6 0 0 352
4 6 4 0 352
6 3 0 6 352
3 3 6 6 352
8 1 0 9 352
1 5 8 0 352
1 5 9 0 352
1 5 9 5 352
4 6 0 0 353
4 6 4 0 353
6 3 0 6 353
3 3 6 6 353
8 1 0 9 353
1 5 8 0 353
1 5 9 0 353
1 5 9 5 353
4 6 0 0 354
4 6 4 0 354
6 3 0 6 354
3 3 6 6 354
8 1 0 9 354
1 5 8 0 354
1 5 9 0 354
1 5 9 5 354
4 6 0 0 355
4 6 4 0 355
6 3 0 6 355
3 3 6 6 355
8 1 0 9 355
1 5 8 0 355
1 5 9 0 355
1 5 9 5 355
4 6 0 0 356
4 6 4 0 356
6 3 0 6 356
3 3 6 6 356
8 1 0 9 356
1 5 8 0 356
1 5 9 0 356
1 5 9 5 356
4 6 0 0 357
4 6 4 0 357
6 3 0 6 357
3 3 6 6 357
8 1 0 9 357
1 5 8 0 357
1 5 9 0 357
1 5 9 5 357
4 6 0 0 358
4 6 4 0 358
6 3 0 6 358
3 3 6 6 358
8 1 0 9 358
1 5 8 0 358
1 5 9 0 358
1 5 9 5 358
4 6 0 0 359
4 6 4 0 359
6 3 0 6 359
3 3 6 6 359
8 1 0 9 359
1 5 8 0 359
1 5 9 0 359
1 5 9 5 359
4 6 0 0 360
4 6 4 0 360
6 3 0 6 360
3 3 6 6 360
8 1 0 9 360
1 5 8 0 360
1 5 9 0 360
1 5 9 5 360
4 6 0 0 361
4 6 4 0 361
6 3 0 6 361
3 3 6 6 361
8 1 0 9 361
1 5 8 0 361
1 5 9 0 361
1 5 9 5 361
4 6 0 0 362
4 6 4 0 362
6 3 0 6 362
3 3 6 6 362
8 1 0 9 362
1 5 8 0 362
1 5 9 0 362
1 5 9 5 362
4 6 0 0 363
4 6 4 0 363
6 3 0 6 363
3 3 6 6 363
8 1 0 9 363
1 5 8 0 363
1 5 9 0 363
1 5 9 5 363
4 6 0 0 364
4 6 4 0 364
6 3 0 6 364
3 3 6 6 364
8 1 0 9 364
1 5 8 0 364
1 5 9 0 364
1 5 9 5 364
4 6 0 0 365
4 6 4 0 365
6 3 0 6 365
3 3 6 6 365
8 1 0 9 365
1 5 8 0 365
1 5 9 0 365
1 5 9 5 365
4 6 0 0 366
4 6 4 0 366
6 3 0 6 366
3 3 6 6 366
8 1 0 9 366
1 5 8 0 366
1 5 9 0 366
1 4 9 5 366
4 6 0 0 367
4 6 4 0 367
6 3 0 6 367
3 3 6 6 367
8 1 0 9 367
1 4 9 6 367
1 4 8 0 367
1 4 9 0 367
2 2 8 4 367
4 6 0 0 368
4 6 4 0 368
6 3 0 6 368
3 3 6 6 368
8 1 0 9 368
1 4 9 6 368
1 4 8 0 368
1 4 9 0 368
2 2 8 4 368
4 6 0 0 369
4 6 4 0 369
6 3 0 6 369
3 3 6 6 369
8 1 0 9 369
1 4 9 6 369
1 4 8 0 369
1 4 9 0 369
2 2 8 4 369
4 6 0 0 370
4 6 4 0 370
6 3 0 6 370
3 3 6 6 370
8 1 0 9 370
1 4 9 6 370
1 4 8 0 370
1 4 9 0 370
2 2 8 4 370
4 6 0 0 371
4 6 4 0 371
6 3 0 6 371
3 3 6 6 371
8 1 0 9 371
1 4 9 6 371
1 4 8 0 371
1 4 9 0 371
2 2 8 4 371
4 6 0 0 372
4 6 4 0 372
6 3 0 6 372
3 3 6 6 372
8 1 0 9 372
1 4 9 6 372
1 4 8 0 372
1 4 9 0 372
2 2 8 4 372
4 6 0 0 373
4 6 4 0 373
6 3 0 6 373
3 3 6 6 373
8 1 0 9 373
1 4 9 6 373
1 4 8 0 373
1 4 9 0 373
2 2 8 4 373
4 6 0 0 374
4 6 4 0 374
6 3 0 6 374
3 3 6 6 374
8 1 0 9 374
1 4 9 6 374
1 4 8 0 374
1 4 9 0 374
2 2 8 4 374
4 6 0 0 375
4 6 4 0 375
6 3 0 6 375
3 3 6 6 375
8 1 0 9 375
1 4 9 6 375
1 4 8 0 375
1 4 9 0 375
2 2 8 4 375
4 6 0 0 376
4 6 4 0 376
6 3 0 6 376
3 3 6 6 376
8 1 0 9 376
1 4 9 6 376
1 4 8 0 376
1 4 9 0 376
2 2 8 4 376
4 6 0 0 377
4 6 4 0 377
6 3 0 6 377
3 3 6 6 377
8 1 0 9 377
1 4 9 6 377
1 4 8 0 377
1 4 9 0 377
2 2 8 4 377
4 6 0 0 378
4 6 4 0 378
6 3 0 6 378
3 3 6 6 378
8 1 0 9 378
1 4 9 6 378
1 4 8 0 378
1 4 9 0 378
2 2 8 4 378
4 6 0 0 379
4 6 4 0 379
6 3 0 6 379
3 3 6 6 379
8 1 0 9 379
1 4 9 6 379
1 4 8 0 379
1 4 9 0 379
2 2 8 4 379
4 6 0 0 380
4 6 4 0 380
6 3 0 6 380
3 3 6 6 380
8 1 0 9 380
1 4 9 6 380
1 4 8 0 380
1 4 9 0 380
2 2 8 4 380
4 6 0 0 381
4 6 4 0 381
6 3 0 6 381
3 3 6 6 381
8 1 0 9 381
1 4 9 6 381
1 4 8 0 381
1 4 9 0 381
2 2 8 4 381
4 6 0 0 382
4 6 4 0 382
6 3 0 6 382
3 3 6 6 382
8 1 0 9 382
1 4 9 6 382
1 4 8 0 382
1 4 9 0 382
2 2 8 4 382
4 6 0 0 383
4 6 4 0 383
6 3 0 6 383
3 3 6 6 383
8 1 0 9 383
1 4 9 6 383
1 4 8 0 383
1 4 9 0 383
2 2 8 4 383
4 6 0 0 384
4 6 4 0 384
6 3 0 6 384
3 3 6 6 384
8 1 0 9 384
1 4 9 6 384
1 4 8 0 384
1 4 9 0 384
2 2 8 4 384
4 6 0 0 385
4 6 4 0 385
6 3 0 6 385
3 3 6 6 385
8 1 0 9 385
1 4 9 6 385
1 4 8 0 385
1 4 9 0 385
2 2 8 4 385
4 6 0 0 386
4 6 4 0 386
6 3 0 6 386
3 3 6 6 386
8 1 0 9 386
1 4 9 6 386
1 4 8 0 386
1 4 9 0 386
2 2 8 4 386
4 6 0 0 387
4 6 4 0 387
6 3 0 6 387
3 3 6 6 387
8 1 0 9 387
1 4 9 6 387
1 4 8 0 387
1 4 9 0 387
2 2 8 4 387
4 6 0 0 388
4 6 4 0 388
6 3 0 6 388
3 3 6 6 388
8 1 0 9 388
1 4 9 6 388
1 4 8 0 388
1 4 9 0 388
2 2 8 4 388
4 6 0 0 389
4 6 4 0 389
6 3 0 6 389
3 3 6 6 389
8 1 0 9 389
1 4 9 6 389
1 4 8 0 389
1 4 9 0 389
2 2 8 4 389
4 6 0 0 390
4 6 4 0 390
6 3 0 6 390
3 3 6 6 390
8 1 0 9 390
1 4 9 6 390
1 4 8 0 390
1 4 9 0 390
2 2 8 4 390
4 6 0 0 391
4 6 4 0 391
6 3 0 6 391
3 3 6 6 391
8 1 0 9 391
1 4 9 6 391
1 4 8 0 391
1 4 9 0 391
2 2 8 4 391
4 6 0 0 392
4 6 4 0 392
6 3 0 6 392
3 3 6 6 392
8 1 0 9 392
1 4 9 6 392
1 4 8 0 392
1 4 9 0 392
2 2 8 4 392
4 6 0 0 393
4 6 4 0 393
6 3 0 6 393
3 3 6 6 393
8 1 0 9 393
1 4 9 6 393
1 4 8 0 393
1 4 9 0 393
2 2 8 4 393
4 6 0 0 394
4 6 4 0 394
6 3 0 6 394
3 3 6 6 394
8 1 0 9 394
1 4 9 6 394
1 4 8 0 394
1 4 9 0 394
2 2 8 4 394
4 6 0 0 395
4 6 4 0 395
6 3 0 6 395
3 3 6 6 395
8 1 0 9 395
1 4 9 6 395
1 4 8 0 395
1 4 9 0 395
2 2 8 4 395
4 6 0 0 396
4 6 4 0 396
6 3 0 6 396
3 3 6 6 396
8 1 0 9 396
1 4 9 6 396
1 4 8 0 396
1 4 9 0 396
2 2 8 4 396
4 6 0 0 397
4 6 4 0 397
6 3 0 6 397
3 3 6 6 397
8 1 0 9 397
1 4 9 6 397
1 4 8 0 397
1 4 9 0 397
2 2 8 4 397
4 6 0 0 398
4 6 4 0 398
6 3 0 6 398
3 3 6 6 398
8 1 0 9 398
1 4 9 6 398
1 4 8 0 398
1 4 9 0 398
2 2 8 4 398
4 6 0 0 399
4 6 4 0 399
6 3 0 6 399
3 3 6 6 399
8 1 0 9 399
1 4 9 6 399
1 4 8 0 399
1 4 9 0 399
2 2 8 4 399
6 3 0 0 400
6 3 0 3 400
6 3 0 6 400
2 7 6 0 400
2 7 8 0 400
3 3 6 7 400
3 1 0 9 400
3 1 3 9 400
1 2 9 7 400
6 3 0 0 401
6 3 0 3 401
6 3 0 6 401
2 7 6 0 401
2 7 8 0 401
3 3 6 7 401
3 1 0 9 401
3 1 3 9 401
1 2 9 7 401
6 3 0 0 402
6 3 0 3 402
6 3 0 6 402
2 7 6 0 402
2 7 8 0 402
3 3 6 7 402
3 1 0 9 402
3 1 3 9 402
1 2 9 7 402
6 3 0 0 403
6 3 0 3 403
6 3 0 6 403
2 7 6 0 403
2 7 8 0 403
3 3 6 7 403
3 1 0 9 403
3 1 3 9 403
1 2 9 7 403
6 3 0 0 404
6 3 0 3 404
6 3 0 6 404
2 7 6 0 404
2 7 8 0 404
3 3 6 7 404
3 1 0 9 404
3 1 3 9 404
1 2 9 7 404
6 3 0 0 405
6 3 0 3 405
6 3 0 6 405
2 7 6 0 405
2 7 8 0 405
3 3 6 7 405
3 1 0 9 405
3 1 3 9 405
1 2 9 7 405
6 3 0 0 406
6 3 0 3 406
6 3 0 6 406
2 7 6 0 406
2 7 8 0 406
3 3 6 7 406
3 1 0 9 406
3 1 3 9 406
1 2 9 7 406
6 3 0 0 407
6 3 0 3 407
6 3 0 6 407
2 7 6 0 407
2 7 8 0 407
3 3 6 7 407
3 1 0 9 407
3 1 3 9 407
1 2 9 7 407
6 3 0 0 408
6 3 0 3 408
6 3 0 6 408
2 7 6 0 408
2 7 8 0 408
3 3 6 7 408
3 1 0 9 408
3 1 3 9 408
1 2 9 7 408
6 3 0 0 409
6 3 0 3 409
6 3 0 6 409
2 7 6 0 409
2 7 8 0 409
3 3 6 7 409
3 1 0 9 409
3 1 3 9 409
1 2 9 7 409
6 3 0 0 410
6 3 0 3 410
6 3 0 6 410
2 7 6 0 410
2 7 8 0 410
3 3 6 7 410
3 1 0 9 410
3 1 3 9 410
1 2 9 7 410
6 3 0 0 411
6 3 0 3 411
6 3 0 6 411
2 7 6 0 411
2 7 8 0 411
3 3 6 7 411
3 1 0 9 411
3 1 3 9 411
1 2 9 7 411
6 3 0 0 412
6 3 0 3 412
6 3 0 6 412
2 7 6 0 412
2 7 8 0 412
3 3 6 7 412
3 1 0 9 412
3 1 3 9 412
1 2 9 7 412
6 3 0 0 413
6 3 0 3 413
6 3 0 6 413
2 7 6 0 413
2 7 8 0 413
3 3 6 7 413
3 1 0 9 413
3 1 3 9 413
1 2 9 7 413
6 3 0 0 414
6 3 0 3 414
6 3 0 6 414
2 7 6 0 414
2 7 8 0 414
3 3 6 7 414
3 1 0 9 414
3 1 3 9 414
1 2 9 7 414
6 3 0 0 415
6 3 0 3 415
6 3 0 6 415
2 7 6 0 415
2 7 8 0 415
3 3 6 7 415
3 1 0 9 415
3 1 3 9 415
1 2 9 7 415
6 3 0 0 416
6 3 0 3 416
6 3 0 6 416
2 7 6 0 416
2 7 8 0 416
3 3 6 7 416
3 1 0 9 416
3 1 3 9 416
1 2 9 7 416
6 3 0 0 417
6 3 0 3 417
6 3 0 6 417
2 7 6 0 417
2 7 8 0 417
3 3 6 7 417
3 1 0 9 417
3 1 3 9 417
1 2 9 7 417
6 3 0 0 418
6 3 0 3 418
6 3 0 6 418
2 7 6 0 418
2 7 8 0 418
3 3 6 7 418
3 1 0 9 418
3 1 3 9 418
1 2 9 7 418
6 3 0 0 419
6 3 0 3 419
6 3 0 6 419
2 7 6 0 419
2 7 8 0 419
3 3 6 7 419
3 1 0 9 419
3 1 3 9 419
1 2 9 7 419
6 3 0 0 420
6 3 0 3 420
6 3 0 6 420
2 7 6 0 420
2 7 8 0 420
3 3 6 7 420
3 1 0 9 420
3 1 3 9 420
1 2 9 7 420
6 3 0 0 421
6 3 0 3 421
6 3 0 6 421
2 7 6 0 421
2 7 8 0 421
3 3 6 7 421
3 1 0 9 421
3 1 3 9 421
1 2 9 7 421
6 3 0 0 422
6 3 0 3 422
6 3 0 6 422
2 7 6 0 422
2 7 8 0 422
3 3 6 7 422
3 1 0 9 422
3 1 3 9 422
1 2 9 7 422
6 3 0 0 423
6 3 0 3 423
6 3 0 6 423
2 7 6 0 423
2 7 8 0 423
3 3 6 7 423
3 1 0 9 423
3 1 3 9 423
1 2 9 7 423
6 3 0 0 424
6 3 0 3 424
6 3 0 6 424
2 7 6 0 424
2 7 8 0 424
3 3 6 7 424
3 1 0 9 424
3 1 3 9 424
1 2 9 7 424
6 3 0 0 425
6 3 0 3 425
6 3 0 6 425
2 7 6 0 425
2 7 8 0 425
3 3 6 7 425
3 1 0 9 425
3 1 3 9 425
1 2 9 7 425
6 3 0 0 426
6 3 0 3 426
6 3 0 6 426
2 7 6 0 426
2 7 8 0 426
3 3 6 7 426
3 1 0 9 426
3 1 3 9 426
1 2 9 7 426
6 3 0 0 427
6 3 0 3 427
6 3 0 6 427
2 7 6 0 427
2 7 8 0 427
3 3 6 7 427
3 1 0 9 427
3 1 3 9 427
1 2 9 7 427
6 3 0 0 428
6 3 0 3 428
6 3 0 6 428
2 7 6 0 428
2 7 8 0 428
3 3 6 7 428
3 1 0 9 428
3 1 3 9 428
1 2 9 7 428
6 3 0 0 429
6 3 0 3 429
6 3 0 6 429
2 7 6 0 429
2 7 8 0 429
3 3 6 7 429
3 1 0 9 429
3 1 3 9 429
1 2 9 7 429
6 3 0 0 430
6 3 0 3 430
6 3 0 6 430
2 7 6 0 430
2 7 8 0 430
3 3 6 7 430
3 1 0 9 430
3 1 3 9 430
1 2 9 7 430
6 3 0 0 431
6 3 0 3 431
6 3 0 6 431
2 7 6 0 431
2 7 8 0 431
3 3 6 7 431
3 1 0 9 431
3 1 3 9 431
1 2 9 7 431
6 3 0 0 432
6 3 0 3 432
6 3 0 6 432
2 7 6 0 432
2 7 8 0 432
3 3 6 7 432
3 1 0 9 432
3 1 3 9 432
1 2 9 7 432
6 3 0 0 433
6 3 0 3 433
6 3 0 6 433
2 7 6 0 433
2 7 8 0 433
3 3 6 7 433
3 1 0 9 433
3 1 3 9 433
1 2 9 7 433
6 3 0 0 434
6 3 0 3 434
6 3 0 6 434
2 7 6 0 434
2 7 8 0 434
3 3 6 7 434
3 1 0 9 434
3 1 3 9 434
1 2 9 7 434
6 3 0 0 435
6 3 0 3 435
6 3 0 6 435
2 7 6 0 435
2 7 8 0 435
3 3 6 7 435
3 1 0 9 435
3 1 3 9 435
1 2 9 7 435
6 3 0 0 436
6 3 0 3 436
6 3 0 6 436
2 7 6 0 436
2 7 8 0 436
3 3 6 7 436
3 1 0 9 436
3 1 3 9 436
1 2 9 7 436
6 3 0 0 437
6 3 0 3 437
6 3 0 6 437
2 7 6 0 437
2 7 8 0 437
3 3 6 7 437
3 1 0 9 437
3 1 3 9 437
1 2 9 7 437
6 3 0 0 438
6 3 0 3 438
6 3 0 6 438
2 7 6 0 438
2 7 8 0 438
3 3 6 7 438
3 1 0 9 438
3 1 3 9 438
1 2 9 7 438
6 3 0 0 439
6 3 0 3 439
6 3 0 6 439
2 7 6 0 439
2 7 8 0 439
3 3 6 7 439
3 1 0 9 439
3 1 3 9 439
1 2 9 7 439
6 3 0 0 440
6 3 0 3 440
6 3 0 6 440
2 7 6 0 440
2 7 8 0 440
3 3 6 7 440
3 1 0 9 440
3 1 3 9 440
1 2 9 7 440
6 3 0 0 441
6 3 0 3 441
6 3 0 6 441
2 7 6 0 441
2 7 8 0 441
3 3 6 7 441
3 1 0 9 441
3 1 3 9 441
1 2 9 7 441
6 3 0 0 442
6 3 0 3 442
6 3 0 6 442
2 7 6 0 442
2 7 8 0 442
3 3 6 7 442
3 1 0 9 442
3 1 3 9 442
1 2 9 7 442
6 3 0 0 443
6 3 0 3 443
6 3 0 6 443
2 7 6 0 443
2 7 8 0 443
3 3 6 7 443
3 1 0 9 443
3 1 3 9 443
1 2 9 7 443
6 3 0 0 444
6 3 0 3 444
6 3 0 6 444
2 7 6 0 444
2 7 8 0 444
3 3 6 7 444
3 1 0 9 444
3 1 3 9 444
1 2 9 7 444
6 3 0 0 445
6 3 0 3 445
6 3 0 6 445
2 7 6 0 445
2 7 8 0 445
3 3 6 7 445
3 1 0 9 445
3 1 3 9 445
1 2 9 7 445
6 3 0 0 446
6 3 0 3 446
6 3 0 6 446
2 7 6 0 446
2 7 8 0 446
3 3 6 7 446
3 1 0 9 446
3 1 3 9 446
1 2 9 7 446
6 3 0 0 447
6 3 0 3 447
6 3 0 6 447
2 7 6 0 447
2 7 8 0 447
3 3 6 7 447
3 1 0 9 447
3 1 3 9 447
1 2 9 7 447
6 3 0 0 448
6 3 0 3 448
6 3 0 6 448
2 7 6 0 448
2 7 8 0 448
3 3 6 7 448
3 1 0 9 448
3 1 3 9 448
1 2 9 7 448
6 3 0 0 449
6 3 0 3 449
6 3 0 6 449
2 7 6 0 449
2 7 8 0 449
3 3 6 7 449
3 1 0 9 449
3 1 3 9 449
1 2 9 7 449
6 3 0 0 450
6 3 0 3 450
6 3 0 6 450
2 7 6 0 450
2 7 8 0 450
3 3 6 7 450
3 1 0 9 450
3 1 3 9 450
1 2 9 7 450
6 3 0 0 451
6 3 0 3 451
6 3 0 6 451
2 7 6 0 451
2 7 8 0 451
3 3 6 7 451
3 1 0 9 451
3 1 3 9 451
1 2 9 7 451
6 3 0 0 452
6 3 0 3 452
6 3 0 6 452
2 7 6 0 452
2 7 8 0 452
3 3 6 7 452
3 1 0 9 452
3 1 3 9 452
1 2 9 7 452
6 3 0 0 453
6 3 0 3 453
6 3 0 6 453
2 7 6 0 453
2 7 8 0 453
3 3 6 7 453
3 1 0 9 453
3 1 3 9 453
1 2 9 7 453
6 3 0 0 454
6 3 0 3 454
6 3 0 6 454
2 7 6 0 454
2 7 8 0 454
3 3 6 7 454
3 1 0 9 454
3 1 3 9 454
1 2 9 7 454
6 3 0 0 455
6 3 0 3 455
6 3 0 6 455
2 7 6 0 455
2 7 8 0 455
3 3 6 7 455
3 1 0 9 455
3 1 3 9 455
1 2 9 7 455
6 3 0 0 456
6 3 0 3 456
6 3 0 6 456
2 7 6 0 456
2 7 8 0 456
3 3 6 7 456
3 1 0 9 456
3 1 3 9 456
1 2 9 7 456
6 3 0 0 457
6 3 0 3 457
6 3 0 6 457
2 7 6 0 457
2 7 8 0 457
3 3 6 7 457
3 1 0 9 457
3 1 3 9 457
1 2 9 7 457
6 3 0 0 458
6 3 0 3 458
6 3 0 6 458
2 7 6 0 458
2 7 8 0 458
3 3 6 7 458
3 1 0 9 458
3 1 3 9 458
1 2 9 7 458
6 3 0 0 459
6 3 0 3 459
6 3 0 6 459
2 7 6 0 459
2 7 8 0 459
3 3 6 7 459
3 1 0 9 459
3 1 3 9 459
1 2 9 7 459
6 3 0 0 460
6 3 0 3 460
6 3 0 6 460
2 7 6 0 460
2 7 8 0 460
3 3 6 7 460
3 1 0 9 460
3 1 3 9 460
1 2 9 7 460
6 3 0 0 461
6 3 0 3 461
6 3 0 6 461
2 7 6 0 461
2 7 8 0 461
3 3 6 7 461
3 1 0 9 461
3 1 3 9 461
1 2 9 7 461
6 3 0 0 462
6 3 0 3 462
6 3 0 6 462
2 7 6 0 462
2 7 8 0 462
3 3 6 7 462
3 1 0 9 462
3 1 3 9 462
1 2 9 7 462
6 3 0 0 463
6 3 0 3 463
6 3 0 6 463
2 7 6 0 463
2 7 8 0 463
3 3 6 7 463
3 1 0 9 463
3 1 3 9 463
1 2 9 7 463
6 3 0 0 464
6 3 0 3 464
6 3 0 6 464
2 7 6 0 464
2 7 8 0 464
3 3 6 7 464
3 1 0 9 464
3 1 3 9 464
1 2 9 7 464
6 3 0 0 465
6 3 0 3 465
6 3 0 6 465
2 7 6 0 465
2 7 8 0 465
3 3 6 7 465
3 1 0 9 465
3 1 3 9 465
1 2 9 7 465
6 3 0 0 466
6 3 0 3 466
6 3 0 6 466
2 7 6 0 466
2 7 8 0 466
3 3 6 7 466
3 1 0 9 466
3 1 3 9 466
1 2 9 7 466
6 3 0 0 467
6 3 0 3 467
6 3 0 6 467
2 7 6 0 467
2 7 8 0 467
3 3 6 7 467
3 1 0 9 467
3 1 3 9 467
1 2 9 7 467
6 3 0 0 468
6 3 0 3 468
6 3 0 6 468
2 7 6 0 468
2 7 8 0 468
3 3 6 7 468
3 1 0 9 468
3 1 3 9 468
1 2 9 7 468
6 3 0 0 469
6 3 0 3 469
6 3 0 6 469
2 7 6 0 469
2 7 8 0 469
3 3 6 7 469
3 1 0 9 469
3 1 3 9 469
1 2 9 7 469
6 3 0 0 470
6 3 0 3 470
6 3 0 6 470
2 7 6 0 470
2 7 8 0 470
3 3 6 7 470
3 1 0 9 470
3 1 3 9 470
1 2 9 7 470
6 3 0 0 471
6 3 0 3 471
6 3 0 6 471
2 7 6 0 471
2 7 8 0 471
3 3 6 7 471
3 1 0 9 471
3 1 3 9 471
1 2 9 7 471
6 3 0 0 472
6 3 0 3 472
6 3 0 6 472
2 7 6 0 472
2 7 8 0 472
3 3 6 7 472
3 1 0 9 472
3 1 3 9 472
1 2 9 7 472
6 3 0 0 473
6 3 0 3 473
6 3 0 6 473
2 7 6 0 473
2 7 8 0 473
3 3 6 7 473
3 1 0 9 473
3 1 3 9 473
1 2 9 7 473
6 3 0 0 474
6 3 0 3 474
6 3 0 6 474
2 7 6 0 474
2 7 8 0 474
3 3 6 7 474
3 1 0 9 474
3 1 3 9 474
1 2 9 7 474
6 3 0 0 475
6 3 0 3 475
6 3 0 6 475
2 7 6 0 475
2 7 8 0 475
3 3 6 7 475
3 1 0 9 475
3 1 3 9 475
1 2 9 7 475
6 3 0 0 476
6 3 0 3 476
6 3 0 6 476
2 7 6 0 476
2 7 8 0 476
3 3 6 7 476
3 1 0 9 476
3 1 3 9 476
1 2 9 7 476
6 3 0 0 477
6 3 0 3 477
6 3 0 6 477
2 7 6 0 477
2 7 8 0 477
3 3 6 7 477
3 1 0 9 477
3 1 3 9 477
1 2 9 7 477
6 3 0 0 478
6 3 0 3 478
6 3 0 6 478
2 7 6 0 478
2 7 8 0 478
3 3 6 7 478
3 1 0 9 478
3 1 3 9 478
1 2 9 7 478
6 3 0 0 479
6 3 0 3 479
6 3 0 6 479
2 7 6 0 479
2 7 8 0 479
3 3 6 7 479
3 1 0 9 479
3 1 3 9 479
1 2 9 7 479
6 3 0 0 480
6 3 0 3 480
6 3 0 6 480
2 7 6 0 480
2 7 8 0 480
3 3 6 7 480
3 1 0 9 480
3 1 3 9 480
1 2 9 7 480
6 3 0 0 481
6 3 0 3 481
6 3 0 6 481
2 7 6 0 481
2 7 8 0 481
3 3 6 7 481
3 1 0 9 481
3 1 3 9 481
1 2 9 7 481
6 3 0 0 482
6 3 0 3 482
6 3 0 6 482
2 7 6 0 482
2 7 8 0 482
3 3 6 7 482
3 1 0 9 482
3 1 3 9 482
1 2 9 7 482
6 3 0 0 483
6 3 0 3 483
6 3 0 6 483
2 7 6 0 483
2 7 8 0 483
3 3 6 7 483
3 1 0 9 483
3 1 3 9 483
1 2 9 7 483
6 3 0 0 484
6 3 0 3 484
6 3 0 6 484
2 7 6 0 484
2 7 8 0 484
3 3 6 7 484
3 1 0 9 484
3 1 3 9 484
1 2 9 7 484
6 3 0 0 485
6 3 0 3 485
6 3 0 6 485
2 7 6 0 485
2 7 8 0 485
3 3 6 7 485
3 1 0 9 485
3 1 3 9 485
1 2 9 7 485
6 3 0 0 486
6 3 0 3 486
6 3 0 6 486
2 7 6 0 486
2 7 8 0 486
3 3 6 7 486
3 1 0 9 486
3 1 3 9 486
1 2 9 7 486
6 3 0 0 487
6 3 0 3 487
6 3 0 6 487
2 7 6 0 487
2 7 8 0 487
3 3 6 7 487
3 1 0 9 487
3 1 3 9 487
1 2 9 7 487
6 3 0 0 488
6 3 0 3 488
6 3 0 6 488
2 7 6 0 488
2 7 8 0 488
3 3 6 7 488
3 1 0 9 488
3 1 3 9 488
1 2 9 7 488
6 3 0 0 489
6 3 0 3 489
6 3 0 6 489
2 7 6 0 489
2 7 8 0 489
3 3 6 7 489
3 1 0 9 489
3 1 3 9 489
1 2 9 7 489
6 3 0 0 490
6 3 0 3 490
6 3 0 6 490
2 7 6 0 490
2 7 8 0 490
3 3 6 7 490
3 1 0 9 490
3 1 3 9 490
1 2 9 7 490
6 3 0 0 491
6 3 0 3 491
6 3 0 6 491
2 7 6 0 491
2 7 8 0 491
3 3 6 7 491
3 1 0 9 491
3 1 3 9 491
1 2 9 7 491
6 3 0 0 492
6 3 0 3 492
6 3 0 6 492
2 7 6 0 492
2 7 8 0 492
3 3 6 7 492
3 1 0 9 492
3 1 3 9 492
1 2 9 7 492
6 3 0 0 493
6 3 0 3 493
6 3 0 6 493
2 7 6 0 493
2 7 8 0 493
3 3 6 7 493
3 1 0 9 493
3 1 3 9 493
1 2 9 7 493
6 3 0 0 494
6 3 0 3 494
6 3 0 6 494
2 7 6 0 494
2 7 8 0 494
3 3 6 7 494
3 1 0 9 494
3 1 3 9 494
1 2 9 7 494
6 3 0 0 495
6 3 0 3 495
6 3 0 6 495
2 7 6 0 495
2 7 8 0 495
3 3 6 7 495
3 1 0 9 495
3 1 3 9 495
1 2 9 7 495
6 3 0 0 496
6 3 0 3 496
6 3 0 6 496
2 7 6 0 496
2 7 8 0 496
3 3 6 7 496
3 1 0 9 496
3 1 3 9 496
1 2 9 7 496
6 3 0 0 497
6 3 0 3 497
6 3 0 6 497
2 7 6 0 497
2 7 8 0 497
3 3 6 7 497
3 1 0 9 497
3 1 3 9 497
1 2 9 7 497
6 3 0 0 498
6 3 0 3 498
6 3 0 6 498
2 7 6 0 498
2 7 8 0 498
3 3 6 7 498
3 1 0 9 498
3 1 3 9 498
1 2 9 7 498
6 3 0 0 499
6 3 0 3 499
6 3 0 6 499
2 7 6 0 499
2 7 8 0 499
3 3 6 7 499
3 1 0 9 499
3 1 3 9 499
1 2 9 7 499
6 3 0 0 500
6 3 0 3 500
6 3 0 6 500
2 7 6 0 500
2 7 8 0 500
3 2 6 7 500
3 1 0 9 500
3 1 3 9 500
3 1 6 9 500
1 2 9 7 500
6 3 0 0 501
6 3 0 3 501
6 3 0 6 501
2 7 6 0 501
2 7 8 0 501
3 2 6 7 501
3 1 0 9 501
3 1 3 9 501
3 1 6 9 501
1 2 9 7 501
6 3 0 0 502
6 3 0 3 502
6 3 0 6 502
2 7 6 0 502
2 7 8 0 502
3 2 6 7 502
3 1 0 9 502
3 1 3 9 502
3 1 6 9 502
1 2 9 7 502
6 3 0 0 503
6 3 0 3 503
6 3 0 6 503
2 7 6 0 503
2 7 8 0 503
3 2 6 7 503
3 1 0 9 503
3 1 3 9 503
3 1 6 9 503
1 2 9 7 503
6 3 0 0 504
6 3 0 3 504
6 3 0 6 504
2 7 6 0 504
2 7 8 0 504
3 2 6 7 504
3 1 0 9 504
3 1 3 9 504
3 1 6 9 504
1 2 9 7 504
6 3 0 0 505
6 3 0 3 505
6 3 0 6 505
2 7 6 0 505
2 7 8 0 505
3 2 6 7 505
3 1 0 9 505
3 1 3 9 505
3 1 6 9 505
1 2 9 7 505
6 3 0 0 506
6 3 0 3 506
6 3 0 6 506
2 7 6 0 506
2 7 8 0 506
3 2 6 7 506
3 1 0 9 506
3 1 3 9 506
3 1 6 9 506
1 2 9 7 506
6 3 0 0 507
6 3 0 3 507
6 3 0 6 507
2 7 6 0 507
2 7 8 0 507
3 2 6 7 507
3 1 0 9 507
3 1 3 9 507
3 1 6 9 507
1 2 9 7 507
6 3 0 0 508
6 3 0 3 508
6 3 0 6 508
2 7 6 0 508
2 7 8 0 508
3 2 6 7 508
3 1 0 9 508
3 1 3 9 508
3 1 6 9 508
1 2 9 7 508
6 3 0 0 509
6 3 0 3 509
6 3 0 6 509
2 7 6 0 509
2 7 8 0 509
3 2 6 7 509
3 1 0 9 509
3 1 3 9 509
3 1 6 9 509
1 2 9 7 509
6 3 0 0 510
6 3 0 3 510
6 3 0 6 510
2 7 6 0 510
2 7 8 0 510
3 2 6 7 510
3 1 0 9 510
3 1 3 9 510
3 1 6 9 510
1 2 9 7 510
6 3 0 0 511
6 3 0 3 511
6 3 0 6 511
2 7 6 0 511
2 7 8 0 511
3 2 6 7 511
3 1 0 9 511
3 1 3 9 511
3 1 6 9 511
1 2 9 7 511
6 3 0 0 512
6 3 0 3 512
6 3 0 6 512
2 7 6 0 512
2 7 8 0 512
3 2 6 7 512
3 1 0 9 512
3 1 3 9 512
3 1 6 9 512
1 2 9 7 512
6 3 0 0 513
6 3 0 3 513
6 3 0 6 513
2 7 6 0 513
2 7 8 0 513
3 2 6 7 513
3 1 0 9 513
3 1 3 9 513
3 1 6 9 513
1 2 9 7 513
6 3 0 0 514
6 3 0 3 514
6 3 0 6 514
2 7 6 0 514
2 7 8 0 514
3 2 6 7 514
3 1 0 9 514
3 1 3 9 514
3 1 6 9 514
1 2 9 7 514
6 3 0 0 515
6 3 0 3 515
6 3 0 6 515
2 7 6 0 515
2 7 8 0 515
3 2 6 7 515
3 1 0 9 515
3 1 3 9 515
3 1 6 9 515
1 2 9 7 515
6 3 0 0 516
6 3 0 3 516
6 3 0 6 516
2 7 6 0 516
2 7 8 0 516
3 2 6 7 516
3 1 0 9 516
3 1 3 9 516
3 1 6 9 516
1 2 9 7 516
6 3 0 0 517
6 3 0 3 517
6 3 0 6 517
2 7 6 0 517
2 7 8 0 517
3 2 6 7 517
3 1 0 9 517
3 1 3 9 517
3 1 6 9 517
1 2 9 7 517
6 3 0 0 518
6 3 0 3 518
6 3 0 6 518
2 7 6 0 518
2 7 8 0 518
3 2 6 7 518
3 1 0 9 518
3 1 3 9 518
3 1 6 9 518
1 2 9 7 518
6 3 0 0 519
6 3 0 3 519
6 3 0 6 519
2 7 6 0 519
2 7 8 0 519
3 2 6 7 519
3 1 0 9 519
3 1 3 9 519
3 1 6 9 519
1 2 9 7 519
6 3 0 0 520
6 3 0 3 520
6 3 0 6 520
2 7 6 0 520
2 7 8 0 520
3 2 6 7 520
3 1 0 9 520
3 1 3 9 520
3 1 6 9 520
1 2 9 7 520
6 3 0 0 521
6 3 0 3 521
6 3 0 6 521
2 7 6 0 521
2 7 8 0 521
3 2 6 7 521
3 1 0 9 521
3 1 3 9 521
3 1 6 9 521
1 2 9 7 521
6 3 0 0 522
6 3 0 3 522
6 3 0 6 522
2 7 6 0 522
2 7 8 0 522
3 2 6 7 522
3 1 0 9 522
3 1 3 9 522
3 1 6 9 522
1 2 9 7 522
6 3 0 0 523
6 3 0 3 523
6 3 0 6 523
2 7 6 0 523
2 7 8 0 523
3 2 6 7 523
3 1 0 9 523
3 1 3 9 523
3 1 6 9 523
1 2 9 7 523
6 3 0 0 524
6 3 0 3 524
6 3 0 6 524
2 7 6 0 524
2 7 8 0 524
3 2 6 7 524
3 1 0 9 524
3 1 3 9 524
3 1 6 9 524
1 2 9 7 524
6 3 0 0 525
6 3 0 3 525
6 3 0 6 525
2 7 6 0 525
2 7 8 0 525
3 2 6 7 525
3 1 0 9 525
3 1 3 9 525
3 1 6 9 525
1 2 9 7 525
6 3 0 0 526
6 3 0 3 526
6 3 0 6 526
2 7 6 0 526
2 7 8 0 526
3 2 6 7 526
3 1 0 9 526
3 1 3 9 526
3 1 6 9 526
1 2 9 7 526
6 3 0 0 527
6 3 0 3 527
6 3 0 6 527
2 7 6 0 527
2 7 8 0 527
3 2 6 7 527
3 1 0 9 527
3 1 3 9 527
3 1 6 9 527
1 2 9 7 527
6 3 0 0 528
6 3 0 3 528
6 3 0 6 528
2 7 6 0 528
2 7 8 0 528
3 2 6 7 528
3 1 0 9 528
3 1 3 9 528
3 1 6 9 528
1 2 9 7 528
6 3 0 0 529
6 3 0 3 529
6 3 0 6 529
2 7 6 0 529
2 7 8 0 529
3 2 6 7 529
3 1 0 9 529
3 1 3 9 529
3 1 6 9 529
1 2 9 7 529
6 3 0 0 530
6 3 0 3 530
6 3 0 6 530
2 7 6 0 530
2 7 8 0 530
3 2 6 7 530
3 1 0 9 530
3 1 3 9 530
3 1 6 9 530
1 2 9 7 530
6 3 0 0 531
6 3 0 3 531
6 3 0 6 531
2 7 6 0 531
2 7 8 0 531
3 2 6 7 531
3 1 0 9 531
3 1 3 9 531
3 1 6 9 531
1 2 9 7 531
6 3 0 0 532
6 3 0 3 532
6 3 0 6 532
2 7 6 0 532
2 7 8 0 532
3 2 6 7 532
3 1 0 9 532
3 1 3 9 532
3 1 6 9 532
1 2 9 7 532
6 3 0 0 533
6 3 0 3 533
6 3 0 6 533
2 7 6 0 533
2 7 8 0 533
3 2 6 7 533
3 1 0 9 533
3 1 3 9 533
3 1 6 9 533
1 2 9 7 533
6 3 0 0 534
6 3 0 3 534
6 3 0 6 534
2 7 6 0 534
2 7 8 0 534
3 2 6 7 534
3 1 0 9 534
3 1 3 9 534
3 1 6 9 534
1 2 9 7 534
6 3 0 0 535
6 3 0 3 535
6 3 0 6 535
2 7 6 0 535
2 7 8 0 535
3 2 6 7 535
3 1 0 9 535
3 1 3 9 535
3 1 6 9 535
1 2 9 7 535
6 3 0 0 536
6 3 0 3 536
6 3 0 6 536
2 7 6 0 536
2 7 8 0 536
3 2 6 7 536
3 1 0 9 536
3 1 3 9 536
3 1 6 9 536
1 2 9 7 536
6 3 0 0 537
6 3 0 3 537
6 3 0 6 537
2 7 6 0 537
2 7 8 0 537
3 2 6 7 537
3 1 0 9 537
3 1 3 9 537
3 1 6 9 537
1 2 9 7 537
6 3 0 0 538
6 3 0 3 538
6 3 0 6 538
2 7 6 0 538
2 7 8 0 538
3 2 6 7 538
3 1 0 9 538
3 1 3 9 538
3 1 6 9 538
1 2 9 7 538
6 3 0 0 539
6 3 0 3 539
6 3 0 6 539
2 7 6 0 539
2 7 8 0 539
3 2 6 7 539
3 1 0 9 539
3 1 3 9 539
3 1 6 9 539
1 2 9 7 539
6 3 0 0 540
6 3 0 3 540
6 3 0 6 540
2 7 6 0 540
2 7 8 0 540
3 2 6 7 540
3 1 0 9 540
3 1 3 9 540
3 1 6 9 540
1 2 9 7 540
6 3 0 0 541
6 3 0 3 541
6 3 0 6 541
2 7 6 0 541
2 7 8 0 541
3 2 6 7 541
3 1 0 9 541
3 1 3 9 541
3 1 6 9 541
1 2 9 7 541
6 3 0 0 542
6 3 0 3 542
6 3 0 6 542
2 7 6 0 542
2 7 8 0 542
3 2 6 7 542
3 1 0 9 542
3 1 3 9 542
3 1 6 9 542
1 2 9 7 542
6 3 0 0 543
6 3 0 3 543
6 3 0 6 543
2 7 6 0 543
2 7 8 0 543
3 2 6 7 543
3 1 0 9 543
3 1 3 9 543
3 1 6 9 543
1 2 9 7 543
6 3 0 0 544
6 3 0 3 544
6 3 0 6 544
2 7 6 0 544
2 7 8 0 544
3 2 6 7 544
3 1 0 9 544
3 1 3 9 544
3 1 6 9 544
1 2 9 7 544
6 3 0 0 545
6 3 0 3 545
6 3 0 6 545
2 7 6 0 545
2 7 8 0 545
3 2 6 7 545
3 1 0 9 545
3 1 3 9 545
3 1 6 9 545
1 2 9 7 545
6 3 0 0 546
6 3 0 3 546
6 3 0 6 546
2 7 6 0 546
2 7 8 0 546
3 2 6 7 546
3 1 0 9 546
3 1 3 9 546
3 1 6 9 546
1 2 9 7 546
6 3 0 0 547
6 3 0 3 547
6 3 0 6 547
2 7 6 0 547
2 7 8 0 547
3 2 6 7 547
3 1 0 9 547
3 1 3 9 547
3 1 6 9 547
1 2 9 7 547
6 3 0 0 548
6 3 0 3 548
6 3 0 6 548
2 7 6 0 548
2 7 8 0 548
3 2 6 7 548
3 1 0 9 548
3 1 3 9 548
3 1 6 9 548
1 2 9 7 548
6 3 0 0 549
6 3 0 3 549
6 3 0 6 549
2 7 6 0 549
2 7 8 0 549
3 2 6 7 549
3 1 0 9 549
3 1 3 9 549
3 1 6 9 549
1 2 9 7 549
6 3 0 0 550
6 3 0 3 550
6 3 0 6 550
3 2 6 0 550
3 2 6 2 550
3 2 6 4 550
3 2 6 6 550
3 2 6 8 550
1 4 9 0 550
1 4 9 4 550
3 1 0 9 550
3 1 3 9 550
1 2 9 8 550
6 3 0 0 551
6 3 0 3 551
6 3 0 6 551
3 2 6 0 551
3 2 6 2 551
3 2 6 4 551
3 2 6 6 551
3 2 6 8 551
1 4 9 0 551
1 4 9 4 551
3 1 0 9 551
3 1 3 9 551
1 2 9 8 551
6 3 0 0 552
6 3 0 3 552
6 3 0 6 552
3 2 6 0 552
3 2 6 2 552
3 2 6 4 552
3 2 6 6 552
3 2 6 8 552
1 4 9 0 552
1 4 9 4 552
3 1 0 9 552
3 1 3 9 552
1 2 9 8 552
6 3 0 0 553
6 3 0 3 553
6 3 0 6 553
3 2 6 0 553
3 2 6 2 553
3 2 6 4 553
3 2 6 6 553
3 2 6 8 553
1 4 9 0 553
1 4 9 4 553
3 1 0 9 553
3 1 3 9 553
1 2 9 8 553
6 3 0 0 554
6 3 0 3 554
6 3 0 6 554
3 2 6 0 554
3 2 6 2 554
3 2 6 4 554
3 2 6 6 554
3 2 6 8 554
1 4 9 0 554
1 4 9 4 554
3 1 0 9 554
3 1 3 9 554
1 2 9 8 554
6 3 0 0 555
6 3 0 3 555
6 3 0 6 555
3 2 6 0 555
3 2 6 2 555
3 2 6 4 555
3 2 6 6 555
3 2 6 8 555
1 4 9 0 555
1 4 9 4 555
3 1 0 9 555
3 1 3 9 555
1 2 9 8 555
6 3 0 0 556
6 3 0 3 556
6 3 0 6 556
3 2 6 0 556
3 2 6 2 556
3 2 6 4 556
3 2 6 6 556
3 2 6 8 556
1 4 9 0 556
1 4 9 4 556
3 1 0 9 556
3 1 3 9 556
1 2 9 8 556
6 3 0 0 557
6 3 0 3 557
6 3 0 6 557
3 2 6 0 557
3 2 6 2 557
3 2 6 4 557
3 2 6 6 557
3 2 6 8 557
1 4 9 0 557
1 4 9 4 557
3 1 0 9 557
3 1 3 9 557
1 2 9 8 557
6 3 0 0 558
6 3 0 3 558
6 3 0 6 558
3 2 6 0 558
3 2 6 2 558
3 2 6 4 558
3 2 6 6 558
3 2 6 8 558
1 4 9 0 558
1 4 9 4 558
3 1 0 9 558
3 1 3 9 558
1 2 9 8 558
6 3 0 0 559
6 3 0 3 559
6 3 0 6 559
3 2 6 0 559
3 2 6 2 559
3 2 6 4 559
3 2 6 6 559
3 2 6 8 559
1 4 9 0 559
1 4 9 4 559
3 1 0 9 559
3 1 3 9 559
1 2 9 8 559
6 3 0 0 560
6 3 0 3 560
6 3 0 6 560
3 2 6 0 560
3 2 6 2 560
3 2 6 4 560
3 2 6 6 560
3 2 6 8 560
1 4 9 0 560
1 4 9 4 560
3 1 0 9 560
3 1 3 9 560
1 2 9 8 560
6 3 0 0 561
6 3 0 3 561
6 3 0 6 561
3 2 6 0 561
3 2 6 2 561
3 2 6 4 561
3 2 6 6 561
3 2 6 8 561
1 4 9 0 561
1 4 9 4 561
3 1 0 9 561
3 1 3 9 561
1 2 9 8 561
6 3 0 0 562
6 3 0 3 562
6 3 0 6 562
3 2 6 0 562
3 2 6 2 562
3 2 6 4 562
3 2 6 6 562
3 2 6 8 562
1 4 9 0 562
1 4 9 4 562
3 1 0 9 562
3 1 3 9 562
1 2 9 8 562
6 3 0 0 563
6 3 0 3 563
6 3 0 6 563
3 2 6 0 563
3 2 6 2 563
3 2 6 4 563
3 2 6 6 563
3 2 6 8 563
1 4 9 0 563
1 4 9 4 563
3 1 0 9 563
3 1 3 9 563
1 2 9 8 563
6 3 0 0 564
6 3 0 3 564
6 3 0 6 564
3 2 6 0 564
3 2 6 2 564
3 2 6 4 564
3 2 6 6 564
3 2 6 8 564
1 4 9 0 564
1 4 9 4 564
3 1 0 9 564
3 1 3 9 564
1 2 9 8 564
6 3 0 0 565
6 3 0 3 565
6 3 0 6 565
3 2 6 0 565
3 2 6 2 565
3 2 6 4 565
3 2 6 6 565
3 2 6 8 565
1 4 9 0 565
1 4 9 4 565
3 1 0 9 565
3 1 3 9 565
1 2 9 8 565
6 3 0 0 566
6 3 0 3 566
3 2 0 6 566
3 2 0 8 566
3 2 3 6 566
3 2 3 8 566
3 2 6 0 566
3 2 6 2 566
3 2 6 4 566
3 2 6 6 566
3 2 6 8 566
1 4 9 0 566
1 4 9 4 566
1 2 9 8 566
8 1 0 0 567
8 1 0 1 567
8 1 0 2 567
8 1 0 3 567
8 1 0 4 567
8 1 0 5 567
8 1 0 6 567
8 1 0 7 567
8 1 0 8 567
8 1 0 9 567
2 2 8 0 567
2 2 8 2 567
1 4 8 4 567
1 4 9 4 567
2 2 8 8 567
8 1 0 0 568
8 1 0 1 568
8 1 0 2 568
8 1 0 3 568
8 1 0 4 568
8 1 0 5 568
8 1 0 6 568
8 1 0 7 568
8 1 0 8 568
8 1 0 9 568
1 4 8 0 568
1 4 9 0 568
1 4 8 4 568
1 4 9 4 568
2 2 8 8 568
8 1 0 0 569
8 1 0 1 569
8 1 0 2 569
8 1 0 3 569
8 1 0 4 569
8 1 0 5 569
8 1 0 6 569
8 1 0 7 569
8 1 0 8 569
8 1 0 9 569
2 2 8 0 569
2 2 8 2 569
2 2 8 4 569
2 2 8 6 569
2 2 8 8 569
8 1 0 0 570
8 1 0 1 570
8 1 0 2 570
8 1 0 3 570
8 1 0 4 570
8 1 0 5 570
8 1 0 6 570
8 1 0 7 570
8 1 0 8 570
8 1 0 9 570
1 4 8 0 570
1 4 9 0 570
1 4 8 4 570
2 2 8 8 570
1 4 9 4 570
8 1 0 0 571
8 1 0 1 571
8 1 0 2 571
8 1 0 3 571
8 1 0 4 571
8 1 0 5 571
8 1 0 6 571
8 1 0 7 571
8 1 0 8 571
8 1 0 9 571
2 2 8 0 571
2 2 8 2 571
2 2 8 4 571
2 2 8 6 571
2 2 8 8 571
8 1 0 0 572
8 1 0 1 572
8 1 0 2 572
8 1 0 3 572
8 1 0 4 572
8 1 0 5 572
8 1 0 6 572
8 1 0 7 572
8 1 0 8 572
8 1 0 9 572
1 4 8 0 572
2 2 8 4 572
1 4 9 0 572
2 2 8 6 572
2 2 8 8 572
8 1 0 0 573
8 1 0 1 573
8 1 0 2 573
8 1 0 3 573
8 1 0 4 573
8 1 0 5 573
8 1 0 6 573
8 1 0 7 573
8 1 0 8 573
8 1 0 9 573
1 4 8 0 573
2 2 8 4 573
2 2 8 6 573
2 2 8 8 573
1 4 9 0 573
8 1 0 0 574
8 1 0 1 574
8 1 0 2 574
8 1 0 3 574
8 1 0 4 574
8 1 0 5 574
8 1 0 6 574
8 1 0 7 574
8 1 0 8 574
8 1 0 9 574
1 4 8 0 574
1 4 9 0 574
1 4 8 4 574
2 2 8 8 574
1 4 9 4 574
8 1 0 0 575
8 1 0 1 575
8 1 0 2 575
8 1 0 3 575
8 1 0 4 575
8 1 0 5 575
8 1 0 6 575
8 1 0 7 575
8 1 0 8 575
8 1 0 9 575
2 2 8 0 575
2 2 8 2 575
2 2 8 4 575
1 4 8 6 575
1 4 9 6 575
8 1 0 0 576
8 1 0 1 576
8 1 0 2 576
8 1 0 3 576
8 1 0 4 576
8 1 0 5 576
8 1 0 6 576
8 1 0 7 576
8 1 0 8 576
8 1 0 9 576
1 4 8 0 576
1 4 9 0 576
1 4 8 4 576
2 2 8 8 576
1 4 9 4 576
8 1 0 0 577
8 1 0 1 577
8 1 0 2 577
8 1 0 3 577
8 1 0 4 577
8 1 0 5 577
8 1 0 6 577
8 1 0 7 577
8 1 0 8 577
8 1 0 9 577
2 2 8 0 577
2 2 8 2 577
1 4 8 4 577
2 2 8 8 577
1 4 9 4 577
8 1 0 0 578
8 1 0 1 578
8 1 0 2 578
8 1 0 3 578
8 1 0 4 578
8 1 0 5 578
8 1 0 6 578
8 1 0 7 578
8 1 0 8 578
8 1 0 9 578
2 2 8 0 578
2 2 8 2 578
2 2 8 4 578
2 2 8 6 578
2 2 8 8 578
8 1 0 0 579
8 1 0 1 579
8 1 0 2 579
8 1 0 3 579
8 1 0 4 579
8 1 0 5 579
8 1 0 6 579
8 1 0 7 579
8 1 0 8 579
8 1 0 9 579
1 4 8 0 579
1 4 9 0 579
1 4 8 4 579
1 4 9 4 579
2 2 8 8 579
8 1 0 0 580
8 1 0 1 580
8 1 0 2 580
8 1 0 3 580
8 1 0 4 580
8 1 0 5 580
8 1 0 6 580
8 1 0 7 580
8 1 0 8 580
8 1 0 9 580
1 4 8 0 580
1 4 9 0 580
2 2 8 4 580
2 2 8 6 580
2 2 8 8 580
8 1 0 0 581
8 1 0 1 581
8 1 0 2 581
8 1 0 3 581
8 1 0 4 581
8 1 0 5 581
8 1 0 6 581
8 1 0 7 581
8 1 0 8 581
8 1 0 9 581
1 4 8 0 581
1 4 9 0 581
2 2 8 4 581
2 2 8 6 581
2 2 8 8 581
8 1 0 0 582
8 1 0 1 582
8 1 0 2 582
8 1 0 3 582
8 1 0 4 582
8 1 0 5 582
8 1 0 6 582
8 1 0 7 582
8 1 0 8 582
8 1 0 9 582
1 4 8 0 582
1 4 9 0 582
2 2 8 4 582
2 2 8 6 582
2 2 8 8 582
8 1 0 0 583
8 1 0 1 583
8 1 0 2 583
8 1 0 3 583
8 1 0 4 583
8 1 0 5 583
8 1 0 6 583
8 1 0 7 583
8 1 0 8 583
8 1 0 9 583
2 2 8 0 583
1 4 8 2 583
1 4 9 2 583
2 2 8 6 583
2 2 8 8 583
8 1 0 0 584
8 1 0 1 584
8 1 0 2 584
8 1 0 3 584
8 1 0 4 584
8 1 0 5 584
8 1 0 6 584
8 1 0 7 584
8 1 0 8 584
8 1 0 9 584
1 4 8 0 584
1 4 9 0 584
2 2 8 4 584
2 2 8 6 584
2 2 8 8 584
8 1 0 0 585
8 1 0 1 585
8 1 0 2 585
8 1 0 3 585
8 1 0 4 585
8 1 0 5 585
8 1 0 6 585
8 1 0 7 585
8 1 0 8 585
8 1 0 9 585
1 4 8 0 585
1 4 9 0 585
1 4 8 4 585
2 2 8 8 585
1 4 9 4 585
8 1 0 0 586
8 1 0 1 586
8 1 0 2 586
8 1 0 3 586
8 1 0 4 586
8 1 0 5 586
8 1 0 6 586
8 1 0 7 586
8 1 0 8 586
8 1 0 9 586
2 2 8 0 586
2 2 8 2 586
2 2 8 4 586
2 2 8 6 586
2 2 8 8 586
3 2 0 0 587
3 2 3 0 587
3 2 6 0 587
3 2 0 2 587
3 2 0 4 587
3 2 0 6 587
3 2 0 8 587
3 2 3 2 587
3 2 6 2 587
3 2 3 4 587
3 2 3 6 587
3 2 3 8 587
3 2 6 4 587
3 2 6 6 587
3 2 6 8 587
1 4 9 0 587
1 4 9 4 587
1 2 9 8 587
3 2 0 0 588
3 2 3 0 588
3 2 6 0 588
3 2 0 2 588
3 2 0 4 588
3 2 0 6 588
3 2 0 8 588
3 2 3 2 588
3 2 6 2 588
3 2 3 4 588
3 2 3 6 588
3 2 3 8 588
3 2 6 4 588
3 2 6 6 588
3 2 6 8 588
1 4 9 0 588
1 4 9 4 588
1 2 9 8 588
3 2 0 0 589
3 2 3 0 589
3 2 6 0 589
3 2 0 2 589
3 2 0 4 589
3 2 0 6 589
3 2 0 8 589
3 2 3 2 589
3 2 6 2 589
3 2 3 4 589
3 2 3 6 589
3 2 3 8 589
3 2 6 4 589
3 2 6 6 589
3 2 6 8 589
1 4 9 0 589
1 4 9 4 589
1 2 9 8 589
3 2 0 0 590
3 2 3 0 590
3 2 6 0 590
3 2 0 2 590
3 2 0 4 590
3 2 0 6 590
3 2 0 8 590
3 2 3 2 590
3 2 6 2 590
3 2 3 4 590
3 2 3 6 590
3 2 3 8 590
3 2 6 4 590
3 2 6 6 590
3 2 6 8 590
1 4 9 0 590
1 4 9 4 590
1 2 9 8 590
3 2 0 0 591
2 2 3 0 591
2 2 5 0 591
2 2 7 0 591
2 2 0 2 591
1 4 0 4 591
2 2 0 8 591
2 2 2 2 591
2 2 2 4 591
2 2 2 6 591
1 4 1 4 591
1 4 4 2 591
2 2 2 8 591
1 4 4 6 591
1 4 5 2 591
1 4 5 6 591
1 4 6 2 591
2 2 7 2 591
2 2 7 4 591
1 4 9 0 591
1 4 6 6 591
2 2 7 6 591
2 2 7 8 591
1 4 9 4 591
1 2 9 8 591
2 2 0 0 592
2 2 0 2 592
2 2 0 4 592
2 2 0 6 592
2 2 0 8 592
1 4 2 0 592
2 2 3 0 592
2 2 5 0 592
1 4 2 4 592
2 2 7 0 592
2 2 3 2 592
1 4 3 4 592
2 2 2 8 592
1 4 4 4 592
1 4 5 2 592
2 2 6 2 592
1 4 5 6 592
1 4 6 4 592
1 4 7 4 592
1 4 8 2 592
2 2 6 8 592
2 2 8 6 592
2 2 8 8 592
1 4 9 0 592
1 2 4 8 592
1 2 9 4 592
1 4 0 0 593
2 2 1 0 593
1 4 0 4 593
2 2 3 0 593
2 2 5 0 593
2 2 7 0 593
2 2 1 2 593
2 2 1 4 593
2 2 1 6 593
1 4 3 2 593
1 4 3 6 593
1 4 4 2 593
2 2 0 8 593
2 2 5 2 593
1 4 4 6 593
1 4 5 4 593
2 2 7 2 593
1 4 9 0 593
2 2 6 4 593
2 2 8 4 593
2 2 6 6 593
1 4 8 6 593
1 4 9 6 593
2 2 5 8 593
1 2 2 8 593
1 2 7 8 593
1 4 0 0 594
2 2 1 0 594
2 2 3 0 594
1 4 0 4 594
2 2 5 0 594
1 4 1 2 594
2 2 7 0 594
1 4 1 6 594
2 2 2 2 594
1 4 2 4 594
1 4 3 4 594
1 4 4 2 594
2 2 2 8 594
2 2 5 2 594
1 4 4 6 594
1 4 5 4 594
1 4 6 4 594
2 2 5 8 594
1 4 7 2 594
1 4 8 2 594
2 2 7 6 594
1 4 9 0 594
2 2 7 8 594
1 4 9 4 594
1 2 0 8 594
1 2 9 8 594
2 2 0 0 595
2 2 0 2 595
2 2 0 4 595
2 2 0 6 595
2 2 0 8 595
1 4 2 0 595
1 4 2 4 595
2 2 3 0 595
2 2 5 0 595
1 4 3 2 595
2 2 7 0 595
2 2 4 2 595
1 4 3 6 595
2 2 6 2 595
2 2 8 2 595
1 4 4 4 595
1 4 5 4 595
1 4 6 4 595
2 2 4 8 595
1 4 7 4 595
1 4 8 4 595
1 4 9 4 595
2 2 6 8 595
2 2 8 8 595
1 2 2 8 595
1 2 9 0 595
1 4 0 0 596
2 2 1 0 596
1 4 0 4 596
2 2 3 0 596
1 4 1 2 596
1 4 1 6 596
2 2 5 0 596
1 4 2 2 596
1 4 2 6 596
2 2 7 0 596
2 2 3 2 596
1 4 3 4 596
1 4 4 4 596
1 4 5 2 596
2 2 3 8 596
2 2 6 2 596
2 2 8 2 596
1 4 5 6 596
2 2 6 4 596
1 4 6 6 596
1 4 7 6 596
1 4 8 4 596
2 2 8 8 596
1 4 9 4 596
1 2 0 8 596
1 2 9 0 596
2 2 0 0 597
2 2 0 2 597
1 4 0 4 597
2 2 0 8 597
2 2 2 0 597
2 2 4 0 597
1 4 1 4 597
1 4 2 2 597
1 4 2 6 597
2 2 6 0 597
2 2 8 0 597
1 4 3 2 597
1 4 3 6 597
1 4 4 2 597
1 4 4 6 597
1 4 5 2 597
1 4 5 6 597
2 2 6 2 597
2 2 8 2 597
1 4 6 4 597
1 4 7 4 597
1 4 8 4 597
1 4 9 4 597
2 2 6 8 597
2 2 8 8 597
1 4 0 0 598
1 4 0 4 598
1 4 1 0 598
1 4 1 4 598
1 4 2 0 598
2 2 0 8 598
2 2 3 0 598
1 4 2 4 598
1 4 3 2 598
1 4 3 6 598
1 4 4 2 598
1 4 4 6 598
1 4 5 0 598
1 4 6 0 598
1 4 7 0 598
2 2 8 0 598
1 4 5 4 598
1 4 6 4 598
1 4 7 4 598
2 2 5 8 598
2 2 8 2 598
1 4 8 4 598
1 4 9 4 598
2 2 7 8 598
1 2 2 8 598
1 2 9 8 598
1 4 0 0 599
1 4 0 4 599
1 4 1 0 599
2 2 2 0 599
2 2 4 0 599
1 4 1 4 599
1 4 2 2 599
1 4 2 6 599
2 2 0 8 599
1 4 3 2 599
1 4 3 6 599
2 2 6 0 599
2 2 8 0 599
1 4 4 2 599
1 4 4 6 599
2 2 5 2 599
2 2 7 2 599
1 4 5 4 599
2 2 6 4 599
2 2 8 4 599
1 4 6 6 599
2 2 7 6 599
2 2 7 8 599
1 4 9 6 599
1 2 9 2 599
1 2 5 8 599
2 2 0 0 600
2 2 0 2 600
1 4 0 4 600
1 4 1 4 600
2 2 0 8 600
2 2 2 0 600
2 2 4 0 600
1 4 2 2 600
2 2 6 0 600
1 4 2 6 600
2 2 8 0 600
2 2 3 2 600
1 4 3 4 600
1 4 4 4 600
2 2 3 8 600
1 4 5 2 600
1 4 5 6 600
2 2 6 2 600
1 4 6 4 600
2 2 8 2 600
2 2 7 4 600
1 4 7 6 600
1 4 8 6 600
1 4 9 4 600
1 2 6 8 600
1 2 9 8 600
2 2 0 0 601
2 2 0 2 601
1 4 0 4 601
1 4 1 4 601
2 2 0 8 601
1 4 2 0 601
2 2 3 0 601
1 4 2 4 601
2 2 5 0 601
1 4 3 2 601
2 2 7 0 601
2 2 4 2 601
1 4 3 6 601
1 4 4 4 601
1 4 5 4 601
2 2 4 8 601
2 2 6 2 601
1 4 6 4 601
2 2 8 2 601
2 2 7 4 601
1 4 7 6 601
2 2 8 6 601
2 2 8 8 601
1 2 2 8 601
1 2 9 0 601
1 2 6 8 601
1 2 9 4 601
1 4 0 0 602
2 2 1 0 602
1 4 0 4 602
2 2 3 0 602
2 2 5 0 602
1 4 1 2 602
2 2 7 0 602
2 2 2 2 602
1 4 1 6 602
1 4 2 4 602
1 4 3 4 602
1 4 4 2 602
2 2 2 8 602
2 2 5 2 602
1 4 4 6 602
2 2 7 2 602
1 4 9 0 602
1 4 5 4 602
1 4 6 4 602
2 2 5 8 602
2 2 7 4 602
2 2 7 6 602
2 2 7 8 602
1 4 9 4 602
1 2 0 8 602
1 2 9 8 602
2 2 0 0 603
2 2 0 2 603
1 4 0 4 603
2 2 0 8 603
1 4 1 4 603
2 2 2 0 603
1 4 2 2 603
2 2 4 0 603
1 4 2 6 603
2 2 6 0 603
1 4 3 2 603
2 2 8 0 603
1 4 3 6 603
2 2 4 2 603
1 4 4 4 603
1 4 5 4 603
2 2 4 8 603
2 2 6 2 603
1 4 6 4 603
2 2 8 2 603
1 4 7 4 603
1 4 8 4 603
1 4 9 4 603
2 2 6 8 603
2 2 8 8 603
1 4 0 0 604
1 4 0 4 604
2 2 1 0 604
1 4 1 2 604
2 2 3 0 604
1 4 1 6 604
2 2 5 0 604
1 4 2 2 604
2 2 7 0 604
1 4 2 6 604
2 2 3 2 604
2 2 5 2 604
2 2 7 2 604
1 4 9 0 604
1 4 3 4 604
2 2 4 4 604
2 2 4 6 604
1 4 6 4 604
2 2 3 8 604
1 4 7 4 604
2 2 5 8 604
1 4 8 4 604
2 2 7 8 604
1 4 9 4 604
1 2 0 8 604
1 2 9 8 604
2 2 0 0 605
2 2 0 2 605
2 2 0 4 605
2 2 0 6 605
2 2 0 8 605
2 2 2 0 605
1 4 2 2 605
2 2 4 0 605
2 2 6 0 605
1 4 2 6 605
1 4 3 2 605
1 4 3 6 605
2 2 8 0 605
1 4 4 2 605
2 2 5 2 605
2 2 7 2 605
2 2 5 4 605
1 4 4 6 605
1 4 5 6 605
2 2 7 4 605
1 4 9 2 605
1 4 6 6 605
1 4 7 6 605
1 4 8 6 605
1 4 9 6 605
2 2 0 0 606
2 2 0 2 606
2 2 0 4 606
1 4 0 6 606
2 2 2 0 606
1 4 1 6 606
1 4 2 2 606
1 4 2 6 606
2 2 4 0 606
2 2 6 0 606
1 4 3 2 606
2 2 8 0 606
2 2 4 2 606
2 2 6 2 606
1 4 3 6 606
1 4 4 4 606
2 2 8 2 606
1 4 5 4 606
2 2 4 8 606
1 4 6 4 606
1 4 7 4 606
2 2 6 8 606
1 4 8 4 606
2 2 8 8 606
1 4 9 4 606
2 2 0 0 607
2 2 0 2 607
1 4 0 4 607
1 4 1 4 607
1 4 2 0 607
1 4 2 4 607
2 2 0 8 607
1 4 3 0 607
2 2 4 0 607
1 4 3 4 607
1 4 4 2 607
1 4 4 6 607
2 2 2 8 607
1 4 5 2 607
2 2 6 0 607
1 4 5 6 607
1 4 6 2 607
1 4 7 2 607
2 2 8 0 607
2 2 8 2 607
2 2 8 4 607
1 4 6 6 607
2 2 7 6 607
2 2 7 8 607
1 4 9 6 607
1 4 0 0 608
1 4 0 4 608
2 2 1 0 608
2 2 3 0 608
2 2 5 0 608
2 2 7 0 608
2 2 1 2 608
2 2 1 4 608
1 4 1 6 608
2 2 3 2 608
1 4 2 6 608
1 4 3 4 608
2 2 5 2 608
2 2 7 2 608
3 1 4 4 608
3 1 7 4 608
3 1 4 5 608
3 1 7 5 608
3 1 4 6 608
3 1 4 7 608
3 1 3 8 608
3 1 3 9 608
3 1 7 6 608
3 1 7 7 608
3 1 6 8 608
3 1 6 9 608
1 2 0 8 608
1 2 9 8 608
1 2 9 0 608
1 2 9 2 608
3 1 0 0 609
3 1 3 0 609
3 1 6 0 609
3 1 0 1 609
3 1 3 1 609
3 1 6 1 609
1 2 9 0 609
1 2 0 2 609
1 2 0 4 609
1 2 0 6 609
1 2 0 8 609
1 2 1 2 609
1 2 1 4 609
1 2 1 6 609
1 2 1 8 609
1 2 2 2 609
1 2 2 4 609
1 2 2 6 609
1 2 2 8 609
1 2 3 2 609
1 2 3 4 609
1 2 3 6 609
1 2 3 8 609
1 2 4 2 609
1 2 5 2 609
1 2 6 2 609
1 2 7 2 609
1 2 8 2 609
1 2 9 2 609
1 2 4 4 609
1 2 4 6 609
1 2 4 8 609
1 2 5 4 609
1 2 5 6 609
1 2 5 8 609
1 2 6 4 609
1 2 7 4 609
1 2 8 4 609
1 2 9 4 609
1 2 6 6 609
1 2 6 8 609
1 2 7 6 609
1 2 7 8 609
1 2 8 6 609
1 2 9 6 609
1 2 8 8 609
1 2 9 8 609
1 2 0 0 610
1 2 0 2 610
1 2 0 4 610
1 2 0 6 610
1 2 0 8 610
1 2 1 0 610
1 2 1 2 610
1 2 1 4 610
1 2 1 6 610
1 2 1 8 610
1 2 2 0 610
1 2 3 0 610
1 2 4 0 610
1 2 5 0 610
1 2 6 0 610
1 2 7 0 610
1 2 8 0 610
1 2 9 0 610
1 2 2 2 610
1 2 2 4 610
1 2 2 6 610
1 2 2 8 610
1 2 3 2 610
1 2 3 4 610
1 2 3 6 610
1 2 3 8 610
1 2 4 2 610
1 2 5 2 610
1 2 6 2 610
1 2 7 2 610
1 2 8 2 610
1 2 9 2 610
1 2 4 4 610
1 2 4 6 610
1 2 4 8 610
1 2 5 4 610
1 2 5 6 610
1 2 5 8 610
1 2 6 4 610
1 2 7 4 610
1 2 8 4 610
1 2 9 4 610
1 2 6 6 610
1 2 6 8 610
1 2 7 6 610
1 2 7 8 610
1 2 8 6 610
1 2 9 6 610
1 2 8 8 610
1 2 9 8 610
1 2 0 0 611
1 2 0 2 611
1 2 0 4 611
1 2 0 6 611
1 2 0 8 611
1 2 1 0 611
1 2 1 2 611
1 2 1 4 611
1 2 1 6 611
1 2 1 8 611
1 2 2 0 611
1 2 3 0 611
1 2 4 0 611
1 2 5 0 611
1 2 6 0 611
1 2 7 0 611
1 2 8 0 611
1 2 9 0 611
1 2 2 2 611
1 2 2 4 611
1 2 2 6 611
1 2 2 8 611
1 2 3 2 611
1 2 3 4 611
1 2 3 6 611
1 2 3 8 611
1 2 4 2 611
1 2 5 2 611
1 2 6 2 611
1 2 7 2 611
1 2 8 2 611
1 2 9 2 611
1 2 4 4 611
1 2 4 6 611
1 2 4 8 611
1 2 5 4 611
1 2 5 6 611
1 2 5 8 611
1 2 6 4 611
1 2 7 4 611
1 2 8 4 611
1 2 9 4 611
1 2 6 6 611
1 2 6 8 611
1 2 7 6 611
1 2 7 8 611
1 2 8 6 611
1 2 9 6 611
1 2 8 8 611
1 2 9 8 611
1 2 0 0 612
1 2 0 2 612
1 2 0 4 612
1 2 0 6 612
1 2 0 8 612
1 2 1 0 612
1 2 1 2 612
1 2 1 4 612
1 2 1 6 612
1 2 1 8 612
1 2 2 0 612
1 2 3 0 612
1 2 4 0 612
1 2 5 0 612
1 2 6 0 612
1 2 7 0 612
1 2 8 0 612
1 2 9 0 612
1 2 2 2 612
1 2 2 4 612
1 2 2 6 612
1 2 2 8 612
1 2 3 2 612
1 2 3 4 612
1 2 3 6 612
1 2 3 8 612
1 2 4 2 612
1 2 5 2 612
1 2 6 2 612
1 2 7 2 612
1 2 8 2 612
1 2 9 2 612
1 2 4 4 612
1 2 4 6 612
1 2 4 8 612
1 2 5 4 612
1 2 5 6 612
1 2 5 8 612
1 2 6 4 612
1 2 7 4 612
1 2 8 4 612
1 2 9 4 612
1 2 6 6 612
1 2 6 8 612
1 2 7 6 612
1 2 7 8 612
1 2 8 6 612
1 2 9 6 612
1 2 8 8 612
1 2 9 8 612
1 2 0 0 613
1 2 0 2 613
1 2 0 4 613
1 2 0 6 613
1 2 0 8 613
1 2 1 0 613
1 2 1 2 613
1 2 1 4 613
1 2 1 6 613
