% State of a bin packing problem:
%
% Bin number: 1452
% Total uncovered points: 9741
% Total covered points: 135459
% Number of boxes: 5000
% Unused boxes: 0
% Runtime: None
%
% Bin size:
10 10
%
% Boxes (width, height) not in some bins:
%
% Boxes (width, height, x_position, y_position, bin_id) in bins:
9 9 0 0 0
1 10 9 0 0
9 1 0 9 0
9 9 0 0 1
1 10 9 0 1
9 1 0 9 1
9 9 0 0 2
1 10 9 0 2
9 1 0 9 2
9 9 0 0 3
1 10 9 0 3
9 1 0 9 3
9 9 0 0 4
1 10 9 0 4
9 1 0 9 4
9 9 0 0 5
1 10 9 0 5
9 1 0 9 5
9 9 0 0 6
1 10 9 0 6
9 1 0 9 6
9 9 0 0 7
1 10 9 0 7
9 1 0 9 7
9 9 0 0 8
1 10 9 0 8
9 1 0 9 8
9 9 0 0 9
1 10 9 0 9
9 1 0 9 9
9 9 0 0 10
1 10 9 0 10
9 1 0 9 10
9 9 0 0 11
1 10 9 0 11
9 1 0 9 11
9 9 0 0 12
1 10 9 0 12
9 1 0 9 12
9 9 0 0 13
1 10 9 0 13
9 1 0 9 13
9 9 0 0 14
1 10 9 0 14
9 1 0 9 14
9 9 0 0 15
1 10 9 0 15
9 1 0 9 15
9 9 0 0 16
1 10 9 0 16
9 1 0 9 16
9 9 0 0 17
1 10 9 0 17
9 1 0 9 17
9 9 0 0 18
1 10 9 0 18
9 1 0 9 18
9 9 0 0 19
1 10 9 0 19
9 1 0 9 19
9 9 0 0 20
1 10 9 0 20
9 1 0 9 20
9 9 0 0 21
1 10 9 0 21
9 1 0 9 21
9 9 0 0 22
1 10 9 0 22
9 1 0 9 22
9 9 0 0 23
1 10 9 0 23
9 1 0 9 23
9 9 0 0 24
1 10 9 0 24
9 1 0 9 24
9 9 0 0 25
1 10 9 0 25
9 1 0 9 25
9 9 0 0 26
1 10 9 0 26
9 1 0 9 26
9 9 0 0 27
1 10 9 0 27
9 1 0 9 27
9 9 0 0 28
1 10 9 0 28
9 1 0 9 28
9 9 0 0 29
1 10 9 0 29
9 1 0 9 29
9 9 0 0 30
1 10 9 0 30
9 1 0 9 30
9 9 0 0 31
1 10 9 0 31
9 1 0 9 31
9 9 0 0 32
1 10 9 0 32
9 1 0 9 32
9 9 0 0 33
1 10 9 0 33
9 1 0 9 33
9 9 0 0 34
1 10 9 0 34
9 1 0 9 34
9 9 0 0 35
1 10 9 0 35
9 1 0 9 35
9 9 0 0 36
1 10 9 0 36
9 1 0 9 36
9 9 0 0 37
1 10 9 0 37
9 1 0 9 37
9 9 0 0 38
1 10 9 0 38
9 1 0 9 38
9 9 0 0 39
1 10 9 0 39
9 1 0 9 39
9 9 0 0 40
1 10 9 0 40
9 1 0 9 40
9 9 0 0 41
1 10 9 0 41
9 1 0 9 41
9 9 0 0 42
1 10 9 0 42
9 1 0 9 42
9 9 0 0 43
1 10 9 0 43
9 1 0 9 43
9 9 0 0 44
1 10 9 0 44
9 1 0 9 44
9 9 0 0 45
1 10 9 0 45
9 1 0 9 45
9 9 0 0 46
1 10 9 0 46
9 1 0 9 46
9 9 0 0 47
1 10 9 0 47
9 1 0 9 47
9 9 0 0 48
1 10 9 0 48
9 1 0 9 48
9 9 0 0 49
1 10 9 0 49
9 1 0 9 49
9 9 0 0 50
1 10 9 0 50
9 1 0 9 50
9 9 0 0 51
1 10 9 0 51
9 1 0 9 51
9 9 0 0 52
1 10 9 0 52
9 1 0 9 52
9 9 0 0 53
1 10 9 0 53
9 1 0 9 53
9 9 0 0 54
1 10 9 0 54
9 1 0 9 54
9 9 0 0 55
1 10 9 0 55
9 1 0 9 55
9 9 0 0 56
1 10 9 0 56
9 1 0 9 56
9 9 0 0 57
1 10 9 0 57
9 1 0 9 57
9 9 0 0 58
1 10 9 0 58
9 1 0 9 58
9 9 0 0 59
1 10 9 0 59
9 1 0 9 59
9 9 0 0 60
1 10 9 0 60
9 1 0 9 60
9 9 0 0 61
1 10 9 0 61
9 1 0 9 61
9 9 0 0 62
1 10 9 0 62
9 1 0 9 62
9 9 0 0 63
1 10 9 0 63
9 1 0 9 63
9 9 0 0 64
1 10 9 0 64
9 1 0 9 64
9 9 0 0 65
1 10 9 0 65
9 1 0 9 65
9 9 0 0 66
1 10 9 0 66
9 1 0 9 66
9 9 0 0 67
1 10 9 0 67
9 1 0 9 67
9 9 0 0 68
1 10 9 0 68
9 1 0 9 68
9 9 0 0 69
1 10 9 0 69
9 1 0 9 69
9 9 0 0 70
1 10 9 0 70
9 1 0 9 70
9 9 0 0 71
1 10 9 0 71
9 1 0 9 71
9 9 0 0 72
1 10 9 0 72
9 1 0 9 72
9 9 0 0 73
1 10 9 0 73
9 1 0 9 73
9 9 0 0 74
1 10 9 0 74
9 1 0 9 74
9 9 0 0 75
1 10 9 0 75
9 1 0 9 75
9 9 0 0 76
1 10 9 0 76
9 1 0 9 76
9 9 0 0 77
1 10 9 0 77
9 1 0 9 77
9 9 0 0 78
1 10 9 0 78
9 1 0 9 78
9 9 0 0 79
1 10 9 0 79
9 1 0 9 79
9 9 0 0 80
1 10 9 0 80
9 1 0 9 80
9 9 0 0 81
1 10 9 0 81
9 1 0 9 81
9 9 0 0 82
1 10 9 0 82
9 1 0 9 82
9 9 0 0 83
1 10 9 0 83
9 1 0 9 83
9 9 0 0 84
1 10 9 0 84
9 1 0 9 84
9 9 0 0 85
1 10 9 0 85
9 1 0 9 85
9 9 0 0 86
1 10 9 0 86
9 1 0 9 86
9 9 0 0 87
1 10 9 0 87
9 1 0 9 87
9 9 0 0 88
1 10 9 0 88
9 1 0 9 88
9 9 0 0 89
1 10 9 0 89
9 1 0 9 89
9 9 0 0 90
1 10 9 0 90
9 1 0 9 90
9 9 0 0 91
1 10 9 0 91
9 1 0 9 91
9 9 0 0 92
1 10 9 0 92
9 1 0 9 92
9 9 0 0 93
1 10 9 0 93
9 1 0 9 93
9 9 0 0 94
1 10 9 0 94
9 1 0 9 94
9 9 0 0 95
1 10 9 0 95
9 1 0 9 95
9 9 0 0 96
1 10 9 0 96
9 1 0 9 96
9 9 0 0 97
1 10 9 0 97
9 1 0 9 97
9 9 0 0 98
1 10 9 0 98
9 1 0 9 98
9 9 0 0 99
1 10 9 0 99
9 1 0 9 99
9 9 0 0 100
1 10 9 0 100
9 1 0 9 100
9 9 0 0 101
1 10 9 0 101
9 1 0 9 101
9 9 0 0 102
1 10 9 0 102
9 1 0 9 102
9 9 0 0 103
1 10 9 0 103
9 1 0 9 103
9 9 0 0 104
1 10 9 0 104
9 1 0 9 104
9 9 0 0 105
1 10 9 0 105
9 1 0 9 105
9 9 0 0 106
1 10 9 0 106
9 1 0 9 106
9 9 0 0 107
1 10 9 0 107
9 1 0 9 107
9 9 0 0 108
1 10 9 0 108
9 1 0 9 108
9 9 0 0 109
1 10 9 0 109
9 1 0 9 109
9 9 0 0 110
1 10 9 0 110
9 1 0 9 110
9 9 0 0 111
1 10 9 0 111
9 1 0 9 111
9 9 0 0 112
1 10 9 0 112
9 1 0 9 112
9 9 0 0 113
1 10 9 0 113
9 1 0 9 113
9 9 0 0 114
1 10 9 0 114
9 1 0 9 114
9 9 0 0 115
1 10 9 0 115
9 1 0 9 115
9 9 0 0 116
1 10 9 0 116
9 1 0 9 116
9 9 0 0 117
1 10 9 0 117
9 1 0 9 117
9 9 0 0 118
1 10 9 0 118
9 1 0 9 118
9 9 0 0 119
1 10 9 0 119
9 1 0 9 119
9 9 0 0 120
1 10 9 0 120
9 1 0 9 120
9 9 0 0 121
1 10 9 0 121
9 1 0 9 121
9 9 0 0 122
1 10 9 0 122
9 1 0 9 122
9 9 0 0 123
1 10 9 0 123
9 1 0 9 123
9 9 0 0 124
1 10 9 0 124
9 1 0 9 124
9 9 0 0 125
1 10 9 0 125
9 1 0 9 125
9 9 0 0 126
1 10 9 0 126
9 1 0 9 126
9 9 0 0 127
1 10 9 0 127
9 1 0 9 127
9 9 0 0 128
1 10 9 0 128
9 1 0 9 128
9 9 0 0 129
1 9 9 0 129
9 1 0 9 129
9 9 0 0 130
1 9 9 0 130
8 1 0 9 130
9 9 0 0 131
1 9 9 0 131
8 1 0 9 131
9 9 0 0 132
1 9 9 0 132
8 1 0 9 132
9 9 0 0 133
1 9 9 0 133
8 1 0 9 133
9 9 0 0 134
1 9 9 0 134
8 1 0 9 134
9 9 0 0 135
1 9 9 0 135
8 1 0 9 135
9 9 0 0 136
1 9 9 0 136
8 1 0 9 136
9 9 0 0 137
1 9 9 0 137
8 1 0 9 137
9 9 0 0 138
1 9 9 0 138
8 1 0 9 138
9 9 0 0 139
1 9 9 0 139
8 1 0 9 139
9 9 0 0 140
1 9 9 0 140
8 1 0 9 140
9 9 0 0 141
1 9 9 0 141
8 1 0 9 141
9 9 0 0 142
1 9 9 0 142
8 1 0 9 142
9 9 0 0 143
1 9 9 0 143
8 1 0 9 143
9 9 0 0 144
1 9 9 0 144
8 1 0 9 144
9 9 0 0 145
1 9 9 0 145
8 1 0 9 145
9 9 0 0 146
1 9 9 0 146
8 1 0 9 146
9 9 0 0 147
1 9 9 0 147
8 1 0 9 147
9 9 0 0 148
1 9 9 0 148
8 1 0 9 148
9 9 0 0 149
1 9 9 0 149
8 1 0 9 149
9 9 0 0 150
1 9 9 0 150
8 1 0 9 150
9 9 0 0 151
1 9 9 0 151
8 1 0 9 151
9 9 0 0 152
1 9 9 0 152
8 1 0 9 152
9 9 0 0 153
1 9 9 0 153
8 1 0 9 153
9 9 0 0 154
1 9 9 0 154
8 1 0 9 154
9 9 0 0 155
1 9 9 0 155
8 1 0 9 155
9 9 0 0 156
1 9 9 0 156
8 1 0 9 156
9 9 0 0 157
1 9 9 0 157
8 1 0 9 157
9 9 0 0 158
1 9 9 0 158
8 1 0 9 158
9 9 0 0 159
1 9 9 0 159
8 1 0 9 159
9 9 0 0 160
1 9 9 0 160
8 1 0 9 160
9 9 0 0 161
1 9 9 0 161
8 1 0 9 161
9 9 0 0 162
1 9 9 0 162
8 1 0 9 162
9 9 0 0 163
1 9 9 0 163
8 1 0 9 163
9 9 0 0 164
1 9 9 0 164
8 1 0 9 164
9 9 0 0 165
1 9 9 0 165
8 1 0 9 165
9 9 0 0 166
1 9 9 0 166
8 1 0 9 166
9 9 0 0 167
1 9 9 0 167
8 1 0 9 167
9 9 0 0 168
1 9 9 0 168
8 1 0 9 168
9 9 0 0 169
1 9 9 0 169
8 1 0 9 169
9 9 0 0 170
1 9 9 0 170
8 1 0 9 170
9 9 0 0 171
1 9 9 0 171
8 1 0 9 171
9 9 0 0 172
1 9 9 0 172
8 1 0 9 172
9 9 0 0 173
1 9 9 0 173
8 1 0 9 173
9 9 0 0 174
1 9 9 0 174
8 1 0 9 174
9 9 0 0 175
1 9 9 0 175
8 1 0 9 175
9 9 0 0 176
1 9 9 0 176
8 1 0 9 176
9 9 0 0 177
1 9 9 0 177
8 1 0 9 177
9 9 0 0 178
1 9 9 0 178
8 1 0 9 178
9 9 0 0 179
1 9 9 0 179
8 1 0 9 179
9 9 0 0 180
1 9 9 0 180
8 1 0 9 180
9 9 0 0 181
1 9 9 0 181
8 1 0 9 181
9 9 0 0 182
1 9 9 0 182
8 1 0 9 182
9 9 0 0 183
1 9 9 0 183
8 1 0 9 183
9 9 0 0 184
1 9 9 0 184
8 1 0 9 184
9 9 0 0 185
1 9 9 0 185
8 1 0 9 185
9 9 0 0 186
1 9 9 0 186
8 1 0 9 186
9 9 0 0 187
1 9 9 0 187
8 1 0 9 187
9 9 0 0 188
1 9 9 0 188
8 1 0 9 188
9 9 0 0 189
1 9 9 0 189
8 1 0 9 189
9 9 0 0 190
1 9 9 0 190
8 1 0 9 190
9 9 0 0 191
1 9 9 0 191
8 1 0 9 191
9 9 0 0 192
1 9 9 0 192
8 1 0 9 192
9 9 0 0 193
1 9 9 0 193
8 1 0 9 193
9 9 0 0 194
1 9 9 0 194
8 1 0 9 194
9 9 0 0 195
1 9 9 0 195
8 1 0 9 195
9 9 0 0 196
1 9 9 0 196
8 1 0 9 196
9 9 0 0 197
1 9 9 0 197
8 1 0 9 197
9 9 0 0 198
1 9 9 0 198
8 1 0 9 198
9 9 0 0 199
1 9 9 0 199
8 1 0 9 199
9 9 0 0 200
1 9 9 0 200
8 1 0 9 200
9 9 0 0 201
1 9 9 0 201
8 1 0 9 201
9 9 0 0 202
1 9 9 0 202
8 1 0 9 202
9 9 0 0 203
1 9 9 0 203
8 1 0 9 203
9 9 0 0 204
1 9 9 0 204
8 1 0 9 204
9 9 0 0 205
1 9 9 0 205
8 1 0 9 205
9 9 0 0 206
1 9 9 0 206
8 1 0 9 206
9 9 0 0 207
1 9 9 0 207
8 1 0 9 207
9 9 0 0 208
1 9 9 0 208
8 1 0 9 208
9 9 0 0 209
1 9 9 0 209
8 1 0 9 209
9 9 0 0 210
1 9 9 0 210
8 1 0 9 210
9 9 0 0 211
1 9 9 0 211
8 1 0 9 211
9 9 0 0 212
1 9 9 0 212
8 1 0 9 212
9 9 0 0 213
1 9 9 0 213
8 1 0 9 213
9 9 0 0 214
1 9 9 0 214
8 1 0 9 214
9 9 0 0 215
1 9 9 0 215
8 1 0 9 215
9 9 0 0 216
1 9 9 0 216
8 1 0 9 216
9 9 0 0 217
1 9 9 0 217
8 1 0 9 217
9 9 0 0 218
1 9 9 0 218
8 1 0 9 218
9 9 0 0 219
1 9 9 0 219
8 1 0 9 219
9 9 0 0 220
1 9 9 0 220
8 1 0 9 220
9 9 0 0 221
1 9 9 0 221
8 1 0 9 221
9 9 0 0 222
1 9 9 0 222
8 1 0 9 222
9 9 0 0 223
1 9 9 0 223
8 1 0 9 223
9 9 0 0 224
1 9 9 0 224
8 1 0 9 224
9 9 0 0 225
1 9 9 0 225
8 1 0 9 225
9 9 0 0 226
1 9 9 0 226
8 1 0 9 226
9 9 0 0 227
1 9 9 0 227
8 1 0 9 227
9 9 0 0 228
1 9 9 0 228
8 1 0 9 228
9 9 0 0 229
1 9 9 0 229
8 1 0 9 229
9 9 0 0 230
1 9 9 0 230
8 1 0 9 230
9 9 0 0 231
1 9 9 0 231
8 1 0 9 231
9 9 0 0 232
1 9 9 0 232
8 1 0 9 232
9 9 0 0 233
1 9 9 0 233
8 1 0 9 233
9 9 0 0 234
1 9 9 0 234
8 1 0 9 234
9 9 0 0 235
1 9 9 0 235
8 1 0 9 235
9 9 0 0 236
1 9 9 0 236
8 1 0 9 236
9 9 0 0 237
1 9 9 0 237
8 1 0 9 237
9 9 0 0 238
1 9 9 0 238
8 1 0 9 238
9 9 0 0 239
1 9 9 0 239
8 1 0 9 239
9 9 0 0 240
1 9 9 0 240
8 1 0 9 240
9 9 0 0 241
1 9 9 0 241
8 1 0 9 241
9 9 0 0 242
1 9 9 0 242
8 1 0 9 242
9 9 0 0 243
1 9 9 0 243
8 1 0 9 243
9 9 0 0 244
1 8 9 0 244
8 1 0 9 244
9 9 0 0 245
1 8 9 0 245
8 1 0 9 245
9 9 0 0 246
1 8 9 0 246
8 1 0 9 246
9 9 0 0 247
1 8 9 0 247
8 1 0 9 247
9 9 0 0 248
1 8 9 0 248
7 1 0 9 248
9 9 0 0 249
1 8 9 0 249
7 1 0 9 249
9 9 0 0 250
1 8 9 0 250
7 1 0 9 250
9 9 0 0 251
1 8 9 0 251
7 1 0 9 251
9 9 0 0 252
1 8 9 0 252
7 1 0 9 252
9 9 0 0 253
1 8 9 0 253
7 1 0 9 253
9 9 0 0 254
1 8 9 0 254
7 1 0 9 254
9 9 0 0 255
1 8 9 0 255
7 1 0 9 255
9 9 0 0 256
1 8 9 0 256
7 1 0 9 256
9 9 0 0 257
1 8 9 0 257
7 1 0 9 257
9 9 0 0 258
1 8 9 0 258
7 1 0 9 258
9 9 0 0 259
1 8 9 0 259
7 1 0 9 259
9 9 0 0 260
1 8 9 0 260
7 1 0 9 260
9 9 0 0 261
1 8 9 0 261
7 1 0 9 261
9 9 0 0 262
1 8 9 0 262
7 1 0 9 262
9 9 0 0 263
1 8 9 0 263
7 1 0 9 263
9 9 0 0 264
1 8 9 0 264
7 1 0 9 264
9 9 0 0 265
1 8 9 0 265
7 1 0 9 265
9 9 0 0 266
1 8 9 0 266
7 1 0 9 266
9 9 0 0 267
1 8 9 0 267
7 1 0 9 267
9 9 0 0 268
1 8 9 0 268
7 1 0 9 268
9 9 0 0 269
1 8 9 0 269
7 1 0 9 269
9 9 0 0 270
1 8 9 0 270
7 1 0 9 270
9 9 0 0 271
1 8 9 0 271
7 1 0 9 271
9 9 0 0 272
1 8 9 0 272
7 1 0 9 272
9 9 0 0 273
1 8 9 0 273
7 1 0 9 273
9 9 0 0 274
1 8 9 0 274
7 1 0 9 274
9 9 0 0 275
1 8 9 0 275
7 1 0 9 275
9 9 0 0 276
1 8 9 0 276
7 1 0 9 276
9 9 0 0 277
1 8 9 0 277
7 1 0 9 277
9 9 0 0 278
1 8 9 0 278
7 1 0 9 278
9 9 0 0 279
1 8 9 0 279
7 1 0 9 279
9 9 0 0 280
1 8 9 0 280
7 1 0 9 280
9 9 0 0 281
1 8 9 0 281
7 1 0 9 281
9 8 0 0 282
10 2 0 8 282
1 8 9 0 282
9 8 0 0 283
10 2 0 8 283
1 8 9 0 283
8 9 0 0 284
2 10 8 0 284
7 1 0 9 284
9 8 0 0 285
10 2 0 8 285
1 8 9 0 285
8 9 0 0 286
2 10 8 0 286
7 1 0 9 286
8 9 0 0 287
2 10 8 0 287
7 1 0 9 287
9 8 0 0 288
10 2 0 8 288
1 8 9 0 288
8 9 0 0 289
2 10 8 0 289
7 1 0 9 289
9 8 0 0 290
10 2 0 8 290
1 8 9 0 290
8 9 0 0 291
2 10 8 0 291
7 1 0 9 291
9 8 0 0 292
10 2 0 8 292
1 8 9 0 292
9 8 0 0 293
10 2 0 8 293
1 8 9 0 293
8 9 0 0 294
2 10 8 0 294
7 1 0 9 294
9 8 0 0 295
10 2 0 8 295
1 8 9 0 295
8 9 0 0 296
2 10 8 0 296
7 1 0 9 296
8 9 0 0 297
2 10 8 0 297
7 1 0 9 297
8 9 0 0 298
2 10 8 0 298
7 1 0 9 298
8 9 0 0 299
2 10 8 0 299
7 1 0 9 299
9 8 0 0 300
10 2 0 8 300
1 8 9 0 300
9 8 0 0 301
10 2 0 8 301
1 8 9 0 301
9 8 0 0 302
10 2 0 8 302
1 8 9 0 302
8 9 0 0 303
2 10 8 0 303
7 1 0 9 303
9 8 0 0 304
10 2 0 8 304
1 8 9 0 304
9 8 0 0 305
10 2 0 8 305
1 8 9 0 305
8 9 0 0 306
2 10 8 0 306
7 1 0 9 306
9 8 0 0 307
10 2 0 8 307
1 8 9 0 307
8 9 0 0 308
2 10 8 0 308
7 1 0 9 308
9 8 0 0 309
10 2 0 8 309
1 8 9 0 309
8 9 0 0 310
2 10 8 0 310
7 1 0 9 310
9 8 0 0 311
10 2 0 8 311
1 8 9 0 311
9 8 0 0 312
10 2 0 8 312
1 8 9 0 312
9 8 0 0 313
10 2 0 8 313
1 8 9 0 313
9 8 0 0 314
10 2 0 8 314
1 8 9 0 314
9 8 0 0 315
10 2 0 8 315
1 8 9 0 315
8 9 0 0 316
2 10 8 0 316
7 1 0 9 316
8 9 0 0 317
2 10 8 0 317
7 1 0 9 317
9 8 0 0 318
10 2 0 8 318
1 8 9 0 318
9 8 0 0 319
10 2 0 8 319
1 8 9 0 319
9 8 0 0 320
10 2 0 8 320
1 8 9 0 320
9 8 0 0 321
10 2 0 8 321
1 8 9 0 321
9 8 0 0 322
10 2 0 8 322
1 8 9 0 322
9 8 0 0 323
10 2 0 8 323
1 8 9 0 323
8 9 0 0 324
2 10 8 0 324
7 1 0 9 324
9 8 0 0 325
10 2 0 8 325
1 8 9 0 325
8 9 0 0 326
2 10 8 0 326
7 1 0 9 326
9 8 0 0 327
10 2 0 8 327
1 8 9 0 327
8 9 0 0 328
2 10 8 0 328
7 1 0 9 328
8 9 0 0 329
2 10 8 0 329
7 1 0 9 329
8 9 0 0 330
2 10 8 0 330
7 1 0 9 330
9 8 0 0 331
10 2 0 8 331
1 8 9 0 331
9 8 0 0 332
10 2 0 8 332
1 8 9 0 332
8 9 0 0 333
2 10 8 0 333
7 1 0 9 333
9 8 0 0 334
10 2 0 8 334
1 8 9 0 334
8 9 0 0 335
2 10 8 0 335
7 1 0 9 335
8 9 0 0 336
2 10 8 0 336
7 1 0 9 336
8 9 0 0 337
2 10 8 0 337
7 1 0 9 337
9 8 0 0 338
10 2 0 8 338
1 8 9 0 338
8 9 0 0 339
2 10 8 0 339
7 1 0 9 339
8 9 0 0 340
2 10 8 0 340
7 1 0 9 340
9 8 0 0 341
10 2 0 8 341
1 8 9 0 341
8 9 0 0 342
2 10 8 0 342
7 1 0 9 342
9 8 0 0 343
10 2 0 8 343
1 8 9 0 343
9 8 0 0 344
10 2 0 8 344
1 8 9 0 344
8 9 0 0 345
2 10 8 0 345
7 1 0 9 345
9 8 0 0 346
10 2 0 8 346
1 8 9 0 346
8 9 0 0 347
2 10 8 0 347
7 1 0 9 347
9 8 0 0 348
10 2 0 8 348
1 8 9 0 348
9 8 0 0 349
10 2 0 8 349
1 8 9 0 349
9 8 0 0 350
10 2 0 8 350
1 8 9 0 350
8 9 0 0 351
2 10 8 0 351
7 1 0 9 351
9 8 0 0 352
10 2 0 8 352
1 8 9 0 352
9 8 0 0 353
10 2 0 8 353
1 8 9 0 353
9 8 0 0 354
10 2 0 8 354
1 8 9 0 354
9 8 0 0 355
10 2 0 8 355
1 8 9 0 355
8 9 0 0 356
2 10 8 0 356
7 1 0 9 356
9 8 0 0 357
10 2 0 8 357
1 8 9 0 357
9 8 0 0 358
10 2 0 8 358
1 8 9 0 358
9 8 0 0 359
10 2 0 8 359
1 8 9 0 359
8 9 0 0 360
2 10 8 0 360
7 1 0 9 360
9 8 0 0 361
10 2 0 8 361
1 8 9 0 361
8 9 0 0 362
2 10 8 0 362
7 1 0 9 362
8 8 0 0 363
2 10 8 0 363
8 2 0 8 363
8 8 0 0 364
2 10 8 0 364
8 2 0 8 364
8 8 0 0 365
2 10 8 0 365
8 2 0 8 365
8 8 0 0 366
2 10 8 0 366
8 2 0 8 366
8 8 0 0 367
2 10 8 0 367
8 2 0 8 367
8 8 0 0 368
2 10 8 0 368
8 2 0 8 368
8 8 0 0 369
2 10 8 0 369
8 2 0 8 369
8 8 0 0 370
2 10 8 0 370
8 2 0 8 370
8 8 0 0 371
2 10 8 0 371
8 2 0 8 371
8 8 0 0 372
2 10 8 0 372
8 2 0 8 372
8 8 0 0 373
2 10 8 0 373
8 2 0 8 373
8 8 0 0 374
2 10 8 0 374
8 2 0 8 374
8 8 0 0 375
2 10 8 0 375
8 2 0 8 375
8 8 0 0 376
2 10 8 0 376
8 2 0 8 376
8 8 0 0 377
2 10 8 0 377
8 2 0 8 377
8 8 0 0 378
2 10 8 0 378
8 2 0 8 378
8 8 0 0 379
2 10 8 0 379
8 2 0 8 379
8 8 0 0 380
2 10 8 0 380
8 2 0 8 380
8 8 0 0 381
2 10 8 0 381
8 2 0 8 381
8 8 0 0 382
2 10 8 0 382
8 2 0 8 382
8 8 0 0 383
2 10 8 0 383
8 2 0 8 383
8 8 0 0 384
2 10 8 0 384
8 2 0 8 384
8 8 0 0 385
2 10 8 0 385
8 2 0 8 385
8 8 0 0 386
2 10 8 0 386
8 2 0 8 386
8 8 0 0 387
2 10 8 0 387
8 2 0 8 387
8 8 0 0 388
2 10 8 0 388
8 2 0 8 388
8 8 0 0 389
2 10 8 0 389
8 2 0 8 389
8 8 0 0 390
2 10 8 0 390
8 2 0 8 390
8 8 0 0 391
2 10 8 0 391
8 2 0 8 391
8 8 0 0 392
2 10 8 0 392
8 2 0 8 392
8 8 0 0 393
2 10 8 0 393
8 2 0 8 393
8 8 0 0 394
2 10 8 0 394
8 2 0 8 394
8 8 0 0 395
2 10 8 0 395
8 2 0 8 395
8 8 0 0 396
2 10 8 0 396
8 2 0 8 396
8 8 0 0 397
2 10 8 0 397
8 2 0 8 397
8 8 0 0 398
2 10 8 0 398
8 2 0 8 398
8 8 0 0 399
2 10 8 0 399
8 2 0 8 399
8 8 0 0 400
2 10 8 0 400
8 2 0 8 400
8 8 0 0 401
2 10 8 0 401
8 2 0 8 401
8 8 0 0 402
2 10 8 0 402
8 2 0 8 402
8 8 0 0 403
2 10 8 0 403
8 2 0 8 403
8 8 0 0 404
2 10 8 0 404
8 2 0 8 404
8 8 0 0 405
2 10 8 0 405
8 2 0 8 405
8 8 0 0 406
2 10 8 0 406
8 2 0 8 406
8 8 0 0 407
2 10 8 0 407
8 2 0 8 407
8 8 0 0 408
2 10 8 0 408
8 2 0 8 408
8 8 0 0 409
2 10 8 0 409
8 2 0 8 409
8 8 0 0 410
2 10 8 0 410
8 2 0 8 410
8 8 0 0 411
2 10 8 0 411
8 2 0 8 411
8 8 0 0 412
2 10 8 0 412
8 2 0 8 412
8 8 0 0 413
2 10 8 0 413
8 2 0 8 413
8 8 0 0 414
2 10 8 0 414
8 2 0 8 414
8 8 0 0 415
2 10 8 0 415
8 2 0 8 415
8 8 0 0 416
2 10 8 0 416
8 2 0 8 416
8 8 0 0 417
2 10 8 0 417
8 2 0 8 417
8 8 0 0 418
2 10 8 0 418
8 2 0 8 418
8 8 0 0 419
2 10 8 0 419
8 2 0 8 419
8 8 0 0 420
2 10 8 0 420
8 2 0 8 420
8 8 0 0 421
2 10 8 0 421
8 2 0 8 421
8 8 0 0 422
2 10 8 0 422
8 2 0 8 422
8 8 0 0 423
2 10 8 0 423
8 2 0 8 423
8 8 0 0 424
2 10 8 0 424
8 2 0 8 424
8 8 0 0 425
2 10 8 0 425
8 2 0 8 425
8 8 0 0 426
2 10 8 0 426
8 2 0 8 426
8 8 0 0 427
2 10 8 0 427
8 2 0 8 427
8 8 0 0 428
2 10 8 0 428
8 2 0 8 428
8 8 0 0 429
2 10 8 0 429
8 2 0 8 429
8 8 0 0 430
2 10 8 0 430
8 2 0 8 430
8 8 0 0 431
2 10 8 0 431
8 2 0 8 431
8 8 0 0 432
2 10 8 0 432
8 2 0 8 432
8 8 0 0 433
2 10 8 0 433
8 2 0 8 433
8 8 0 0 434
2 10 8 0 434
8 2 0 8 434
8 8 0 0 435
2 10 8 0 435
8 2 0 8 435
8 8 0 0 436
2 10 8 0 436
8 2 0 8 436
8 8 0 0 437
2 10 8 0 437
8 2 0 8 437
8 8 0 0 438
2 10 8 0 438
8 2 0 8 438
8 8 0 0 439
2 10 8 0 439
8 2 0 8 439
8 8 0 0 440
2 10 8 0 440
8 2 0 8 440
8 8 0 0 441
2 10 8 0 441
8 2 0 8 441
8 8 0 0 442
2 10 8 0 442
8 2 0 8 442
8 8 0 0 443
2 10 8 0 443
8 2 0 8 443
8 8 0 0 444
2 10 8 0 444
8 2 0 8 444
8 8 0 0 445
2 10 8 0 445
8 2 0 8 445
8 8 0 0 446
2 10 8 0 446
8 2 0 8 446
8 8 0 0 447
2 10 8 0 447
8 2 0 8 447
8 8 0 0 448
2 10 8 0 448
8 2 0 8 448
8 8 0 0 449
2 10 8 0 449
8 2 0 8 449
8 8 0 0 450
2 9 8 0 450
8 2 0 8 450
8 8 0 0 451
2 9 8 0 451
8 2 0 8 451
8 8 0 0 452
2 9 8 0 452
8 2 0 8 452
8 8 0 0 453
2 9 8 0 453
8 2 0 8 453
8 8 0 0 454
2 9 8 0 454
8 2 0 8 454
8 8 0 0 455
2 9 8 0 455
8 2 0 8 455
8 8 0 0 456
2 9 8 0 456
8 2 0 8 456
8 8 0 0 457
2 9 8 0 457
8 2 0 8 457
8 8 0 0 458
2 9 8 0 458
8 2 0 8 458
8 8 0 0 459
2 9 8 0 459
8 2 0 8 459
8 8 0 0 460
2 9 8 0 460
8 2 0 8 460
8 8 0 0 461
2 9 8 0 461
8 2 0 8 461
8 8 0 0 462
2 9 8 0 462
8 2 0 8 462
8 8 0 0 463
2 9 8 0 463
8 2 0 8 463
8 8 0 0 464
2 9 8 0 464
8 2 0 8 464
8 8 0 0 465
2 9 8 0 465
8 2 0 8 465
8 8 0 0 466
2 9 8 0 466
8 2 0 8 466
8 8 0 0 467
2 9 8 0 467
8 2 0 8 467
8 8 0 0 468
2 9 8 0 468
8 2 0 8 468
8 8 0 0 469
2 9 8 0 469
8 2 0 8 469
8 8 0 0 470
2 9 8 0 470
8 2 0 8 470
8 8 0 0 471
2 9 8 0 471
8 2 0 8 471
8 8 0 0 472
2 9 8 0 472
8 2 0 8 472
8 8 0 0 473
2 9 8 0 473
8 2 0 8 473
8 8 0 0 474
2 9 8 0 474
8 2 0 8 474
8 8 0 0 475
2 9 8 0 475
8 2 0 8 475
8 8 0 0 476
2 9 8 0 476
8 2 0 8 476
8 8 0 0 477
2 9 8 0 477
8 2 0 8 477
8 8 0 0 478
2 9 8 0 478
7 2 0 8 478
8 8 0 0 479
2 9 8 0 479
7 2 0 8 479
8 8 0 0 480
2 9 8 0 480
7 2 0 8 480
8 8 0 0 481
2 9 8 0 481
7 2 0 8 481
8 8 0 0 482
2 9 8 0 482
7 2 0 8 482
8 8 0 0 483
2 9 8 0 483
7 2 0 8 483
8 8 0 0 484
2 9 8 0 484
7 2 0 8 484
8 8 0 0 485
2 9 8 0 485
7 2 0 8 485
8 8 0 0 486
2 9 8 0 486
7 2 0 8 486
8 8 0 0 487
2 9 8 0 487
7 2 0 8 487
8 8 0 0 488
2 9 8 0 488
7 2 0 8 488
8 8 0 0 489
2 9 8 0 489
7 2 0 8 489
8 8 0 0 490
2 9 8 0 490
7 2 0 8 490
8 8 0 0 491
2 9 8 0 491
7 2 0 8 491
8 8 0 0 492
2 9 8 0 492
7 2 0 8 492
8 8 0 0 493
2 9 8 0 493
7 2 0 8 493
8 8 0 0 494
2 9 8 0 494
7 2 0 8 494
8 8 0 0 495
2 9 8 0 495
7 2 0 8 495
8 8 0 0 496
2 9 8 0 496
7 2 0 8 496
8 8 0 0 497
2 9 8 0 497
7 2 0 8 497
8 8 0 0 498
2 9 8 0 498
7 2 0 8 498
8 8 0 0 499
2 9 8 0 499
7 2 0 8 499
8 8 0 0 500
2 9 8 0 500
7 2 0 8 500
8 8 0 0 501
2 9 8 0 501
7 2 0 8 501
8 8 0 0 502
2 9 8 0 502
7 2 0 8 502
8 8 0 0 503
2 9 8 0 503
7 2 0 8 503
8 8 0 0 504
2 9 8 0 504
7 2 0 8 504
8 8 0 0 505
2 9 8 0 505
7 2 0 8 505
8 8 0 0 506
2 9 8 0 506
7 2 0 8 506
8 8 0 0 507
2 9 8 0 507
7 2 0 8 507
8 8 0 0 508
2 9 8 0 508
7 2 0 8 508
8 8 0 0 509
2 9 8 0 509
7 2 0 8 509
8 8 0 0 510
2 9 8 0 510
7 2 0 8 510
8 8 0 0 511
2 9 8 0 511
7 2 0 8 511
8 8 0 0 512
2 9 8 0 512
7 2 0 8 512
8 8 0 0 513
2 9 8 0 513
7 2 0 8 513
8 8 0 0 514
2 9 8 0 514
7 2 0 8 514
8 8 0 0 515
2 9 8 0 515
7 2 0 8 515
8 8 0 0 516
2 9 8 0 516
7 2 0 8 516
8 8 0 0 517
2 9 8 0 517
7 2 0 8 517
8 8 0 0 518
2 9 8 0 518
7 2 0 8 518
8 8 0 0 519
2 9 8 0 519
7 2 0 8 519
8 8 0 0 520
2 9 8 0 520
7 2 0 8 520
8 8 0 0 521
2 9 8 0 521
7 2 0 8 521
8 8 0 0 522
2 9 8 0 522
7 2 0 8 522
8 8 0 0 523
2 9 8 0 523
7 2 0 8 523
8 8 0 0 524
2 9 8 0 524
7 2 0 8 524
8 8 0 0 525
2 9 8 0 525
7 2 0 8 525
8 8 0 0 526
2 9 8 0 526
7 2 0 8 526
8 8 0 0 527
2 9 8 0 527
7 2 0 8 527
8 8 0 0 528
2 9 8 0 528
7 2 0 8 528
8 8 0 0 529
2 9 8 0 529
7 2 0 8 529
8 8 0 0 530
2 9 8 0 530
7 2 0 8 530
8 8 0 0 531
2 9 8 0 531
7 2 0 8 531
8 8 0 0 532
2 9 8 0 532
7 2 0 8 532
8 8 0 0 533
2 9 8 0 533
7 2 0 8 533
8 8 0 0 534
2 9 8 0 534
7 2 0 8 534
8 8 0 0 535
2 9 8 0 535
7 2 0 8 535
8 8 0 0 536
2 9 8 0 536
7 2 0 8 536
8 8 0 0 537
2 9 8 0 537
7 2 0 8 537
8 8 0 0 538
2 9 8 0 538
7 2 0 8 538
8 8 0 0 539
2 9 8 0 539
7 2 0 8 539
8 8 0 0 540
2 9 8 0 540
7 2 0 8 540
8 8 0 0 541
2 9 8 0 541
7 2 0 8 541
8 8 0 0 542
2 9 8 0 542
7 2 0 8 542
8 8 0 0 543
2 9 8 0 543
7 2 0 8 543
8 8 0 0 544
2 9 8 0 544
7 2 0 8 544
8 8 0 0 545
2 9 8 0 545
7 2 0 8 545
8 8 0 0 546
2 9 8 0 546
7 2 0 8 546
8 8 0 0 547
2 9 8 0 547
7 2 0 8 547
8 8 0 0 548
2 9 8 0 548
7 2 0 8 548
8 8 0 0 549
2 9 8 0 549
7 2 0 8 549
8 8 0 0 550
2 9 8 0 550
7 2 0 8 550
8 8 0 0 551
2 9 8 0 551
7 2 0 8 551
8 8 0 0 552
2 9 8 0 552
7 2 0 8 552
8 8 0 0 553
2 9 8 0 553
7 2 0 8 553
8 8 0 0 554
2 9 8 0 554
7 2 0 8 554
8 8 0 0 555
2 9 8 0 555
7 2 0 8 555
8 8 0 0 556
2 9 8 0 556
7 2 0 8 556
8 8 0 0 557
2 9 8 0 557
7 2 0 8 557
8 8 0 0 558
2 9 8 0 558
7 2 0 8 558
8 8 0 0 559
2 9 8 0 559
7 2 0 8 559
8 8 0 0 560
2 9 8 0 560
7 2 0 8 560
8 8 0 0 561
2 9 8 0 561
7 2 0 8 561
8 8 0 0 562
2 9 8 0 562
7 2 0 8 562
8 8 0 0 563
2 9 8 0 563
7 2 0 8 563
8 8 0 0 564
2 9 8 0 564
7 2 0 8 564
8 8 0 0 565
2 9 8 0 565
7 2 0 8 565
8 8 0 0 566
2 9 8 0 566
7 2 0 8 566
8 8 0 0 567
2 9 8 0 567
7 2 0 8 567
8 8 0 0 568
2 9 8 0 568
7 2 0 8 568
8 8 0 0 569
2 9 8 0 569
7 2 0 8 569
8 8 0 0 570
2 9 8 0 570
7 2 0 8 570
8 8 0 0 571
2 9 8 0 571
7 2 0 8 571
8 8 0 0 572
2 9 8 0 572
7 2 0 8 572
8 8 0 0 573
2 9 8 0 573
7 2 0 8 573
8 8 0 0 574
2 9 8 0 574
7 2 0 8 574
8 8 0 0 575
2 9 8 0 575
7 2 0 8 575
8 8 0 0 576
2 9 8 0 576
7 2 0 8 576
8 8 0 0 577
2 9 8 0 577
7 2 0 8 577
8 8 0 0 578
2 9 8 0 578
7 2 0 8 578
8 8 0 0 579
2 9 8 0 579
7 2 0 8 579
8 8 0 0 580
2 9 8 0 580
7 2 0 8 580
8 8 0 0 581
2 8 8 0 581
7 2 0 8 581
8 8 0 0 582
2 8 8 0 582
7 2 0 8 582
8 8 0 0 583
2 8 8 0 583
7 2 0 8 583
8 8 0 0 584
2 8 8 0 584
7 2 0 8 584
8 8 0 0 585
2 8 8 0 585
7 2 0 8 585
8 8 0 0 586
2 8 8 0 586
7 2 0 8 586
8 8 0 0 587
2 8 8 0 587
7 2 0 8 587
8 8 0 0 588
2 8 8 0 588
7 2 0 8 588
8 8 0 0 589
2 8 8 0 589
7 2 0 8 589
8 8 0 0 590
2 8 8 0 590
7 2 0 8 590
8 8 0 0 591
2 8 8 0 591
7 2 0 8 591
8 8 0 0 592
2 8 8 0 592
7 2 0 8 592
8 8 0 0 593
2 8 8 0 593
7 2 0 8 593
8 8 0 0 594
2 8 8 0 594
7 2 0 8 594
8 8 0 0 595
2 8 8 0 595
7 2 0 8 595
8 8 0 0 596
2 8 8 0 596
7 2 0 8 596
8 8 0 0 597
2 8 8 0 597
7 2 0 8 597
8 8 0 0 598
2 8 8 0 598
7 2 0 8 598
8 8 0 0 599
2 8 8 0 599
7 2 0 8 599
8 8 0 0 600
2 8 8 0 600
7 2 0 8 600
8 8 0 0 601
2 8 8 0 601
7 2 0 8 601
8 8 0 0 602
2 8 8 0 602
7 2 0 8 602
8 8 0 0 603
2 8 8 0 603
7 2 0 8 603
8 8 0 0 604
2 8 8 0 604
10 1 0 8 604
10 1 0 9 604
8 8 0 0 605
2 8 8 0 605
10 1 0 8 605
10 1 0 9 605
8 8 0 0 606
2 8 8 0 606
10 1 0 8 606
10 1 0 9 606
8 8 0 0 607
2 8 8 0 607
10 1 0 8 607
10 1 0 9 607
8 8 0 0 608
2 8 8 0 608
10 1 0 8 608
10 1 0 9 608
8 8 0 0 609
2 8 8 0 609
10 1 0 8 609
10 1 0 9 609
8 8 0 0 610
2 8 8 0 610
10 1 0 8 610
10 1 0 9 610
8 8 0 0 611
2 8 8 0 611
10 1 0 8 611
10 1 0 9 611
8 8 0 0 612
2 8 8 0 612
10 1 0 8 612
10 1 0 9 612
8 8 0 0 613
2 8 8 0 613
10 1 0 8 613
10 1 0 9 613
8 8 0 0 614
2 8 8 0 614
10 1 0 8 614
10 1 0 9 614
8 8 0 0 615
2 8 8 0 615
10 1 0 8 615
10 1 0 9 615
8 8 0 0 616
2 8 8 0 616
10 1 0 8 616
10 1 0 9 616
8 8 0 0 617
2 8 8 0 617
10 1 0 8 617
10 1 0 9 617
8 8 0 0 618
2 8 8 0 618
10 1 0 8 618
10 1 0 9 618
8 8 0 0 619
2 8 8 0 619
10 1 0 8 619
10 1 0 9 619
8 8 0 0 620
2 8 8 0 620
10 1 0 8 620
10 1 0 9 620
8 8 0 0 621
2 8 8 0 621
10 1 0 8 621
10 1 0 9 621
8 8 0 0 622
2 8 8 0 622
10 1 0 8 622
10 1 0 9 622
8 8 0 0 623
2 8 8 0 623
10 1 0 8 623
10 1 0 9 623
8 8 0 0 624
2 8 8 0 624
10 1 0 8 624
10 1 0 9 624
8 8 0 0 625
2 8 8 0 625
10 1 0 8 625
10 1 0 9 625
8 8 0 0 626
2 8 8 0 626
10 1 0 8 626
10 1 0 9 626
8 8 0 0 627
2 8 8 0 627
10 1 0 8 627
10 1 0 9 627
8 8 0 0 628
2 8 8 0 628
10 1 0 8 628
10 1 0 9 628
8 8 0 0 629
2 8 8 0 629
10 1 0 8 629
10 1 0 9 629
8 8 0 0 630
2 8 8 0 630
10 1 0 8 630
10 1 0 9 630
8 8 0 0 631
2 8 8 0 631
10 1 0 8 631
10 1 0 9 631
8 8 0 0 632
2 8 8 0 632
10 1 0 8 632
10 1 0 9 632
8 8 0 0 633
2 8 8 0 633
10 1 0 8 633
10 1 0 9 633
8 8 0 0 634
2 8 8 0 634
10 1 0 8 634
10 1 0 9 634
8 8 0 0 635
2 8 8 0 635
10 1 0 8 635
10 1 0 9 635
8 8 0 0 636
2 8 8 0 636
10 1 0 8 636
10 1 0 9 636
8 8 0 0 637
2 8 8 0 637
10 1 0 8 637
10 1 0 9 637
8 8 0 0 638
2 8 8 0 638
10 1 0 8 638
10 1 0 9 638
8 8 0 0 639
2 8 8 0 639
10 1 0 8 639
10 1 0 9 639
8 8 0 0 640
2 8 8 0 640
10 1 0 8 640
10 1 0 9 640
8 8 0 0 641
2 8 8 0 641
10 1 0 8 641
10 1 0 9 641
8 8 0 0 642
2 8 8 0 642
10 1 0 8 642
10 1 0 9 642
8 8 0 0 643
2 8 8 0 643
10 1 0 8 643
10 1 0 9 643
8 8 0 0 644
2 8 8 0 644
10 1 0 8 644
10 1 0 9 644
8 8 0 0 645
2 8 8 0 645
10 1 0 8 645
10 1 0 9 645
9 7 0 0 646
10 2 0 7 646
10 1 0 9 646
1 7 9 0 646
9 7 0 0 647
10 2 0 7 647
10 1 0 9 647
1 7 9 0 647
7 9 0 0 648
3 6 7 0 648
3 4 7 6 648
7 1 0 9 648
7 9 0 0 649
3 6 7 0 649
3 4 7 6 649
7 1 0 9 649
7 9 0 0 650
3 6 7 0 650
3 4 7 6 650
7 1 0 9 650
9 7 0 0 651
10 2 0 7 651
10 1 0 9 651
1 7 9 0 651
7 9 0 0 652
3 6 7 0 652
3 4 7 6 652
7 1 0 9 652
9 7 0 0 653
10 2 0 7 653
10 1 0 9 653
1 7 9 0 653
7 9 0 0 654
3 6 7 0 654
3 4 7 6 654
7 1 0 9 654
9 7 0 0 655
10 2 0 7 655
10 1 0 9 655
1 7 9 0 655
9 7 0 0 656
10 2 0 7 656
10 1 0 9 656
1 7 9 0 656
9 7 0 0 657
10 2 0 7 657
10 1 0 9 657
1 7 9 0 657
9 7 0 0 658
10 2 0 7 658
10 1 0 9 658
1 7 9 0 658
9 7 0 0 659
10 2 0 7 659
10 1 0 9 659
1 7 9 0 659
7 9 0 0 660
3 6 7 0 660
3 4 7 6 660
7 1 0 9 660
7 9 0 0 661
3 6 7 0 661
3 4 7 6 661
7 1 0 9 661
7 9 0 0 662
3 6 7 0 662
3 4 7 6 662
7 1 0 9 662
9 7 0 0 663
10 2 0 7 663
10 1 0 9 663
1 7 9 0 663
9 7 0 0 664
10 2 0 7 664
10 1 0 9 664
1 7 9 0 664
7 9 0 0 665
3 6 7 0 665
3 4 7 6 665
7 1 0 9 665
7 9 0 0 666
3 6 7 0 666
3 4 7 6 666
7 1 0 9 666
7 9 0 0 667
3 6 7 0 667
3 4 7 6 667
7 1 0 9 667
7 9 0 0 668
3 6 7 0 668
3 4 7 6 668
7 1 0 9 668
9 7 0 0 669
10 2 0 7 669
10 1 0 9 669
1 7 9 0 669
9 7 0 0 670
10 2 0 7 670
10 1 0 9 670
1 7 9 0 670
9 7 0 0 671
10 2 0 7 671
10 1 0 9 671
1 7 9 0 671
9 7 0 0 672
10 2 0 7 672
10 1 0 9 672
1 7 9 0 672
7 9 0 0 673
3 6 7 0 673
3 4 7 6 673
7 1 0 9 673
7 9 0 0 674
3 6 7 0 674
3 4 7 6 674
7 1 0 9 674
7 9 0 0 675
3 6 7 0 675
3 4 7 6 675
7 1 0 9 675
7 9 0 0 676
3 6 7 0 676
3 4 7 6 676
7 1 0 9 676
9 7 0 0 677
10 2 0 7 677
10 1 0 9 677
1 7 9 0 677
9 7 0 0 678
10 2 0 7 678
10 1 0 9 678
1 7 9 0 678
7 9 0 0 679
3 6 7 0 679
3 4 7 6 679
7 1 0 9 679
9 7 0 0 680
10 2 0 7 680
10 1 0 9 680
1 7 9 0 680
9 7 0 0 681
10 2 0 7 681
10 1 0 9 681
1 7 9 0 681
9 7 0 0 682
10 2 0 7 682
10 1 0 9 682
1 7 9 0 682
7 9 0 0 683
3 6 7 0 683
3 4 7 6 683
7 1 0 9 683
9 7 0 0 684
10 2 0 7 684
10 1 0 9 684
1 7 9 0 684
9 7 0 0 685
10 2 0 7 685
10 1 0 9 685
1 7 9 0 685
9 7 0 0 686
10 2 0 7 686
10 1 0 9 686
1 7 9 0 686
9 7 0 0 687
10 2 0 7 687
10 1 0 9 687
1 7 9 0 687
9 7 0 0 688
10 2 0 7 688
10 1 0 9 688
1 7 9 0 688
7 9 0 0 689
3 6 7 0 689
3 4 7 6 689
7 1 0 9 689
9 7 0 0 690
10 2 0 7 690
10 1 0 9 690
1 7 9 0 690
9 7 0 0 691
10 2 0 7 691
10 1 0 9 691
1 7 9 0 691
7 9 0 0 692
3 6 7 0 692
3 4 7 6 692
7 1 0 9 692
9 7 0 0 693
10 2 0 7 693
10 1 0 9 693
1 7 9 0 693
7 9 0 0 694
3 6 7 0 694
3 4 7 6 694
7 1 0 9 694
7 9 0 0 695
3 6 7 0 695
3 4 7 6 695
7 1 0 9 695
7 9 0 0 696
3 6 7 0 696
3 4 7 6 696
7 1 0 9 696
7 9 0 0 697
3 6 7 0 697
3 4 7 6 697
7 1 0 9 697
7 9 0 0 698
3 6 7 0 698
3 4 7 6 698
7 1 0 9 698
9 7 0 0 699
10 2 0 7 699
10 1 0 9 699
1 7 9 0 699
7 9 0 0 700
3 6 7 0 700
3 4 7 6 700
7 1 0 9 700
9 7 0 0 701
10 2 0 7 701
10 1 0 9 701
1 7 9 0 701
7 9 0 0 702
3 6 7 0 702
3 4 7 6 702
7 1 0 9 702
7 9 0 0 703
3 6 7 0 703
3 4 7 6 703
7 1 0 9 703
7 9 0 0 704
3 6 7 0 704
3 4 7 6 704
7 1 0 9 704
7 9 0 0 705
3 6 7 0 705
3 4 7 6 705
7 1 0 9 705
7 9 0 0 706
3 6 7 0 706
3 4 7 6 706
7 1 0 9 706
7 9 0 0 707
3 6 7 0 707
3 4 7 6 707
7 1 0 9 707
7 9 0 0 708
3 6 7 0 708
3 4 7 6 708
7 1 0 9 708
9 7 0 0 709
10 2 0 7 709
10 1 0 9 709
1 7 9 0 709
9 7 0 0 710
10 2 0 7 710
10 1 0 9 710
1 7 9 0 710
9 7 0 0 711
10 2 0 7 711
10 1 0 9 711
1 7 9 0 711
7 9 0 0 712
3 6 7 0 712
3 4 7 6 712
7 1 0 9 712
9 7 0 0 713
10 2 0 7 713
10 1 0 9 713
1 7 9 0 713
7 9 0 0 714
3 6 7 0 714
3 4 7 6 714
7 1 0 9 714
7 9 0 0 715
3 6 7 0 715
3 4 7 6 715
7 1 0 9 715
7 9 0 0 716
3 6 7 0 716
3 4 7 6 716
7 1 0 9 716
7 9 0 0 717
3 6 7 0 717
3 4 7 6 717
7 1 0 9 717
7 9 0 0 718
3 6 7 0 718
3 4 7 6 718
7 1 0 9 718
9 7 0 0 719
10 2 0 7 719
10 1 0 9 719
1 7 9 0 719
9 7 0 0 720
10 2 0 7 720
10 1 0 9 720
1 7 9 0 720
7 9 0 0 721
3 6 7 0 721
3 4 7 6 721
7 1 0 9 721
9 7 0 0 722
10 2 0 7 722
10 1 0 9 722
1 7 9 0 722
7 9 0 0 723
3 6 7 0 723
3 4 7 6 723
7 1 0 9 723
7 9 0 0 724
3 6 7 0 724
3 4 7 6 724
7 1 0 9 724
7 9 0 0 725
3 6 7 0 725
3 4 7 6 725
7 1 0 9 725
9 7 0 0 726
10 2 0 7 726
10 1 0 9 726
1 7 9 0 726
9 7 0 0 727
10 2 0 7 727
10 1 0 9 727
1 7 9 0 727
9 7 0 0 728
10 2 0 7 728
10 1 0 9 728
1 7 9 0 728
7 9 0 0 729
3 6 7 0 729
3 4 7 6 729
7 1 0 9 729
9 7 0 0 730
10 2 0 7 730
10 1 0 9 730
1 7 9 0 730
7 9 0 0 731
3 6 7 0 731
3 4 7 6 731
7 1 0 9 731
9 7 0 0 732
10 2 0 7 732
10 1 0 9 732
1 7 9 0 732
7 9 0 0 733
3 6 7 0 733
3 4 7 6 733
7 1 0 9 733
7 9 0 0 734
3 6 7 0 734
3 4 7 6 734
7 1 0 9 734
9 7 0 0 735
10 2 0 7 735
10 1 0 9 735
1 7 9 0 735
7 9 0 0 736
3 6 7 0 736
3 4 7 6 736
7 1 0 9 736
7 9 0 0 737
3 6 7 0 737
3 4 7 6 737
7 1 0 9 737
8 7 0 0 738
10 2 0 7 738
2 7 8 0 738
10 1 0 9 738
7 8 0 0 739
3 6 7 0 739
3 4 7 6 739
7 1 0 8 739
7 1 0 9 739
8 7 0 0 740
10 2 0 7 740
2 7 8 0 740
10 1 0 9 740
7 8 0 0 741
3 6 7 0 741
3 4 7 6 741
7 1 0 8 741
7 1 0 9 741
7 8 0 0 742
3 6 7 0 742
3 4 7 6 742
7 1 0 8 742
7 1 0 9 742
8 7 0 0 743
10 2 0 7 743
2 7 8 0 743
10 1 0 9 743
7 8 0 0 744
3 6 7 0 744
3 4 7 6 744
7 8 0 0 745
3 6 7 0 745
3 4 7 6 745
7 8 0 0 746
3 6 7 0 746
3 4 7 6 746
7 8 0 0 747
3 6 7 0 747
3 4 7 6 747
7 8 0 0 748
3 6 7 0 748
3 4 7 6 748
8 7 0 0 749
10 2 0 7 749
2 7 8 0 749
10 1 0 9 749
7 8 0 0 750
3 6 7 0 750
3 4 7 6 750
8 7 0 0 751
10 2 0 7 751
2 7 8 0 751
7 8 0 0 752
3 6 7 0 752
3 4 7 6 752
8 7 0 0 753
10 2 0 7 753
2 7 8 0 753
7 8 0 0 754
3 6 7 0 754
3 4 7 6 754
8 7 0 0 755
10 2 0 7 755
2 7 8 0 755
8 7 0 0 756
10 2 0 7 756
2 7 8 0 756
8 7 0 0 757
10 2 0 7 757
2 7 8 0 757
7 8 0 0 758
3 6 7 0 758
3 4 7 6 758
8 7 0 0 759
10 2 0 7 759
2 7 8 0 759
7 8 0 0 760
3 6 7 0 760
3 4 7 6 760
8 7 0 0 761
10 2 0 7 761
2 7 8 0 761
7 8 0 0 762
2 8 7 0 762
1 8 9 0 762
8 7 0 0 763
10 2 0 7 763
2 7 8 0 763
7 8 0 0 764
2 8 7 0 764
1 8 9 0 764
8 7 0 0 765
10 2 0 7 765
2 7 8 0 765
7 8 0 0 766
2 8 7 0 766
1 8 9 0 766
7 8 0 0 767
2 8 7 0 767
1 8 9 0 767
8 7 0 0 768
10 2 0 7 768
2 7 8 0 768
8 7 0 0 769
10 2 0 7 769
2 7 8 0 769
8 7 0 0 770
10 2 0 7 770
2 7 8 0 770
8 7 0 0 771
10 2 0 7 771
2 7 8 0 771
7 8 0 0 772
2 8 7 0 772
1 8 9 0 772
8 7 0 0 773
10 2 0 7 773
2 7 8 0 773
8 7 0 0 774
10 2 0 7 774
2 7 8 0 774
7 8 0 0 775
2 8 7 0 775
1 8 9 0 775
8 7 0 0 776
10 2 0 7 776
2 7 8 0 776
7 8 0 0 777
2 8 7 0 777
1 8 9 0 777
7 8 0 0 778
2 8 7 0 778
1 8 9 0 778
7 8 0 0 779
2 8 7 0 779
1 8 9 0 779
7 8 0 0 780
2 8 7 0 780
1 8 9 0 780
7 8 0 0 781
2 8 7 0 781
1 8 9 0 781
8 7 0 0 782
10 2 0 7 782
2 7 8 0 782
8 7 0 0 783
10 2 0 7 783
2 7 8 0 783
7 8 0 0 784
2 8 7 0 784
1 8 9 0 784
7 8 0 0 785
2 8 7 0 785
1 8 9 0 785
7 8 0 0 786
2 8 7 0 786
1 8 9 0 786
8 7 0 0 787
10 2 0 7 787
2 7 8 0 787
7 8 0 0 788
2 8 7 0 788
1 8 9 0 788
7 8 0 0 789
2 8 7 0 789
1 8 9 0 789
7 8 0 0 790
2 8 7 0 790
1 8 9 0 790
8 7 0 0 791
10 2 0 7 791
2 7 8 0 791
8 7 0 0 792
10 2 0 7 792
2 7 8 0 792
7 8 0 0 793
2 8 7 0 793
1 8 9 0 793
8 7 0 0 794
10 2 0 7 794
2 7 8 0 794
7 8 0 0 795
2 8 7 0 795
1 8 9 0 795
7 8 0 0 796
2 8 7 0 796
1 8 9 0 796
7 8 0 0 797
2 8 7 0 797
1 8 9 0 797
8 7 0 0 798
10 2 0 7 798
2 7 8 0 798
8 7 0 0 799
10 2 0 7 799
2 7 8 0 799
7 8 0 0 800
2 8 7 0 800
1 8 9 0 800
8 7 0 0 801
10 2 0 7 801
2 7 8 0 801
7 8 0 0 802
2 8 7 0 802
1 8 9 0 802
8 7 0 0 803
10 2 0 7 803
2 7 8 0 803
8 7 0 0 804
10 2 0 7 804
2 7 8 0 804
7 8 0 0 805
2 8 7 0 805
1 8 9 0 805
7 8 0 0 806
2 8 7 0 806
1 8 9 0 806
8 7 0 0 807
10 2 0 7 807
2 7 8 0 807
8 7 0 0 808
10 2 0 7 808
2 7 8 0 808
8 7 0 0 809
10 2 0 7 809
2 7 8 0 809
8 7 0 0 810
10 2 0 7 810
2 7 8 0 810
7 8 0 0 811
2 8 7 0 811
1 8 9 0 811
7 8 0 0 812
2 8 7 0 812
1 8 9 0 812
8 7 0 0 813
10 2 0 7 813
2 7 8 0 813
7 8 0 0 814
2 8 7 0 814
1 8 9 0 814
8 7 0 0 815
10 2 0 7 815
2 7 8 0 815
8 7 0 0 816
10 2 0 7 816
2 7 8 0 816
8 7 0 0 817
10 2 0 7 817
2 7 8 0 817
8 7 0 0 818
10 2 0 7 818
2 7 8 0 818
7 8 0 0 819
2 8 7 0 819
1 8 9 0 819
8 7 0 0 820
10 2 0 7 820
2 7 8 0 820
8 7 0 0 821
9 2 0 7 821
2 7 8 0 821
7 8 0 0 822
2 8 7 0 822
1 8 9 0 822
7 8 0 0 823
2 8 7 0 823
1 8 9 0 823
7 8 0 0 824
2 8 7 0 824
1 8 9 0 824
8 7 0 0 825
9 2 0 7 825
2 7 8 0 825
7 8 0 0 826
2 8 7 0 826
1 8 9 0 826
8 7 0 0 827
6 3 0 7 827
2 7 8 0 827
4 3 6 7 827
8 7 0 0 828
9 2 0 7 828
2 7 8 0 828
6 9 0 0 829
4 6 6 0 829
4 4 6 6 829
6 9 0 0 830
4 6 6 0 830
4 4 6 6 830
9 6 0 0 831
6 4 0 6 831
4 4 6 6 831
6 9 0 0 832
4 6 6 0 832
4 4 6 6 832
6 9 0 0 833
4 6 6 0 833
4 4 6 6 833
6 9 0 0 834
4 6 6 0 834
4 4 6 6 834
6 9 0 0 835
4 6 6 0 835
4 4 6 6 835
6 9 0 0 836
4 6 6 0 836
4 4 6 6 836
9 6 0 0 837
6 4 0 6 837
4 4 6 6 837
6 9 0 0 838
4 6 6 0 838
4 4 6 6 838
9 6 0 0 839
6 4 0 6 839
4 4 6 6 839
9 6 0 0 840
6 4 0 6 840
4 4 6 6 840
6 9 0 0 841
4 6 6 0 841
4 4 6 6 841
9 6 0 0 842
6 4 0 6 842
4 4 6 6 842
9 6 0 0 843
6 4 0 6 843
4 4 6 6 843
9 6 0 0 844
6 4 0 6 844
4 4 6 6 844
9 6 0 0 845
6 4 0 6 845
4 4 6 6 845
6 9 0 0 846
4 6 6 0 846
4 4 6 6 846
6 9 0 0 847
4 6 6 0 847
4 4 6 6 847
9 6 0 0 848
6 4 0 6 848
4 4 6 6 848
6 9 0 0 849
4 6 6 0 849
4 4 6 6 849
9 6 0 0 850
6 4 0 6 850
4 4 6 6 850
6 9 0 0 851
4 6 6 0 851
4 4 6 6 851
9 6 0 0 852
6 4 0 6 852
4 4 6 6 852
9 6 0 0 853
6 4 0 6 853
4 4 6 6 853
6 9 0 0 854
4 6 6 0 854
4 4 6 6 854
6 9 0 0 855
4 6 6 0 855
4 4 6 6 855
6 9 0 0 856
4 6 6 0 856
4 4 6 6 856
6 9 0 0 857
4 6 6 0 857
4 4 6 6 857
9 6 0 0 858
6 4 0 6 858
4 4 6 6 858
6 9 0 0 859
4 6 6 0 859
4 4 6 6 859
9 6 0 0 860
6 4 0 6 860
4 4 6 6 860
6 9 0 0 861
4 6 6 0 861
4 4 6 6 861
6 9 0 0 862
4 6 6 0 862
4 4 6 6 862
6 9 0 0 863
4 6 6 0 863
4 4 6 6 863
6 9 0 0 864
4 6 6 0 864
4 4 6 6 864
9 6 0 0 865
6 4 0 6 865
4 4 6 6 865
9 6 0 0 866
6 4 0 6 866
4 4 6 6 866
6 9 0 0 867
4 6 6 0 867
4 4 6 6 867
6 9 0 0 868
4 6 6 0 868
4 4 6 6 868
9 6 0 0 869
6 4 0 6 869
4 4 6 6 869
9 6 0 0 870
6 4 0 6 870
4 4 6 6 870
9 6 0 0 871
6 4 0 6 871
4 4 6 6 871
6 9 0 0 872
4 6 6 0 872
4 4 6 6 872
6 9 0 0 873
4 6 6 0 873
4 4 6 6 873
9 6 0 0 874
6 4 0 6 874
4 4 6 6 874
9 6 0 0 875
6 4 0 6 875
4 4 6 6 875
6 9 0 0 876
4 6 6 0 876
4 4 6 6 876
6 9 0 0 877
4 6 6 0 877
4 4 6 6 877
9 6 0 0 878
6 4 0 6 878
4 4 6 6 878
6 9 0 0 879
4 6 6 0 879
4 4 6 6 879
9 6 0 0 880
6 4 0 6 880
4 4 6 6 880
9 6 0 0 881
6 4 0 6 881
4 4 6 6 881
6 9 0 0 882
4 6 6 0 882
4 4 6 6 882
6 9 0 0 883
4 6 6 0 883
4 4 6 6 883
9 6 0 0 884
6 4 0 6 884
4 4 6 6 884
9 6 0 0 885
6 4 0 6 885
4 4 6 6 885
9 6 0 0 886
6 4 0 6 886
4 4 6 6 886
9 6 0 0 887
6 4 0 6 887
4 4 6 6 887
9 6 0 0 888
6 4 0 6 888
4 4 6 6 888
9 6 0 0 889
6 4 0 6 889
4 4 6 6 889
6 9 0 0 890
4 6 6 0 890
4 4 6 6 890
9 6 0 0 891
6 4 0 6 891
4 4 6 6 891
9 6 0 0 892
6 4 0 6 892
4 4 6 6 892
9 6 0 0 893
6 4 0 6 893
4 4 6 6 893
6 9 0 0 894
4 6 6 0 894
4 4 6 6 894
9 6 0 0 895
6 4 0 6 895
4 3 6 6 895
9 6 0 0 896
6 4 0 6 896
4 3 6 6 896
9 6 0 0 897
6 4 0 6 897
4 3 6 6 897
6 9 0 0 898
4 6 6 0 898
4 3 6 6 898
9 6 0 0 899
6 4 0 6 899
4 3 6 6 899
6 9 0 0 900
4 6 6 0 900
4 3 6 6 900
6 9 0 0 901
4 6 6 0 901
4 3 6 6 901
7 7 0 0 902
6 3 0 7 902
2 8 7 0 902
1 8 9 0 902
7 7 0 0 903
6 3 0 7 903
2 8 7 0 903
1 8 9 0 903
7 7 0 0 904
6 3 0 7 904
2 8 7 0 904
1 8 9 0 904
7 7 0 0 905
6 3 0 7 905
2 8 7 0 905
1 8 9 0 905
7 7 0 0 906
6 3 0 7 906
2 8 7 0 906
1 8 9 0 906
7 7 0 0 907
6 3 0 7 907
2 8 7 0 907
1 8 9 0 907
7 7 0 0 908
6 3 0 7 908
2 8 7 0 908
1 8 9 0 908
7 7 0 0 909
6 3 0 7 909
2 8 7 0 909
1 8 9 0 909
7 7 0 0 910
6 3 0 7 910
2 8 7 0 910
1 8 9 0 910
7 7 0 0 911
6 3 0 7 911
2 8 7 0 911
1 8 9 0 911
7 7 0 0 912
6 3 0 7 912
2 8 7 0 912
1 8 9 0 912
7 7 0 0 913
6 3 0 7 913
2 8 7 0 913
1 8 9 0 913
7 7 0 0 914
6 3 0 7 914
2 8 7 0 914
1 8 9 0 914
7 7 0 0 915
6 3 0 7 915
2 8 7 0 915
1 8 9 0 915
7 7 0 0 916
6 3 0 7 916
2 8 7 0 916
1 8 9 0 916
7 7 0 0 917
6 3 0 7 917
2 8 7 0 917
1 8 9 0 917
7 7 0 0 918
6 3 0 7 918
2 8 7 0 918
1 8 9 0 918
7 7 0 0 919
6 3 0 7 919
2 8 7 0 919
1 7 9 0 919
7 7 0 0 920
6 3 0 7 920
2 8 7 0 920
1 7 9 0 920
7 7 0 0 921
6 3 0 7 921
2 8 7 0 921
1 7 9 0 921
7 7 0 0 922
6 3 0 7 922
2 8 7 0 922
1 7 9 0 922
7 7 0 0 923
6 3 0 7 923
2 8 7 0 923
1 7 9 0 923
7 7 0 0 924
6 3 0 7 924
2 8 7 0 924
1 7 9 0 924
7 7 0 0 925
6 3 0 7 925
2 8 7 0 925
1 7 9 0 925
7 7 0 0 926
6 3 0 7 926
2 8 7 0 926
1 7 9 0 926
7 7 0 0 927
6 3 0 7 927
2 8 7 0 927
1 7 9 0 927
7 7 0 0 928
6 3 0 7 928
2 8 7 0 928
1 7 9 0 928
7 7 0 0 929
6 3 0 7 929
3 5 7 0 929
3 5 7 5 929
7 7 0 0 930
6 3 0 7 930
3 5 7 0 930
3 5 7 5 930
7 7 0 0 931
6 3 0 7 931
3 5 7 0 931
3 5 7 5 931
7 7 0 0 932
6 3 0 7 932
3 5 7 0 932
3 5 7 5 932
7 7 0 0 933
6 3 0 7 933
3 5 7 0 933
3 5 7 5 933
7 7 0 0 934
6 3 0 7 934
3 5 7 0 934
3 5 7 5 934
7 7 0 0 935
6 3 0 7 935
3 5 7 0 935
3 5 7 5 935
7 7 0 0 936
6 3 0 7 936
3 5 7 0 936
3 5 7 5 936
7 7 0 0 937
6 3 0 7 937
3 5 7 0 937
3 5 7 5 937
7 7 0 0 938
6 3 0 7 938
3 5 7 0 938
3 5 7 5 938
7 7 0 0 939
6 3 0 7 939
3 5 7 0 939
3 5 7 5 939
7 7 0 0 940
6 3 0 7 940
3 5 7 0 940
3 5 7 5 940
7 7 0 0 941
6 3 0 7 941
3 5 7 0 941
3 5 7 5 941
7 7 0 0 942
6 3 0 7 942
3 5 7 0 942
3 5 7 5 942
8 6 0 0 943
6 4 0 6 943
4 3 6 6 943
8 6 0 0 944
6 4 0 6 944
4 3 6 6 944
6 8 0 0 945
4 6 6 0 945
4 3 6 6 945
8 6 0 0 946
6 4 0 6 946
4 3 6 6 946
6 8 0 0 947
4 6 6 0 947
4 3 6 6 947
6 8 0 0 948
4 6 6 0 948
4 3 6 6 948
6 8 0 0 949
4 6 6 0 949
4 3 6 6 949
8 6 0 0 950
6 4 0 6 950
4 3 6 6 950
6 8 0 0 951
4 6 6 0 951
4 3 6 6 951
6 8 0 0 952
4 6 6 0 952
4 3 6 6 952
6 8 0 0 953
4 6 6 0 953
4 3 6 6 953
6 8 0 0 954
4 6 6 0 954
4 3 6 6 954
8 6 0 0 955
6 4 0 6 955
4 3 6 6 955
8 6 0 0 956
6 4 0 6 956
4 3 6 6 956
6 8 0 0 957
4 6 6 0 957
4 3 6 6 957
8 6 0 0 958
6 4 0 6 958
4 3 6 6 958
8 6 0 0 959
6 4 0 6 959
4 3 6 6 959
8 6 0 0 960
6 4 0 6 960
4 3 6 6 960
6 8 0 0 961
4 6 6 0 961
4 3 6 6 961
6 8 0 0 962
4 6 6 0 962
4 3 6 6 962
8 6 0 0 963
6 4 0 6 963
4 3 6 6 963
8 6 0 0 964
6 4 0 6 964
4 3 6 6 964
6 8 0 0 965
4 6 6 0 965
4 3 6 6 965
6 8 0 0 966
4 6 6 0 966
4 3 6 6 966
8 6 0 0 967
6 4 0 6 967
4 3 6 6 967
6 8 0 0 968
4 6 6 0 968
4 3 6 6 968
8 6 0 0 969
6 4 0 6 969
4 3 6 6 969
8 6 0 0 970
6 4 0 6 970
4 3 6 6 970
6 8 0 0 971
4 6 6 0 971
4 3 6 6 971
8 6 0 0 972
6 4 0 6 972
4 3 6 6 972
8 6 0 0 973
6 4 0 6 973
4 3 6 6 973
6 8 0 0 974
4 6 6 0 974
4 3 6 6 974
6 8 0 0 975
4 6 6 0 975
4 3 6 6 975
8 6 0 0 976
6 4 0 6 976
4 3 6 6 976
8 6 0 0 977
6 4 0 6 977
4 3 6 6 977
6 8 0 0 978
4 6 6 0 978
3 4 6 6 978
6 8 0 0 979
4 6 6 0 979
4 3 6 6 979
8 6 0 0 980
6 4 0 6 980
4 3 6 6 980
6 8 0 0 981
4 6 6 0 981
3 3 6 6 981
6 8 0 0 982
4 6 6 0 982
3 3 6 6 982
6 8 0 0 983
4 6 6 0 983
3 3 6 6 983
8 6 0 0 984
6 4 0 6 984
3 3 6 6 984
6 8 0 0 985
4 6 6 0 985
3 3 6 6 985
8 6 0 0 986
6 4 0 6 986
3 3 6 6 986
8 6 0 0 987
6 4 0 6 987
3 3 6 6 987
6 8 0 0 988
4 6 6 0 988
3 3 6 6 988
6 8 0 0 989
4 6 6 0 989
3 3 6 6 989
8 6 0 0 990
6 4 0 6 990
3 3 6 6 990
8 6 0 0 991
6 4 0 6 991
3 3 6 6 991
8 6 0 0 992
6 4 0 6 992
3 3 6 6 992
6 8 0 0 993
4 6 6 0 993
3 3 6 6 993
8 6 0 0 994
6 4 0 6 994
3 3 6 6 994
6 8 0 0 995
4 6 6 0 995
3 3 6 6 995
8 6 0 0 996
6 4 0 6 996
3 3 6 6 996
8 6 0 0 997
5 4 0 6 997
5 4 5 6 997
6 8 0 0 998
4 6 6 0 998
3 3 6 6 998
8 6 0 0 999
5 4 0 6 999
5 4 5 6 999
6 8 0 0 1000
4 6 6 0 1000
3 3 6 6 1000
6 8 0 0 1001
4 6 6 0 1001
3 3 6 6 1001
6 8 0 0 1002
4 6 6 0 1002
3 3 6 6 1002
6 8 0 0 1003
4 6 6 0 1003
3 3 6 6 1003
6 8 0 0 1004
4 6 6 0 1004
3 3 6 6 1004
6 8 0 0 1005
4 5 6 0 1005
4 5 6 5 1005
8 6 0 0 1006
5 4 0 6 1006
5 4 5 6 1006
6 8 0 0 1007
4 5 6 0 1007
4 5 6 5 1007
6 8 0 0 1008
4 5 6 0 1008
4 5 6 5 1008
6 8 0 0 1009
4 5 6 0 1009
4 5 6 5 1009
8 6 0 0 1010
5 4 0 6 1010
5 4 5 6 1010
8 6 0 0 1011
5 4 0 6 1011
5 4 5 6 1011
6 8 0 0 1012
4 5 6 0 1012
4 5 6 5 1012
8 6 0 0 1013
5 4 0 6 1013
5 4 5 6 1013
8 6 0 0 1014
5 4 0 6 1014
5 4 5 6 1014
8 6 0 0 1015
5 4 0 6 1015
5 4 5 6 1015
8 6 0 0 1016
5 4 0 6 1016
5 4 5 6 1016
8 6 0 0 1017
5 4 0 6 1017
5 4 5 6 1017
6 8 0 0 1018
4 5 6 0 1018
4 5 6 5 1018
8 6 0 0 1019
5 4 0 6 1019
5 4 5 6 1019
8 6 0 0 1020
5 4 0 6 1020
5 4 5 6 1020
8 6 0 0 1021
5 4 0 6 1021
5 4 5 6 1021
6 8 0 0 1022
4 5 6 0 1022
4 5 6 5 1022
6 8 0 0 1023
4 5 6 0 1023
4 5 6 5 1023
8 6 0 0 1024
5 4 0 6 1024
5 4 5 6 1024
6 8 0 0 1025
4 5 6 0 1025
4 5 6 5 1025
9 5 0 0 1026
9 5 0 5 1026
1 7 9 0 1026
5 9 0 0 1027
5 9 5 0 1027
9 5 0 0 1028
9 5 0 5 1028
1 7 9 0 1028
9 5 0 0 1029
9 5 0 5 1029
1 7 9 0 1029
5 9 0 0 1030
5 9 5 0 1030
5 9 0 0 1031
5 9 5 0 1031
9 5 0 0 1032
9 5 0 5 1032
1 7 9 0 1032
5 9 0 0 1033
5 9 5 0 1033
9 5 0 0 1034
9 5 0 5 1034
1 7 9 0 1034
5 9 0 0 1035
5 9 5 0 1035
5 9 0 0 1036
5 9 5 0 1036
9 5 0 0 1037
9 5 0 5 1037
1 7 9 0 1037
5 9 0 0 1038
5 9 5 0 1038
9 5 0 0 1039
9 5 0 5 1039
1 7 9 0 1039
5 9 0 0 1040
5 9 5 0 1040
9 5 0 0 1041
9 5 0 5 1041
1 7 9 0 1041
5 9 0 0 1042
5 9 5 0 1042
5 9 0 0 1043
5 9 5 0 1043
9 5 0 0 1044
9 5 0 5 1044
1 7 9 0 1044
5 9 0 0 1045
5 9 5 0 1045
5 9 0 0 1046
5 9 5 0 1046
5 9 0 0 1047
5 9 5 0 1047
9 5 0 0 1048
9 5 0 5 1048
1 7 9 0 1048
9 5 0 0 1049
9 5 0 5 1049
1 7 9 0 1049
9 5 0 0 1050
9 5 0 5 1050
1 7 9 0 1050
5 9 0 0 1051
5 9 5 0 1051
5 9 0 0 1052
5 9 5 0 1052
5 9 0 0 1053
5 9 5 0 1053
5 9 0 0 1054
5 9 5 0 1054
5 9 0 0 1055
5 9 5 0 1055
9 5 0 0 1056
9 5 0 5 1056
1 7 9 0 1056
5 9 0 0 1057
5 8 5 0 1057
9 5 0 0 1058
9 5 0 5 1058
1 7 9 0 1058
6 7 0 0 1059
4 5 6 0 1059
4 5 6 5 1059
6 3 0 7 1059
6 7 0 0 1060
4 5 6 0 1060
4 5 6 5 1060
6 3 0 7 1060
6 7 0 0 1061
4 5 6 0 1061
4 5 6 5 1061
6 3 0 7 1061
7 6 0 0 1062
5 4 0 6 1062
5 4 5 6 1062
3 5 7 0 1062
6 7 0 0 1063
4 5 6 0 1063
4 5 6 5 1063
6 3 0 7 1063
6 7 0 0 1064
4 5 6 0 1064
4 5 6 5 1064
6 3 0 7 1064
6 7 0 0 1065
4 5 6 0 1065
4 5 6 5 1065
6 3 0 7 1065
6 7 0 0 1066
4 5 6 0 1066
4 5 6 5 1066
6 3 0 7 1066
7 6 0 0 1067
5 4 0 6 1067
5 4 5 6 1067
3 5 7 0 1067
7 6 0 0 1068
5 4 0 6 1068
5 4 5 6 1068
3 5 7 0 1068
6 7 0 0 1069
4 5 6 0 1069
4 5 6 5 1069
6 3 0 7 1069
6 7 0 0 1070
4 5 6 0 1070
4 5 6 5 1070
6 3 0 7 1070
6 7 0 0 1071
4 5 6 0 1071
4 5 6 5 1071
6 3 0 7 1071
6 7 0 0 1072
4 5 6 0 1072
4 5 6 5 1072
6 3 0 7 1072
6 7 0 0 1073
4 5 6 0 1073
4 5 6 5 1073
6 3 0 7 1073
7 6 0 0 1074
5 4 0 6 1074
5 4 5 6 1074
3 5 7 0 1074
7 6 0 0 1075
5 4 0 6 1075
5 4 5 6 1075
3 5 7 0 1075
6 7 0 0 1076
4 5 6 0 1076
4 5 6 5 1076
6 3 0 7 1076
6 7 0 0 1077
4 5 6 0 1077
4 5 6 5 1077
6 3 0 7 1077
6 7 0 0 1078
4 5 6 0 1078
4 5 6 5 1078
6 3 0 7 1078
7 6 0 0 1079
5 4 0 6 1079
5 4 5 6 1079
3 5 7 0 1079
7 6 0 0 1080
5 4 0 6 1080
5 4 5 6 1080
3 5 7 0 1080
7 6 0 0 1081
5 4 0 6 1081
5 4 5 6 1081
3 5 7 0 1081
6 7 0 0 1082
4 5 6 0 1082
4 5 6 5 1082
6 3 0 7 1082
7 6 0 0 1083
5 4 0 6 1083
5 4 5 6 1083
3 5 7 0 1083
6 7 0 0 1084
4 5 6 0 1084
4 5 6 5 1084
6 3 0 7 1084
7 6 0 0 1085
5 4 0 6 1085
5 4 5 6 1085
3 5 7 0 1085
6 7 0 0 1086
4 5 6 0 1086
4 5 6 5 1086
6 3 0 7 1086
7 6 0 0 1087
5 4 0 6 1087
5 4 5 6 1087
3 5 7 0 1087
6 7 0 0 1088
4 5 6 0 1088
4 5 6 5 1088
6 3 0 7 1088
6 7 0 0 1089
4 5 6 0 1089
4 5 6 5 1089
6 3 0 7 1089
7 6 0 0 1090
5 4 0 6 1090
5 4 5 6 1090
3 5 7 0 1090
6 7 0 0 1091
4 5 6 0 1091
6 3 0 7 1091
3 5 6 5 1091
6 7 0 0 1092
6 3 0 7 1092
3 5 6 0 1092
3 5 6 5 1092
1 7 9 0 1092
7 6 0 0 1093
5 4 0 6 1093
5 4 5 6 1093
3 5 7 0 1093
7 6 0 0 1094
5 4 0 6 1094
5 4 5 6 1094
3 5 7 0 1094
6 7 0 0 1095
5 3 0 7 1095
3 5 6 0 1095
3 5 6 5 1095
1 7 9 0 1095
6 7 0 0 1096
5 3 0 7 1096
3 5 6 0 1096
3 5 6 5 1096
1 7 9 0 1096
7 6 0 0 1097
5 4 0 6 1097
5 4 5 6 1097
3 5 7 0 1097
6 7 0 0 1098
5 3 0 7 1098
3 5 6 0 1098
3 5 6 5 1098
1 7 9 0 1098
7 6 0 0 1099
5 4 0 6 1099
5 4 5 6 1099
3 5 7 0 1099
7 6 0 0 1100
5 4 0 6 1100
5 3 5 6 1100
3 5 7 0 1100
7 6 0 0 1101
9 2 0 6 1101
9 2 0 8 1101
3 5 7 0 1101
6 7 0 0 1102
5 3 0 7 1102
3 5 6 0 1102
3 5 6 5 1102
1 7 9 0 1102
6 7 0 0 1103
5 3 0 7 1103
2 7 6 0 1103
2 7 8 0 1103
3 3 5 7 1103
7 6 0 0 1104
9 2 0 6 1104
9 2 0 8 1104
3 3 7 0 1104
3 3 7 3 1104
7 6 0 0 1105
9 2 0 6 1105
9 2 0 8 1105
3 3 7 0 1105
3 3 7 3 1105
7 6 0 0 1106
9 2 0 6 1106
9 2 0 8 1106
3 3 7 0 1106
3 3 7 3 1106
6 7 0 0 1107
5 3 0 7 1107
2 7 6 0 1107
2 7 8 0 1107
3 3 5 7 1107
6 7 0 0 1108
5 3 0 7 1108
2 7 6 0 1108
2 7 8 0 1108
3 3 5 7 1108
7 6 0 0 1109
9 2 0 6 1109
9 2 0 8 1109
3 3 7 0 1109
3 3 7 3 1109
6 7 0 0 1110
5 3 0 7 1110
2 7 6 0 1110
2 7 8 0 1110
3 3 5 7 1110
7 6 0 0 1111
9 2 0 6 1111
9 2 0 8 1111
3 3 7 0 1111
3 3 7 3 1111
7 6 0 0 1112
9 2 0 6 1112
9 2 0 8 1112
3 3 7 0 1112
3 3 7 3 1112
6 7 0 0 1113
5 3 0 7 1113
2 7 6 0 1113
2 7 8 0 1113
3 3 5 7 1113
6 7 0 0 1114
5 3 0 7 1114
2 7 6 0 1114
2 7 8 0 1114
3 3 5 7 1114
7 6 0 0 1115
9 2 0 6 1115
9 2 0 8 1115
3 3 7 0 1115
3 3 7 3 1115
6 7 0 0 1116
5 3 0 7 1116
2 7 6 0 1116
2 7 8 0 1116
3 3 5 7 1116
7 6 0 0 1117
9 2 0 6 1117
9 2 0 8 1117
3 3 7 0 1117
3 3 7 3 1117
7 6 0 0 1118
9 2 0 6 1118
9 2 0 8 1118
3 3 7 0 1118
3 3 7 3 1118
7 6 0 0 1119
9 2 0 6 1119
9 2 0 8 1119
3 3 7 0 1119
3 3 7 3 1119
7 6 0 0 1120
9 2 0 6 1120
9 2 0 8 1120
3 3 7 0 1120
3 3 7 3 1120
6 7 0 0 1121
5 3 0 7 1121
2 7 6 0 1121
2 7 8 0 1121
3 3 5 7 1121
6 7 0 0 1122
5 3 0 7 1122
2 7 6 0 1122
2 7 8 0 1122
3 3 5 7 1122
7 6 0 0 1123
9 2 0 6 1123
9 2 0 8 1123
3 3 7 0 1123
3 3 7 3 1123
7 6 0 0 1124
9 2 0 6 1124
9 2 0 8 1124
3 3 7 0 1124
3 3 7 3 1124
6 7 0 0 1125
5 3 0 7 1125
2 7 6 0 1125
2 7 8 0 1125
3 3 5 7 1125
6 7 0 0 1126
5 3 0 7 1126
2 7 6 0 1126
2 7 8 0 1126
3 3 5 7 1126
7 6 0 0 1127
9 2 0 6 1127
9 2 0 8 1127
3 3 7 0 1127
3 3 7 3 1127
7 6 0 0 1128
9 2 0 6 1128
9 2 0 8 1128
3 3 7 0 1128
3 3 7 3 1128
7 6 0 0 1129
9 2 0 6 1129
9 2 0 8 1129
3 3 7 0 1129
3 3 7 3 1129
7 6 0 0 1130
9 2 0 6 1130
9 2 0 8 1130
3 3 7 0 1130
3 3 7 3 1130
6 7 0 0 1131
5 3 0 7 1131
2 7 6 0 1131
2 7 8 0 1131
3 3 5 7 1131
7 6 0 0 1132
9 2 0 6 1132
9 2 0 8 1132
3 3 7 0 1132
3 3 7 3 1132
8 5 0 0 1133
8 5 0 5 1133
2 7 8 0 1133
5 8 0 0 1134
5 8 5 0 1134
9 2 0 8 1134
5 8 0 0 1135
5 8 5 0 1135
9 2 0 8 1135
8 5 0 0 1136
8 5 0 5 1136
2 7 8 0 1136
8 5 0 0 1137
8 5 0 5 1137
2 7 8 0 1137
8 5 0 0 1138
8 5 0 5 1138
2 7 8 0 1138
5 8 0 0 1139
5 8 5 0 1139
9 2 0 8 1139
5 8 0 0 1140
5 8 5 0 1140
9 2 0 8 1140
8 5 0 0 1141
8 5 0 5 1141
2 7 8 0 1141
8 5 0 0 1142
8 5 0 5 1142
2 7 8 0 1142
5 8 0 0 1143
5 8 5 0 1143
9 2 0 8 1143
8 5 0 0 1144
8 5 0 5 1144
2 7 8 0 1144
5 8 0 0 1145
5 8 5 0 1145
9 2 0 8 1145
5 8 0 0 1146
5 8 5 0 1146
9 2 0 8 1146
8 5 0 0 1147
8 5 0 5 1147
2 7 8 0 1147
5 8 0 0 1148
5 8 5 0 1148
9 2 0 8 1148
8 5 0 0 1149
8 5 0 5 1149
2 7 8 0 1149
5 8 0 0 1150
5 8 5 0 1150
9 2 0 8 1150
5 8 0 0 1151
5 8 5 0 1151
9 2 0 8 1151
8 5 0 0 1152
8 5 0 5 1152
2 7 8 0 1152
8 5 0 0 1153
8 5 0 5 1153
2 7 8 0 1153
5 8 0 0 1154
5 8 5 0 1154
9 2 0 8 1154
8 5 0 0 1155
8 5 0 5 1155
2 7 8 0 1155
5 8 0 0 1156
5 8 5 0 1156
9 2 0 8 1156
8 5 0 0 1157
8 5 0 5 1157
2 7 8 0 1157
8 5 0 0 1158
8 5 0 5 1158
2 7 8 0 1158
8 5 0 0 1159
8 5 0 5 1159
2 7 8 0 1159
5 8 0 0 1160
5 8 5 0 1160
9 2 0 8 1160
8 5 0 0 1161
8 5 0 5 1161
2 7 8 0 1161
5 8 0 0 1162
5 8 5 0 1162
9 2 0 8 1162
8 5 0 0 1163
8 5 0 5 1163
2 7 8 0 1163
8 5 0 0 1164
8 5 0 5 1164
2 7 8 0 1164
5 8 0 0 1165
5 8 5 0 1165
9 2 0 8 1165
8 5 0 0 1166
8 5 0 5 1166
2 7 8 0 1166
8 5 0 0 1167
8 5 0 5 1167
2 7 8 0 1167
8 5 0 0 1168
8 5 0 5 1168
2 7 8 0 1168
5 8 0 0 1169
5 8 5 0 1169
9 2 0 8 1169
5 8 0 0 1170
5 8 5 0 1170
9 2 0 8 1170
5 8 0 0 1171
5 8 5 0 1171
9 2 0 8 1171
8 5 0 0 1172
8 5 0 5 1172
2 7 8 0 1172
5 8 0 0 1173
5 8 5 0 1173
9 2 0 8 1173
5 8 0 0 1174
5 8 5 0 1174
9 2 0 8 1174
5 8 0 0 1175
5 8 5 0 1175
9 2 0 8 1175
8 5 0 0 1176
8 5 0 5 1176
2 7 8 0 1176
5 8 0 0 1177
5 8 5 0 1177
9 2 0 8 1177
8 5 0 0 1178
8 5 0 5 1178
2 7 8 0 1178
6 6 0 0 1179
5 3 0 6 1179
2 7 6 0 1179
2 7 8 0 1179
3 3 6 7 1179
6 6 0 0 1180
5 3 0 6 1180
2 7 6 0 1180
2 7 8 0 1180
3 3 6 7 1180
6 6 0 0 1181
5 3 0 6 1181
2 7 6 0 1181
2 7 8 0 1181
3 3 6 7 1181
6 6 0 0 1182
5 3 0 6 1182
2 7 6 0 1182
2 7 8 0 1182
3 3 6 7 1182
6 6 0 0 1183
5 3 0 6 1183
2 7 6 0 1183
2 7 8 0 1183
3 3 6 7 1183
6 6 0 0 1184
5 3 0 6 1184
2 7 6 0 1184
2 7 8 0 1184
3 3 6 7 1184
6 6 0 0 1185
5 3 0 6 1185
2 7 6 0 1185
2 7 8 0 1185
3 3 6 7 1185
6 6 0 0 1186
5 3 0 6 1186
2 7 6 0 1186
2 7 8 0 1186
3 3 6 7 1186
6 6 0 0 1187
5 3 0 6 1187
2 7 6 0 1187
2 7 8 0 1187
3 3 6 7 1187
6 6 0 0 1188
5 3 0 6 1188
2 7 6 0 1188
2 7 8 0 1188
3 3 6 7 1188
6 6 0 0 1189
5 3 0 6 1189
2 7 6 0 1189
2 7 8 0 1189
3 3 6 7 1189
6 6 0 0 1190
5 3 0 6 1190
2 7 6 0 1190
2 7 8 0 1190
3 3 6 7 1190
6 6 0 0 1191
5 3 0 6 1191
2 7 6 0 1191
2 7 8 0 1191
3 3 6 7 1191
6 6 0 0 1192
5 3 0 6 1192
2 7 6 0 1192
2 7 8 0 1192
3 3 6 7 1192
6 6 0 0 1193
5 3 0 6 1193
2 7 6 0 1193
2 7 8 0 1193
3 3 6 7 1193
6 6 0 0 1194
5 3 0 6 1194
2 7 6 0 1194
2 7 8 0 1194
3 3 6 7 1194
6 6 0 0 1195
5 3 0 6 1195
2 7 6 0 1195
3 3 6 7 1195
1 7 8 0 1195
1 7 9 0 1195
6 6 0 0 1196
5 3 0 6 1196
3 3 6 0 1196
3 3 6 3 1196
3 3 5 6 1196
6 6 0 0 1197
5 3 0 6 1197
3 3 6 0 1197
3 3 6 3 1197
3 3 5 6 1197
6 6 0 0 1198
5 3 0 6 1198
3 3 6 0 1198
3 3 6 3 1198
3 3 5 6 1198
6 6 0 0 1199
5 3 0 6 1199
3 3 6 0 1199
3 3 6 3 1199
3 3 5 6 1199
6 6 0 0 1200
5 3 0 6 1200
3 3 6 0 1200
3 3 6 3 1200
3 3 5 6 1200
6 6 0 0 1201
5 3 0 6 1201
3 3 6 0 1201
3 3 6 3 1201
3 3 5 6 1201
6 6 0 0 1202
5 3 0 6 1202
3 3 6 0 1202
3 3 6 3 1202
3 3 5 6 1202
6 6 0 0 1203
5 3 0 6 1203
3 3 6 0 1203
3 3 6 3 1203
3 3 5 6 1203
6 6 0 0 1204
5 3 0 6 1204
3 3 6 0 1204
3 3 6 3 1204
3 3 5 6 1204
6 6 0 0 1205
5 3 0 6 1205
3 3 6 0 1205
3 3 6 3 1205
3 3 5 6 1205
6 6 0 0 1206
5 3 0 6 1206
3 3 6 0 1206
3 3 6 3 1206
3 3 5 6 1206
6 6 0 0 1207
5 3 0 6 1207
3 3 6 0 1207
3 3 6 3 1207
3 3 5 6 1207
6 6 0 0 1208
5 3 0 6 1208
3 3 6 0 1208
3 3 6 3 1208
3 3 5 6 1208
6 6 0 0 1209
5 3 0 6 1209
3 3 6 0 1209
3 3 6 3 1209
3 3 5 6 1209
6 6 0 0 1210
5 3 0 6 1210
3 3 6 0 1210
3 3 6 3 1210
3 3 5 6 1210
6 6 0 0 1211
5 3 0 6 1211
3 3 6 0 1211
3 3 6 3 1211
3 3 5 6 1211
6 6 0 0 1212
5 3 0 6 1212
3 3 6 0 1212
3 3 6 3 1212
3 3 5 6 1212
6 6 0 0 1213
5 3 0 6 1213
3 3 6 0 1213
3 3 6 3 1213
3 3 5 6 1213
6 6 0 0 1214
5 3 0 6 1214
3 3 6 0 1214
3 3 6 3 1214
3 3 5 6 1214
6 6 0 0 1215
5 3 0 6 1215
3 3 6 0 1215
3 3 6 3 1215
3 3 5 6 1215
6 6 0 0 1216
5 3 0 6 1216
3 3 6 0 1216
3 3 6 3 1216
3 3 5 6 1216
6 6 0 0 1217
5 3 0 6 1217
3 3 6 0 1217
3 3 6 3 1217
3 3 5 6 1217
6 6 0 0 1218
5 3 0 6 1218
3 3 6 0 1218
3 3 6 3 1218
3 3 5 6 1218
6 6 0 0 1219
5 3 0 6 1219
3 3 6 0 1219
3 3 6 3 1219
3 3 5 6 1219
6 6 0 0 1220
5 3 0 6 1220
3 3 6 0 1220
3 3 6 3 1220
3 3 5 6 1220
6 6 0 0 1221
5 3 0 6 1221
3 3 6 0 1221
3 3 6 3 1221
3 3 5 6 1221
6 6 0 0 1222
5 3 0 6 1222
3 3 6 0 1222
3 3 6 3 1222
3 3 5 6 1222
6 6 0 0 1223
5 3 0 6 1223
3 3 6 0 1223
3 3 6 3 1223
3 3 5 6 1223
6 6 0 0 1224
5 3 0 6 1224
3 3 6 0 1224
3 3 6 3 1224
3 3 5 6 1224
6 6 0 0 1225
5 3 0 6 1225
3 3 6 0 1225
3 3 6 3 1225
3 3 5 6 1225
6 6 0 0 1226
5 3 0 6 1226
3 3 6 0 1226
3 3 6 3 1226
3 3 5 6 1226
6 6 0 0 1227
5 3 0 6 1227
3 3 6 0 1227
3 3 6 3 1227
3 3 5 6 1227
6 6 0 0 1228
5 3 0 6 1228
3 3 6 0 1228
3 3 6 3 1228
3 3 5 6 1228
6 6 0 0 1229
5 3 0 6 1229
3 3 6 0 1229
3 3 6 3 1229
3 3 5 6 1229
6 6 0 0 1230
5 3 0 6 1230
3 3 6 0 1230
3 3 6 3 1230
3 3 5 6 1230
6 6 0 0 1231
5 3 0 6 1231
3 3 6 0 1231
3 3 6 3 1231
3 3 5 6 1231
6 6 0 0 1232
5 3 0 6 1232
3 3 6 0 1232
3 3 6 3 1232
3 3 5 6 1232
6 6 0 0 1233
5 3 0 6 1233
3 3 6 0 1233
3 3 6 3 1233
3 3 5 6 1233
6 6 0 0 1234
5 3 0 6 1234
3 3 6 0 1234
3 3 6 3 1234
3 3 5 6 1234
6 6 0 0 1235
5 3 0 6 1235
3 3 6 0 1235
3 3 6 3 1235
3 3 5 6 1235
6 6 0 0 1236
5 3 0 6 1236
3 3 6 0 1236
3 3 6 3 1236
3 3 5 6 1236
6 6 0 0 1237
5 3 0 6 1237
3 3 6 0 1237
3 3 6 3 1237
3 3 5 6 1237
6 6 0 0 1238
5 3 0 6 1238
3 3 6 0 1238
3 3 6 3 1238
3 3 5 6 1238
6 6 0 0 1239
5 3 0 6 1239
3 3 6 0 1239
3 3 6 3 1239
3 3 5 6 1239
6 6 0 0 1240
5 3 0 6 1240
3 3 6 0 1240
3 3 6 3 1240
3 3 5 6 1240
6 6 0 0 1241
5 3 0 6 1241
3 3 6 0 1241
3 3 6 3 1241
3 3 5 6 1241
6 6 0 0 1242
5 3 0 6 1242
3 3 6 0 1242
3 3 6 3 1242
3 3 5 6 1242
6 6 0 0 1243
5 3 0 6 1243
3 3 6 0 1243
3 3 6 3 1243
3 3 5 6 1243
6 6 0 0 1244
5 3 0 6 1244
3 3 6 0 1244
3 3 6 3 1244
3 3 5 6 1244
6 6 0 0 1245
5 3 0 6 1245
3 3 6 0 1245
3 3 6 3 1245
3 3 5 6 1245
6 6 0 0 1246
5 3 0 6 1246
3 3 6 0 1246
3 3 6 3 1246
3 3 5 6 1246
6 6 0 0 1247
5 3 0 6 1247
3 3 6 0 1247
3 3 6 3 1247
3 3 5 6 1247
6 6 0 0 1248
3 3 0 6 1248
3 3 3 6 1248
3 3 6 0 1248
3 3 6 3 1248
3 3 6 6 1248
1 7 9 0 1248
6 6 0 0 1249
3 3 0 6 1249
3 3 3 6 1249
3 3 6 0 1249
3 3 6 3 1249
3 3 6 6 1249
1 7 9 0 1249
6 6 0 0 1250
3 3 0 6 1250
3 3 3 6 1250
3 3 6 0 1250
3 3 6 3 1250
3 3 6 6 1250
1 7 9 0 1250
6 6 0 0 1251
3 3 0 6 1251
3 3 3 6 1251
3 3 6 0 1251
3 3 6 3 1251
3 3 6 6 1251
1 7 9 0 1251
6 6 0 0 1252
3 3 0 6 1252
3 3 3 6 1252
3 3 6 0 1252
3 3 6 3 1252
3 3 6 6 1252
1 7 9 0 1252
6 6 0 0 1253
3 3 0 6 1253
3 3 3 6 1253
3 3 6 0 1253
3 3 6 3 1253
3 3 6 6 1253
1 7 9 0 1253
6 6 0 0 1254
3 3 0 6 1254
3 3 3 6 1254
3 3 6 0 1254
3 3 6 3 1254
3 3 6 6 1254
1 7 9 0 1254
6 6 0 0 1255
3 3 0 6 1255
3 3 3 6 1255
3 3 6 0 1255
3 3 6 3 1255
3 3 6 6 1255
1 7 9 0 1255
6 6 0 0 1256
3 3 0 6 1256
3 3 3 6 1256
3 3 6 0 1256
3 3 6 3 1256
3 3 6 6 1256
1 7 9 0 1256
6 6 0 0 1257
3 3 0 6 1257
3 3 3 6 1257
3 3 6 0 1257
3 3 6 3 1257
3 3 6 6 1257
1 7 9 0 1257
6 6 0 0 1258
3 3 0 6 1258
3 3 3 6 1258
3 3 6 0 1258
3 3 6 3 1258
3 3 6 6 1258
1 7 9 0 1258
6 6 0 0 1259
3 3 0 6 1259
3 3 3 6 1259
3 3 6 0 1259
3 3 6 3 1259
3 3 6 6 1259
1 7 9 0 1259
6 6 0 0 1260
3 3 0 6 1260
3 3 3 6 1260
3 3 6 0 1260
3 3 6 3 1260
3 3 6 6 1260
1 7 9 0 1260
6 6 0 0 1261
3 3 0 6 1261
3 3 3 6 1261
3 3 6 0 1261
3 3 6 3 1261
3 3 6 6 1261
1 7 9 0 1261
6 6 0 0 1262
3 3 0 6 1262
3 3 3 6 1262
3 3 6 0 1262
3 3 6 3 1262
3 3 6 6 1262
1 7 9 0 1262
6 6 0 0 1263
3 3 0 6 1263
3 3 3 6 1263
3 3 6 0 1263
3 3 6 3 1263
3 3 6 6 1263
1 7 9 0 1263
6 6 0 0 1264
3 3 0 6 1264
3 3 3 6 1264
3 3 6 0 1264
3 3 6 3 1264
3 3 6 6 1264
1 7 9 0 1264
6 6 0 0 1265
3 3 0 6 1265
3 3 3 6 1265
3 3 6 0 1265
3 3 6 3 1265
3 3 6 6 1265
1 7 9 0 1265
6 6 0 0 1266
3 3 0 6 1266
3 3 3 6 1266
3 3 6 0 1266
3 3 6 3 1266
3 3 6 6 1266
1 7 9 0 1266
6 6 0 0 1267
3 3 0 6 1267
3 3 3 6 1267
3 3 6 0 1267
3 3 6 3 1267
3 3 6 6 1267
1 7 9 0 1267
6 6 0 0 1268
3 3 0 6 1268
3 3 3 6 1268
3 3 6 0 1268
3 3 6 3 1268
3 3 6 6 1268
1 7 9 0 1268
6 6 0 0 1269
3 3 0 6 1269
3 3 3 6 1269
3 3 6 0 1269
3 3 6 3 1269
3 3 6 6 1269
1 7 9 0 1269
6 6 0 0 1270
3 3 0 6 1270
3 3 3 6 1270
3 3 6 0 1270
3 3 6 3 1270
3 3 6 6 1270
1 7 9 0 1270
6 6 0 0 1271
3 3 0 6 1271
3 3 3 6 1271
3 3 6 0 1271
3 3 6 3 1271
3 3 6 6 1271
1 7 9 0 1271
6 6 0 0 1272
3 3 0 6 1272
3 3 3 6 1272
3 3 6 0 1272
3 3 6 3 1272
3 3 6 6 1272
1 7 9 0 1272
6 6 0 0 1273
3 3 0 6 1273
3 3 3 6 1273
3 3 6 0 1273
3 3 6 3 1273
3 3 6 6 1273
1 7 9 0 1273
6 6 0 0 1274
3 3 0 6 1274
3 3 3 6 1274
3 3 6 0 1274
3 3 6 3 1274
3 3 6 6 1274
1 7 9 0 1274
6 6 0 0 1275
3 3 0 6 1275
3 3 3 6 1275
3 3 6 0 1275
3 3 6 3 1275
3 3 6 6 1275
1 7 9 0 1275
6 6 0 0 1276
3 3 0 6 1276
3 3 3 6 1276
3 3 6 0 1276
3 3 6 3 1276
3 3 6 6 1276
1 7 9 0 1276
6 6 0 0 1277
3 3 0 6 1277
3 3 3 6 1277
3 3 6 0 1277
3 3 6 3 1277
3 3 6 6 1277
1 7 9 0 1277
6 6 0 0 1278
3 3 0 6 1278
3 3 3 6 1278
3 3 6 0 1278
3 3 6 3 1278
3 3 6 6 1278
1 7 9 0 1278
6 6 0 0 1279
3 3 0 6 1279
3 3 3 6 1279
3 3 6 0 1279
3 3 6 3 1279
3 3 6 6 1279
1 7 9 0 1279
6 6 0 0 1280
3 3 0 6 1280
3 3 3 6 1280
3 3 6 0 1280
3 3 6 3 1280
3 3 6 6 1280
1 7 9 0 1280
6 6 0 0 1281
3 3 0 6 1281
3 3 3 6 1281
3 3 6 0 1281
3 3 6 3 1281
3 3 6 6 1281
1 7 9 0 1281
6 6 0 0 1282
3 3 0 6 1282
3 3 3 6 1282
3 3 6 0 1282
3 3 6 3 1282
3 3 6 6 1282
1 7 9 0 1282
6 6 0 0 1283
3 3 0 6 1283
3 3 3 6 1283
3 3 6 0 1283
3 3 6 3 1283
3 3 6 6 1283
1 7 9 0 1283
6 6 0 0 1284
3 3 0 6 1284
3 3 3 6 1284
3 3 6 0 1284
3 3 6 3 1284
3 3 6 6 1284
1 7 9 0 1284
6 6 0 0 1285
3 3 0 6 1285
3 3 3 6 1285
3 3 6 0 1285
3 3 6 3 1285
3 3 6 6 1285
1 7 9 0 1285
6 6 0 0 1286
3 3 0 6 1286
3 3 3 6 1286
3 3 6 0 1286
3 3 6 3 1286
3 3 6 6 1286
1 7 9 0 1286
6 6 0 0 1287
3 3 0 6 1287
3 3 3 6 1287
3 3 6 0 1287
3 3 6 3 1287
3 3 6 6 1287
1 7 9 0 1287
6 6 0 0 1288
3 3 0 6 1288
3 3 3 6 1288
3 3 6 0 1288
3 3 6 3 1288
3 3 6 6 1288
1 7 9 0 1288
6 6 0 0 1289
3 3 0 6 1289
3 3 3 6 1289
3 3 6 0 1289
3 3 6 3 1289
3 3 6 6 1289
1 7 9 0 1289
7 5 0 0 1290
7 5 0 5 1290
3 3 7 0 1290
3 3 7 3 1290
3 3 7 6 1290
5 7 0 0 1291
5 7 5 0 1291
9 2 0 7 1291
7 5 0 0 1292
7 5 0 5 1292
3 3 7 0 1292
3 3 7 3 1292
3 3 7 6 1292
7 5 0 0 1293
7 5 0 5 1293
3 3 7 0 1293
3 3 7 3 1293
3 3 7 6 1293
5 7 0 0 1294
5 7 5 0 1294
9 2 0 7 1294
7 5 0 0 1295
7 5 0 5 1295
3 3 7 0 1295
3 3 7 3 1295
3 3 7 6 1295
5 7 0 0 1296
5 7 5 0 1296
9 2 0 7 1296
7 5 0 0 1297
7 5 0 5 1297
3 3 7 0 1297
3 3 7 3 1297
3 3 7 6 1297
5 7 0 0 1298
5 7 5 0 1298
9 2 0 7 1298
7 5 0 0 1299
7 5 0 5 1299
3 3 7 0 1299
3 3 7 3 1299
3 3 7 6 1299
5 7 0 0 1300
5 7 5 0 1300
9 2 0 7 1300
7 5 0 0 1301
7 5 0 5 1301
3 3 7 0 1301
3 3 7 3 1301
3 3 7 6 1301
7 5 0 0 1302
7 5 0 5 1302
3 3 7 0 1302
3 3 7 3 1302
3 3 7 6 1302
5 7 0 0 1303
5 7 5 0 1303
9 2 0 7 1303
5 7 0 0 1304
5 7 5 0 1304
9 2 0 7 1304
7 5 0 0 1305
7 5 0 5 1305
3 3 7 0 1305
3 3 7 3 1305
3 3 7 6 1305
7 5 0 0 1306
7 5 0 5 1306
3 3 7 0 1306
3 3 7 3 1306
3 3 7 6 1306
5 7 0 0 1307
5 7 5 0 1307
9 2 0 7 1307
5 7 0 0 1308
5 7 5 0 1308
9 2 0 7 1308
7 5 0 0 1309
7 5 0 5 1309
3 3 7 0 1309
3 3 7 3 1309
3 3 7 6 1309
7 5 0 0 1310
7 5 0 5 1310
3 3 7 0 1310
3 3 7 3 1310
3 3 7 6 1310
5 7 0 0 1311
5 7 5 0 1311
9 2 0 7 1311
7 5 0 0 1312
7 5 0 5 1312
3 3 7 0 1312
3 3 7 3 1312
3 3 7 6 1312
7 5 0 0 1313
7 5 0 5 1313
3 3 7 0 1313
3 3 7 3 1313
3 3 7 6 1313
7 5 0 0 1314
7 5 0 5 1314
3 3 7 0 1314
3 3 7 3 1314
3 3 7 6 1314
5 7 0 0 1315
5 7 5 0 1315
9 2 0 7 1315
7 5 0 0 1316
7 5 0 5 1316
3 3 7 0 1316
3 3 7 3 1316
3 3 7 6 1316
5 7 0 0 1317
5 7 5 0 1317
9 2 0 7 1317
7 5 0 0 1318
7 5 0 5 1318
3 3 7 0 1318
3 3 7 3 1318
3 3 7 6 1318
5 7 0 0 1319
5 7 5 0 1319
9 2 0 7 1319
7 5 0 0 1320
7 5 0 5 1320
3 3 7 0 1320
3 3 7 3 1320
3 3 7 6 1320
5 7 0 0 1321
5 7 5 0 1321
9 2 0 7 1321
5 7 0 0 1322
5 7 5 0 1322
9 2 0 7 1322
5 7 0 0 1323
5 7 5 0 1323
9 2 0 7 1323
7 5 0 0 1324
7 5 0 5 1324
3 3 7 0 1324
3 3 7 3 1324
3 3 7 6 1324
5 7 0 0 1325
5 7 5 0 1325
9 2 0 7 1325
7 5 0 0 1326
7 5 0 5 1326
3 3 7 0 1326
3 3 7 3 1326
3 3 7 6 1326
5 7 0 0 1327
5 7 5 0 1327
9 2 0 7 1327
7 5 0 0 1328
7 5 0 5 1328
3 3 7 0 1328
3 3 7 3 1328
3 3 7 6 1328
5 7 0 0 1329
5 7 5 0 1329
9 2 0 7 1329
7 5 0 0 1330
7 5 0 5 1330
3 3 7 0 1330
3 3 7 3 1330
3 3 7 6 1330
5 6 0 0 1331
5 6 5 0 1331
9 2 0 6 1331
9 2 0 8 1331
6 5 0 0 1332
6 5 0 5 1332
3 3 6 0 1332
3 3 6 3 1332
3 3 6 6 1332
1 7 9 0 1332
5 6 0 0 1333
5 6 5 0 1333
9 2 0 6 1333
9 2 0 8 1333
5 6 0 0 1334
5 6 5 0 1334
9 2 0 6 1334
9 2 0 8 1334
6 5 0 0 1335
6 5 0 5 1335
3 3 6 0 1335
3 3 6 3 1335
3 3 6 6 1335
1 7 9 0 1335
5 6 0 0 1336
5 6 5 0 1336
9 2 0 6 1336
9 2 0 8 1336
6 5 0 0 1337
6 5 0 5 1337
3 3 6 0 1337
3 3 6 3 1337
3 3 6 6 1337
6 5 0 0 1338
6 5 0 5 1338
3 3 6 0 1338
3 3 6 3 1338
3 3 6 6 1338
6 5 0 0 1339
6 5 0 5 1339
3 3 6 0 1339
3 3 6 3 1339
3 3 6 6 1339
5 6 0 0 1340
5 6 5 0 1340
9 2 0 6 1340
9 2 0 8 1340
6 5 0 0 1341
6 5 0 5 1341
3 3 6 0 1341
3 3 6 3 1341
3 3 6 6 1341
5 6 0 0 1342
5 6 5 0 1342
9 2 0 6 1342
9 2 0 8 1342
5 6 0 0 1343
5 6 5 0 1343
9 2 0 6 1343
9 2 0 8 1343
6 5 0 0 1344
6 5 0 5 1344
3 3 6 0 1344
3 3 6 3 1344
3 3 6 6 1344
5 6 0 0 1345
5 6 5 0 1345
9 2 0 6 1345
9 2 0 8 1345
6 5 0 0 1346
6 5 0 5 1346
3 3 6 0 1346
3 3 6 3 1346
3 3 6 6 1346
6 5 0 0 1347
6 5 0 5 1347
3 3 6 0 1347
3 3 6 3 1347
3 3 6 6 1347
6 5 0 0 1348
6 5 0 5 1348
3 3 6 0 1348
3 3 6 3 1348
3 3 6 6 1348
5 6 0 0 1349
5 6 5 0 1349
9 2 0 6 1349
9 2 0 8 1349
6 5 0 0 1350
6 5 0 5 1350
3 3 6 0 1350
3 3 6 3 1350
3 3 6 6 1350
5 6 0 0 1351
5 6 5 0 1351
9 2 0 6 1351
9 2 0 8 1351
6 5 0 0 1352
6 5 0 5 1352
3 3 6 0 1352
3 3 6 3 1352
3 3 6 6 1352
5 6 0 0 1353
5 6 5 0 1353
9 2 0 6 1353
9 2 0 8 1353
5 6 0 0 1354
5 6 5 0 1354
9 2 0 6 1354
9 2 0 8 1354
5 6 0 0 1355
5 6 5 0 1355
9 2 0 6 1355
9 2 0 8 1355
5 6 0 0 1356
5 6 5 0 1356
9 2 0 6 1356
9 2 0 8 1356
5 6 0 0 1357
5 6 5 0 1357
9 2 0 6 1357
9 2 0 8 1357
6 5 0 0 1358
6 5 0 5 1358
3 3 6 0 1358
3 3 6 3 1358
3 3 6 6 1358
5 6 0 0 1359
5 6 5 0 1359
9 2 0 6 1359
9 2 0 8 1359
6 5 0 0 1360
6 5 0 5 1360
3 3 6 0 1360
3 3 6 3 1360
5 6 0 0 1361
5 6 5 0 1361
9 2 0 6 1361
9 2 0 8 1361
5 6 0 0 1362
5 6 5 0 1362
9 2 0 6 1362
9 2 0 8 1362
5 6 0 0 1363
5 6 5 0 1363
9 2 0 6 1363
9 2 0 8 1363
5 6 0 0 1364
5 6 5 0 1364
9 2 0 6 1364
9 2 0 8 1364
5 6 0 0 1365
5 6 5 0 1365
9 2 0 6 1365
9 2 0 8 1365
6 5 0 0 1366
6 5 0 5 1366
5 6 0 0 1367
5 6 5 0 1367
9 2 0 6 1367
9 2 0 8 1367
6 5 0 0 1368
6 5 0 5 1368
6 5 0 0 1369
6 5 0 5 1369
6 5 0 0 1370
6 5 0 5 1370
6 5 0 0 1371
6 5 0 5 1371
5 6 0 0 1372
5 6 5 0 1372
5 6 0 0 1373
5 6 5 0 1373
6 5 0 0 1374
6 5 0 5 1374
6 5 0 0 1375
6 5 0 5 1375
6 5 0 0 1376
6 5 0 5 1376
5 6 0 0 1377
5 6 5 0 1377
5 6 0 0 1378
5 6 5 0 1378
6 5 0 0 1379
6 5 0 5 1379
6 5 0 0 1380
6 5 0 5 1380
5 6 0 0 1381
5 6 5 0 1381
6 5 0 0 1382
6 5 0 5 1382
5 6 0 0 1383
5 6 5 0 1383
6 5 0 0 1384
6 5 0 5 1384
5 6 0 0 1385
5 6 5 0 1385
6 5 0 0 1386
6 5 0 5 1386
5 6 0 0 1387
5 6 5 0 1387
6 5 0 0 1388
6 5 0 5 1388
5 6 0 0 1389
5 6 5 0 1389
6 5 0 0 1390
6 5 0 5 1390
5 6 0 0 1391
5 6 5 0 1391
5 6 0 0 1392
5 6 5 0 1392
5 6 0 0 1393
5 6 5 0 1393
6 5 0 0 1394
6 5 0 5 1394
5 6 0 0 1395
5 6 5 0 1395
5 6 0 0 1396
5 6 5 0 1396
6 5 0 0 1397
6 5 0 5 1397
6 5 0 0 1398
6 5 0 5 1398
6 5 0 0 1399
6 5 0 5 1399
6 5 0 0 1400
6 5 0 5 1400
5 6 0 0 1401
5 6 5 0 1401
5 6 0 0 1402
5 6 5 0 1402
5 6 0 0 1403
5 6 5 0 1403
6 5 0 0 1404
6 5 0 5 1404
6 5 0 0 1405
6 5 0 5 1405
5 6 0 0 1406
5 6 5 0 1406
6 5 0 0 1407
6 5 0 5 1407
6 5 0 0 1408
6 5 0 5 1408
6 5 0 0 1409
6 5 0 5 1409
5 6 0 0 1410
5 6 5 0 1410
5 6 0 0 1411
5 6 5 0 1411
6 5 0 0 1412
6 5 0 5 1412
5 6 0 0 1413
5 6 5 0 1413
6 5 0 0 1414
6 5 0 5 1414
5 6 0 0 1415
5 6 5 0 1415
5 6 0 0 1416
5 6 5 0 1416
6 5 0 0 1417
6 5 0 5 1417
5 6 0 0 1418
5 6 5 0 1418
5 6 0 0 1419
5 6 5 0 1419
5 6 0 0 1420
5 6 5 0 1420
6 5 0 0 1421
6 5 0 5 1421
5 6 0 0 1422
5 6 5 0 1422
6 5 0 0 1423
6 5 0 5 1423
5 6 0 0 1424
5 6 5 0 1424
5 6 0 0 1425
5 6 5 0 1425
6 5 0 0 1426
5 5 0 5 1426
5 5 5 5 1426
5 5 0 0 1427
5 5 0 5 1427
5 5 5 0 1427
5 5 5 5 1427
5 5 0 0 1428
5 5 0 5 1428
5 5 5 0 1428
5 5 5 5 1428
5 5 0 0 1429
5 5 0 5 1429
5 5 5 0 1429
5 5 5 5 1429
5 5 0 0 1430
5 5 0 5 1430
5 5 5 0 1430
5 5 5 5 1430
5 5 0 0 1431
5 5 0 5 1431
5 5 5 0 1431
5 5 5 5 1431
5 5 0 0 1432
5 5 0 5 1432
5 5 5 0 1432
5 5 5 5 1432
5 5 0 0 1433
5 5 0 5 1433
5 5 5 0 1433
5 5 5 5 1433
5 5 0 0 1434
5 5 0 5 1434
5 5 5 0 1434
5 5 5 5 1434
5 5 0 0 1435
5 5 0 5 1435
5 5 5 0 1435
5 5 5 5 1435
5 5 0 0 1436
5 5 0 5 1436
5 5 5 0 1436
5 5 5 5 1436
5 5 0 0 1437
5 5 0 5 1437
5 5 5 0 1437
5 5 5 5 1437
5 5 0 0 1438
5 5 0 5 1438
5 5 5 0 1438
5 5 5 5 1438
5 5 0 0 1439
5 5 0 5 1439
5 5 5 0 1439
5 5 5 5 1439
5 5 0 0 1440
5 5 0 5 1440
5 5 5 0 1440
5 5 5 5 1440
5 5 0 0 1441
5 5 0 5 1441
5 5 5 0 1441
5 5 5 5 1441
5 5 0 0 1442
5 5 0 5 1442
5 5 5 0 1442
5 5 5 5 1442
5 5 0 0 1443
5 5 0 5 1443
5 5 5 0 1443
5 5 5 5 1443
5 5 0 0 1444
5 5 0 5 1444
5 5 5 0 1444
5 5 5 5 1444
5 5 0 0 1445
5 5 0 5 1445
5 5 5 0 1445
5 5 5 5 1445
5 5 0 0 1446
5 5 0 5 1446
5 5 5 0 1446
5 5 5 5 1446
5 5 0 0 1447
5 5 0 5 1447
5 5 5 0 1447
5 5 5 5 1447
5 5 0 0 1448
5 5 0 5 1448
5 5 5 0 1448
5 5 5 5 1448
5 5 0 0 1449
5 5 0 5 1449
5 5 5 0 1449
5 5 5 5 1449
5 5 0 0 1450
5 5 0 5 1450
5 5 5 0 1450
5 5 5 5 1450
5 5 0 0 1451
5 5 0 5 1451
5 5 5 0 1451
5 5 5 5 1451
