% State of a bin packing problem:
%
% Bin number: 379
% Total uncovered points: 400
% Total covered points: 37500
% Number of boxes: 5000
% Unused boxes: 0
% Runtime: None
%
% Bin size:
10 10
%
% Boxes (width, height) not in some bins:
%
% Boxes (width, height, x_position, y_position, bin_id) in bins:
3 6 0 0 0
3 6 3 0 0
3 6 6 0 0
5 3 0 6 0
5 3 5 6 0
9 1 0 9 0
1 5 9 0 0
3 6 0 0 1
3 6 3 0 1
3 6 6 0 1
5 3 0 6 1
5 3 5 6 1
9 1 0 9 1
1 5 9 0 1
3 6 0 0 2
3 6 3 0 2
3 6 6 0 2
5 3 0 6 2
5 3 5 6 2
9 1 0 9 2
1 5 9 0 2
3 6 0 0 3
3 6 3 0 3
3 6 6 0 3
5 3 0 6 3
5 3 5 6 3
9 1 0 9 3
1 5 9 0 3
3 6 0 0 4
3 6 3 0 4
3 6 6 0 4
5 3 0 6 4
5 3 5 6 4
9 1 0 9 4
1 5 9 0 4
3 6 0 0 5
3 6 3 0 5
3 6 6 0 5
5 3 0 6 5
5 3 5 6 5
9 1 0 9 5
1 5 9 0 5
3 6 0 0 6
3 6 3 0 6
3 6 6 0 6
5 3 0 6 6
5 3 5 6 6
9 1 0 9 6
1 5 9 0 6
3 6 0 0 7
3 6 3 0 7
3 6 6 0 7
5 3 0 6 7
5 3 5 6 7
9 1 0 9 7
1 5 9 0 7
3 6 0 0 8
3 6 3 0 8
3 6 6 0 8
5 3 0 6 8
5 3 5 6 8
9 1 0 9 8
1 5 9 0 8
3 6 0 0 9
3 6 3 0 9
3 6 6 0 9
5 3 0 6 9
5 3 5 6 9
9 1 0 9 9
1 5 9 0 9
3 6 0 0 10
3 6 3 0 10
3 6 6 0 10
5 3 0 6 10
5 3 5 6 10
9 1 0 9 10
1 5 9 0 10
3 6 0 0 11
3 6 3 0 11
3 6 6 0 11
5 3 0 6 11
5 3 5 6 11
9 1 0 9 11
1 5 9 0 11
3 6 0 0 12
3 6 3 0 12
3 6 6 0 12
5 3 0 6 12
5 3 5 6 12
9 1 0 9 12
1 5 9 0 12
3 6 0 0 13
3 6 3 0 13
3 6 6 0 13
5 3 0 6 13
5 3 5 6 13
9 1 0 9 13
1 5 9 0 13
3 6 0 0 14
3 6 3 0 14
3 6 6 0 14
5 3 0 6 14
5 3 5 6 14
9 1 0 9 14
1 5 9 0 14
3 6 0 0 15
3 6 3 0 15
3 6 6 0 15
5 3 0 6 15
5 3 5 6 15
9 1 0 9 15
1 5 9 0 15
3 6 0 0 16
3 6 3 0 16
3 6 6 0 16
5 3 0 6 16
5 3 5 6 16
9 1 0 9 16
1 5 9 0 16
3 6 0 0 17
3 6 3 0 17
3 6 6 0 17
5 3 0 6 17
5 3 5 6 17
9 1 0 9 17
1 5 9 0 17
3 6 0 0 18
3 6 3 0 18
3 6 6 0 18
5 3 0 6 18
5 3 5 6 18
9 1 0 9 18
1 5 9 0 18
3 6 0 0 19
3 6 3 0 19
3 6 6 0 19
5 3 0 6 19
5 3 5 6 19
9 1 0 9 19
1 5 9 0 19
3 6 0 0 20
3 6 3 0 20
3 6 6 0 20
5 3 0 6 20
5 3 5 6 20
9 1 0 9 20
1 5 9 0 20
3 6 0 0 21
3 6 3 0 21
3 6 6 0 21
5 3 0 6 21
5 3 5 6 21
9 1 0 9 21
1 5 9 0 21
3 6 0 0 22
3 6 3 0 22
3 6 6 0 22
5 3 0 6 22
5 3 5 6 22
9 1 0 9 22
1 5 9 0 22
3 6 0 0 23
3 6 3 0 23
3 6 6 0 23
5 3 0 6 23
5 3 5 6 23
9 1 0 9 23
1 5 9 0 23
3 6 0 0 24
3 6 3 0 24
3 6 6 0 24
5 3 0 6 24
5 3 5 6 24
9 1 0 9 24
1 5 9 0 24
3 6 0 0 25
3 6 3 0 25
3 6 6 0 25
5 3 0 6 25
5 3 5 6 25
9 1 0 9 25
1 5 9 0 25
3 6 0 0 26
3 6 3 0 26
3 6 6 0 26
5 3 0 6 26
5 3 5 6 26
9 1 0 9 26
1 5 9 0 26
3 6 0 0 27
3 6 3 0 27
3 6 6 0 27
5 3 0 6 27
5 3 5 6 27
9 1 0 9 27
1 5 9 0 27
3 6 0 0 28
3 6 3 0 28
3 6 6 0 28
5 3 0 6 28
5 3 5 6 28
9 1 0 9 28
1 5 9 0 28
3 6 0 0 29
3 6 3 0 29
3 6 6 0 29
5 3 0 6 29
5 3 5 6 29
9 1 0 9 29
1 5 9 0 29
3 6 0 0 30
3 6 3 0 30
3 6 6 0 30
5 3 0 6 30
5 3 5 6 30
9 1 0 9 30
1 5 9 0 30
3 6 0 0 31
3 6 3 0 31
3 6 6 0 31
5 3 0 6 31
5 3 5 6 31
9 1 0 9 31
1 5 9 0 31
3 6 0 0 32
3 6 3 0 32
3 6 6 0 32
5 3 0 6 32
5 3 5 6 32
9 1 0 9 32
1 5 9 0 32
3 6 0 0 33
3 6 3 0 33
3 6 6 0 33
5 3 0 6 33
5 3 5 6 33
9 1 0 9 33
1 5 9 0 33
3 6 0 0 34
3 6 3 0 34
3 6 6 0 34
5 3 0 6 34
5 3 5 6 34
9 1 0 9 34
1 5 9 0 34
3 6 0 0 35
3 6 3 0 35
3 6 6 0 35
5 3 0 6 35
5 3 5 6 35
9 1 0 9 35
1 5 9 0 35
3 6 0 0 36
3 6 3 0 36
3 6 6 0 36
5 3 0 6 36
5 3 5 6 36
9 1 0 9 36
1 5 9 0 36
3 6 0 0 37
3 6 3 0 37
3 6 6 0 37
5 3 0 6 37
5 3 5 6 37
9 1 0 9 37
1 5 9 0 37
3 6 0 0 38
3 6 3 0 38
3 6 6 0 38
5 3 0 6 38
5 3 5 6 38
9 1 0 9 38
1 5 9 0 38
3 6 0 0 39
3 6 3 0 39
3 6 6 0 39
5 3 0 6 39
5 3 5 6 39
9 1 0 9 39
1 5 9 0 39
3 6 0 0 40
3 6 3 0 40
3 6 6 0 40
5 3 0 6 40
5 3 5 6 40
9 1 0 9 40
1 5 9 0 40
3 6 0 0 41
3 6 3 0 41
3 6 6 0 41
5 3 0 6 41
5 3 5 6 41
9 1 0 9 41
1 5 9 0 41
3 6 0 0 42
3 6 3 0 42
3 6 6 0 42
5 3 0 6 42
5 3 5 6 42
9 1 0 9 42
1 5 9 0 42
3 6 0 0 43
3 6 3 0 43
3 6 6 0 43
5 3 0 6 43
5 3 5 6 43
9 1 0 9 43
1 5 9 0 43
3 6 0 0 44
3 6 3 0 44
3 6 6 0 44
5 3 0 6 44
5 3 5 6 44
9 1 0 9 44
1 5 9 0 44
3 6 0 0 45
3 6 3 0 45
3 6 6 0 45
5 3 0 6 45
5 3 5 6 45
9 1 0 9 45
1 5 9 0 45
3 6 0 0 46
3 6 3 0 46
3 6 6 0 46
5 3 0 6 46
5 3 5 6 46
9 1 0 9 46
1 5 9 0 46
3 6 0 0 47
3 6 3 0 47
3 6 6 0 47
5 3 0 6 47
5 3 5 6 47
9 1 0 9 47
1 5 9 0 47
3 6 0 0 48
3 6 3 0 48
3 6 6 0 48
5 3 0 6 48
5 3 5 6 48
9 1 0 9 48
1 5 9 0 48
3 6 0 0 49
3 6 3 0 49
3 6 6 0 49
5 3 0 6 49
5 3 5 6 49
9 1 0 9 49
1 5 9 0 49
3 6 0 0 50
3 6 3 0 50
3 6 6 0 50
5 3 0 6 50
5 3 5 6 50
9 1 0 9 50
1 5 9 0 50
3 6 0 0 51
3 6 3 0 51
3 6 6 0 51
5 3 0 6 51
5 3 5 6 51
9 1 0 9 51
1 5 9 0 51
3 6 0 0 52
3 6 3 0 52
3 6 6 0 52
5 3 0 6 52
5 3 5 6 52
9 1 0 9 52
1 5 9 0 52
3 6 0 0 53
3 6 3 0 53
3 6 6 0 53
5 3 0 6 53
5 3 5 6 53
9 1 0 9 53
1 5 9 0 53
3 6 0 0 54
3 6 3 0 54
3 6 6 0 54
5 3 0 6 54
5 3 5 6 54
9 1 0 9 54
1 5 9 0 54
3 6 0 0 55
3 6 3 0 55
3 6 6 0 55
5 3 0 6 55
5 3 5 6 55
9 1 0 9 55
1 5 9 0 55
3 6 0 0 56
3 6 3 0 56
3 6 6 0 56
5 3 0 6 56
5 3 5 6 56
9 1 0 9 56
1 5 9 0 56
3 6 0 0 57
3 6 3 0 57
3 6 6 0 57
5 3 0 6 57
5 3 5 6 57
9 1 0 9 57
1 5 9 0 57
3 6 0 0 58
3 6 3 0 58
3 6 6 0 58
5 3 0 6 58
5 3 5 6 58
9 1 0 9 58
1 5 9 0 58
3 6 0 0 59
3 6 3 0 59
3 6 6 0 59
5 3 0 6 59
5 3 5 6 59
9 1 0 9 59
1 5 9 0 59
3 6 0 0 60
3 6 3 0 60
3 6 6 0 60
5 3 0 6 60
5 3 5 6 60
9 1 0 9 60
1 5 9 0 60
3 6 0 0 61
3 6 3 0 61
3 6 6 0 61
5 3 0 6 61
5 3 5 6 61
9 1 0 9 61
1 5 9 0 61
3 6 0 0 62
3 6 3 0 62
3 6 6 0 62
5 3 0 6 62
5 3 5 6 62
9 1 0 9 62
1 5 9 0 62
3 6 0 0 63
3 6 3 0 63
3 6 6 0 63
5 3 0 6 63
5 3 5 6 63
9 1 0 9 63
1 5 9 0 63
3 6 0 0 64
3 6 3 0 64
3 6 6 0 64
5 3 0 6 64
5 3 5 6 64
9 1 0 9 64
1 5 9 0 64
3 6 0 0 65
3 6 3 0 65
3 6 6 0 65
5 3 0 6 65
5 3 5 6 65
9 1 0 9 65
1 5 9 0 65
3 6 0 0 66
3 6 3 0 66
3 6 6 0 66
5 3 0 6 66
5 3 5 6 66
9 1 0 9 66
1 5 9 0 66
3 6 0 0 67
3 6 3 0 67
3 6 6 0 67
5 3 0 6 67
5 3 5 6 67
9 1 0 9 67
1 5 9 0 67
3 6 0 0 68
3 6 3 0 68
3 6 6 0 68
5 3 0 6 68
5 3 5 6 68
9 1 0 9 68
1 5 9 0 68
3 6 0 0 69
3 6 3 0 69
3 6 6 0 69
5 3 0 6 69
5 3 5 6 69
9 1 0 9 69
1 5 9 0 69
3 6 0 0 70
3 6 3 0 70
3 6 6 0 70
5 3 0 6 70
5 3 5 6 70
9 1 0 9 70
1 5 9 0 70
3 6 0 0 71
3 6 3 0 71
3 6 6 0 71
5 3 0 6 71
5 3 5 6 71
9 1 0 9 71
1 5 9 0 71
3 6 0 0 72
3 6 3 0 72
3 6 6 0 72
5 3 0 6 72
5 3 5 6 72
9 1 0 9 72
1 5 9 0 72
3 6 0 0 73
3 6 3 0 73
3 6 6 0 73
5 3 0 6 73
5 3 5 6 73
9 1 0 9 73
1 5 9 0 73
3 6 0 0 74
3 6 3 0 74
3 6 6 0 74
5 3 0 6 74
5 3 5 6 74
9 1 0 9 74
1 5 9 0 74
3 6 0 0 75
3 6 3 0 75
3 6 6 0 75
5 3 0 6 75
5 3 5 6 75
9 1 0 9 75
1 5 9 0 75
3 6 0 0 76
3 6 3 0 76
3 6 6 0 76
5 3 0 6 76
5 3 5 6 76
9 1 0 9 76
1 5 9 0 76
3 6 0 0 77
3 6 3 0 77
3 6 6 0 77
5 3 0 6 77
5 3 5 6 77
9 1 0 9 77
1 5 9 0 77
3 6 0 0 78
3 6 3 0 78
3 6 6 0 78
5 3 0 6 78
5 3 5 6 78
9 1 0 9 78
1 5 9 0 78
3 6 0 0 79
3 6 3 0 79
3 6 6 0 79
5 3 0 6 79
5 3 5 6 79
9 1 0 9 79
1 5 9 0 79
3 6 0 0 80
3 6 3 0 80
3 6 6 0 80
5 3 0 6 80
5 3 5 6 80
9 1 0 9 80
1 5 9 0 80
3 6 0 0 81
3 6 3 0 81
3 6 6 0 81
5 3 0 6 81
5 3 5 6 81
9 1 0 9 81
1 5 9 0 81
3 6 0 0 82
3 6 3 0 82
3 6 6 0 82
5 3 0 6 82
5 3 5 6 82
9 1 0 9 82
1 5 9 0 82
3 6 0 0 83
5 3 3 0 83
5 3 3 3 83
5 3 0 6 83
5 3 5 6 83
2 5 8 0 83
9 1 0 9 83
2 1 8 5 83
5 3 0 0 84
5 3 5 0 84
5 3 0 3 84
5 3 0 6 84
5 3 5 3 84
5 3 5 6 84
9 1 0 9 84
5 3 0 0 85
5 3 5 0 85
5 3 0 3 85
5 3 0 6 85
5 3 5 3 85
5 3 5 6 85
9 1 0 9 85
5 3 0 0 86
5 3 5 0 86
5 3 0 3 86
5 3 0 6 86
5 3 5 3 86
5 3 5 6 86
9 1 0 9 86
5 3 0 0 87
5 3 5 0 87
5 3 0 3 87
5 3 0 6 87
5 3 5 3 87
5 3 5 6 87
9 1 0 9 87
5 3 0 0 88
5 3 5 0 88
5 3 0 3 88
5 3 0 6 88
5 3 5 3 88
5 3 5 6 88
9 1 0 9 88
5 3 0 0 89
5 3 5 0 89
5 3 0 3 89
5 3 0 6 89
5 3 5 3 89
5 3 5 6 89
9 1 0 9 89
5 3 0 0 90
5 3 5 0 90
5 3 0 3 90
5 3 0 6 90
5 3 5 3 90
5 3 5 6 90
9 1 0 9 90
5 3 0 0 91
5 3 5 0 91
5 3 0 3 91
5 3 0 6 91
5 3 5 3 91
5 3 5 6 91
9 1 0 9 91
5 3 0 0 92
5 3 5 0 92
5 3 0 3 92
5 3 0 6 92
5 3 5 3 92
5 3 5 6 92
9 1 0 9 92
5 3 0 0 93
5 3 5 0 93
5 3 0 3 93
5 3 0 6 93
5 3 5 3 93
5 3 5 6 93
9 1 0 9 93
5 3 0 0 94
5 3 5 0 94
5 3 0 3 94
5 3 0 6 94
5 3 5 3 94
5 3 5 6 94
9 1 0 9 94
5 3 0 0 95
5 3 5 0 95
5 3 0 3 95
5 3 0 6 95
5 3 5 3 95
5 3 5 6 95
9 1 0 9 95
5 3 0 0 96
5 3 5 0 96
5 3 0 3 96
5 3 0 6 96
5 3 5 3 96
5 3 5 6 96
9 1 0 9 96
5 3 0 0 97
5 3 5 0 97
6 2 0 3 97
6 2 0 5 97
6 2 0 7 97
2 5 6 3 97
2 5 8 3 97
4 2 6 8 97
5 1 0 9 97
6 2 0 0 98
6 2 0 2 98
6 2 0 4 98
6 2 0 6 98
6 2 0 8 98
2 5 6 0 98
2 5 8 0 98
2 5 6 5 98
2 5 8 5 98
6 2 0 0 99
6 2 0 2 99
6 2 0 4 99
6 2 0 6 99
6 2 0 8 99
2 5 6 0 99
2 5 8 0 99
2 5 6 5 99
2 5 8 5 99
6 2 0 0 100
6 2 0 2 100
6 2 0 4 100
6 2 0 6 100
6 2 0 8 100
2 5 6 0 100
2 5 8 0 100
2 5 6 5 100
2 5 8 5 100
6 2 0 0 101
6 2 0 2 101
6 2 0 4 101
6 2 0 6 101
6 2 0 8 101
2 5 6 0 101
2 5 8 0 101
2 5 6 5 101
2 5 8 5 101
6 2 0 0 102
6 2 0 2 102
6 2 0 4 102
6 2 0 6 102
6 2 0 8 102
2 5 6 0 102
2 5 8 0 102
2 5 6 5 102
2 5 8 5 102
6 2 0 0 103
6 2 0 2 103
6 2 0 4 103
6 2 0 6 103
6 2 0 8 103
2 5 6 0 103
2 5 8 0 103
2 5 6 5 103
2 5 8 5 103
6 2 0 0 104
6 2 0 2 104
6 2 0 4 104
6 2 0 6 104
6 2 0 8 104
2 5 6 0 104
2 5 8 0 104
2 5 6 5 104
2 5 8 5 104
6 2 0 0 105
6 2 0 2 105
6 2 0 4 105
6 2 0 6 105
6 2 0 8 105
2 5 6 0 105
2 5 8 0 105
2 5 6 5 105
2 5 8 5 105
6 2 0 0 106
6 2 0 2 106
6 2 0 4 106
6 2 0 6 106
6 2 0 8 106
2 5 6 0 106
2 5 8 0 106
2 5 6 5 106
2 5 8 5 106
6 2 0 0 107
6 2 0 2 107
6 2 0 4 107
6 2 0 6 107
6 2 0 8 107
2 5 6 0 107
2 5 8 0 107
2 5 6 5 107
2 5 8 5 107
6 2 0 0 108
6 2 0 2 108
6 2 0 4 108
6 2 0 6 108
6 2 0 8 108
2 5 6 0 108
2 5 8 0 108
2 5 6 5 108
2 5 8 5 108
6 2 0 0 109
6 2 0 2 109
6 2 0 4 109
6 2 0 6 109
6 2 0 8 109
2 5 6 0 109
2 5 8 0 109
2 5 6 5 109
2 5 8 5 109
6 2 0 0 110
6 2 0 2 110
6 2 0 4 110
6 2 0 6 110
6 2 0 8 110
2 5 6 0 110
2 5 8 0 110
2 5 6 5 110
2 5 8 5 110
6 2 0 0 111
6 2 0 2 111
6 2 0 4 111
6 2 0 6 111
6 2 0 8 111
2 5 6 0 111
2 5 8 0 111
2 5 6 5 111
2 5 8 5 111
6 2 0 0 112
6 2 0 2 112
6 2 0 4 112
6 2 0 6 112
6 2 0 8 112
2 5 6 0 112
2 5 8 0 112
2 5 6 5 112
2 5 8 5 112
6 2 0 0 113
6 2 0 2 113
6 2 0 4 113
6 2 0 6 113
6 2 0 8 113
2 5 6 0 113
2 5 8 0 113
2 5 6 5 113
2 5 8 5 113
6 2 0 0 114
6 2 0 2 114
6 2 0 4 114
6 2 0 6 114
6 2 0 8 114
2 5 6 0 114
2 5 8 0 114
2 5 6 5 114
2 5 8 5 114
6 2 0 0 115
6 2 0 2 115
6 2 0 4 115
6 2 0 6 115
6 2 0 8 115
2 5 6 0 115
2 5 8 0 115
2 5 6 5 115
2 5 8 5 115
6 2 0 0 116
6 2 0 2 116
6 2 0 4 116
6 2 0 6 116
6 2 0 8 116
2 5 6 0 116
2 5 8 0 116
2 5 6 5 116
2 5 8 5 116
6 2 0 0 117
6 2 0 2 117
6 2 0 4 117
6 2 0 6 117
6 2 0 8 117
2 5 6 0 117
2 5 8 0 117
2 5 6 5 117
2 5 8 5 117
6 2 0 0 118
6 2 0 2 118
6 2 0 4 118
6 2 0 6 118
6 2 0 8 118
2 5 6 0 118
2 5 8 0 118
2 5 6 5 118
2 5 8 5 118
6 2 0 0 119
6 2 0 2 119
6 2 0 4 119
6 2 0 6 119
6 2 0 8 119
2 5 6 0 119
2 5 8 0 119
2 5 6 5 119
2 5 8 5 119
6 2 0 0 120
6 2 0 2 120
6 2 0 4 120
6 2 0 6 120
6 2 0 8 120
2 5 6 0 120
2 5 8 0 120
2 5 6 5 120
2 5 8 5 120
6 2 0 0 121
6 2 0 2 121
6 2 0 4 121
6 2 0 6 121
6 2 0 8 121
2 5 6 0 121
2 5 8 0 121
2 5 6 5 121
2 5 8 5 121
6 2 0 0 122
6 2 0 2 122
6 2 0 4 122
6 2 0 6 122
6 2 0 8 122
2 5 6 0 122
2 5 8 0 122
2 5 6 5 122
2 5 8 5 122
6 2 0 0 123
6 2 0 2 123
6 2 0 4 123
6 2 0 6 123
6 2 0 8 123
2 5 6 0 123
2 5 8 0 123
2 5 6 5 123
2 5 8 5 123
6 2 0 0 124
6 2 0 2 124
6 2 0 4 124
6 2 0 6 124
6 2 0 8 124
2 5 6 0 124
2 5 8 0 124
2 5 6 5 124
2 5 8 5 124
6 2 0 0 125
6 2 0 2 125
6 2 0 4 125
6 2 0 6 125
6 2 0 8 125
2 5 6 0 125
2 5 8 0 125
2 5 6 5 125
2 5 8 5 125
6 2 0 0 126
6 2 0 2 126
6 2 0 4 126
6 2 0 6 126
6 2 0 8 126
2 5 6 0 126
2 5 8 0 126
2 5 6 5 126
2 5 8 5 126
6 2 0 0 127
6 2 0 2 127
6 2 0 4 127
6 2 0 6 127
6 2 0 8 127
2 5 6 0 127
2 5 8 0 127
2 5 6 5 127
2 5 8 5 127
6 2 0 0 128
6 2 0 2 128
6 2 0 4 128
6 2 0 6 128
6 2 0 8 128
2 5 6 0 128
2 5 8 0 128
2 5 6 5 128
2 5 8 5 128
6 2 0 0 129
6 2 0 2 129
6 2 0 4 129
6 2 0 6 129
6 2 0 8 129
2 5 6 0 129
2 5 8 0 129
2 5 6 5 129
2 5 8 5 129
6 2 0 0 130
6 2 0 2 130
6 2 0 4 130
6 2 0 6 130
6 2 0 8 130
2 5 6 0 130
2 5 8 0 130
2 5 6 5 130
2 5 8 5 130
6 2 0 0 131
6 2 0 2 131
6 2 0 4 131
6 2 0 6 131
6 2 0 8 131
2 5 6 0 131
2 5 8 0 131
2 5 6 5 131
2 5 8 5 131
6 2 0 0 132
6 2 0 2 132
6 2 0 4 132
6 2 0 6 132
6 2 0 8 132
2 5 6 0 132
2 5 8 0 132
2 5 6 5 132
2 5 8 5 132
6 2 0 0 133
6 2 0 2 133
6 2 0 4 133
6 2 0 6 133
6 2 0 8 133
2 5 6 0 133
2 5 8 0 133
2 5 6 5 133
2 5 8 5 133
6 2 0 0 134
6 2 0 2 134
6 2 0 4 134
6 2 0 6 134
6 2 0 8 134
2 5 6 0 134
2 5 8 0 134
2 5 6 5 134
2 5 8 5 134
6 2 0 0 135
6 2 0 2 135
6 2 0 4 135
6 2 0 6 135
6 2 0 8 135
2 5 6 0 135
2 5 8 0 135
2 5 6 5 135
2 5 8 5 135
6 2 0 0 136
6 2 0 2 136
6 2 0 4 136
6 2 0 6 136
6 2 0 8 136
2 5 6 0 136
2 5 8 0 136
2 5 6 5 136
2 5 8 5 136
6 2 0 0 137
6 2 0 2 137
6 2 0 4 137
6 2 0 6 137
6 2 0 8 137
2 5 6 0 137
2 5 8 0 137
2 5 6 5 137
2 5 8 5 137
6 2 0 0 138
6 2 0 2 138
6 2 0 4 138
6 2 0 6 138
6 2 0 8 138
2 5 6 0 138
2 5 8 0 138
2 5 6 5 138
2 5 8 5 138
6 2 0 0 139
6 2 0 2 139
6 2 0 4 139
6 2 0 6 139
6 2 0 8 139
2 5 6 0 139
2 5 8 0 139
2 5 6 5 139
2 5 8 5 139
6 2 0 0 140
6 2 0 2 140
6 2 0 4 140
6 2 0 6 140
6 2 0 8 140
2 5 6 0 140
2 5 8 0 140
2 5 6 5 140
2 5 8 5 140
6 2 0 0 141
6 2 0 2 141
6 2 0 4 141
6 2 0 6 141
6 2 0 8 141
2 5 6 0 141
2 5 8 0 141
2 5 6 5 141
2 5 8 5 141
6 2 0 0 142
6 2 0 2 142
6 2 0 4 142
6 2 0 6 142
6 2 0 8 142
2 5 6 0 142
2 5 8 0 142
2 5 6 5 142
2 5 8 5 142
6 2 0 0 143
6 2 0 2 143
6 2 0 4 143
6 2 0 6 143
6 2 0 8 143
2 5 6 0 143
2 5 8 0 143
2 5 6 5 143
2 5 8 5 143
6 2 0 0 144
6 2 0 2 144
6 2 0 4 144
6 2 0 6 144
6 2 0 8 144
2 5 6 0 144
2 5 8 0 144
2 5 6 5 144
2 5 8 5 144
6 2 0 0 145
6 2 0 2 145
6 2 0 4 145
6 2 0 6 145
6 2 0 8 145
2 5 6 0 145
2 5 8 0 145
2 5 6 5 145
2 5 8 5 145
6 2 0 0 146
6 2 0 2 146
6 2 0 4 146
6 2 0 6 146
6 2 0 8 146
2 5 6 0 146
2 5 8 0 146
2 5 6 5 146
2 5 8 5 146
6 2 0 0 147
6 2 0 2 147
2 5 0 4 147
2 5 2 4 147
2 5 4 4 147
2 5 6 0 147
2 5 8 0 147
2 5 6 5 147
2 5 8 5 147
5 1 0 9 147
2 5 0 0 148
2 5 0 5 148
2 5 2 0 148
2 5 2 5 148
2 5 4 0 148
2 5 6 0 148
2 5 8 0 148
2 5 4 5 148
2 5 6 5 148
2 5 8 5 148
2 5 0 0 149
2 5 0 5 149
2 5 2 0 149
2 5 2 5 149
2 5 4 0 149
2 5 6 0 149
2 5 8 0 149
2 5 4 5 149
2 5 6 5 149
2 5 8 5 149
2 5 0 0 150
2 5 0 5 150
2 5 2 0 150
2 5 2 5 150
2 5 4 0 150
2 5 6 0 150
2 5 8 0 150
2 5 4 5 150
2 5 6 5 150
2 5 8 5 150
2 5 0 0 151
2 5 0 5 151
2 5 2 0 151
2 5 2 5 151
2 5 4 0 151
2 5 6 0 151
2 5 8 0 151
2 5 4 5 151
2 5 6 5 151
2 5 8 5 151
2 5 0 0 152
2 5 0 5 152
2 5 2 0 152
2 5 2 5 152
1 9 4 0 152
1 9 5 0 152
3 3 6 0 152
3 3 6 3 152
3 3 6 6 152
1 9 9 0 152
5 1 4 9 152
1 9 0 0 153
1 9 1 0 153
1 9 2 0 153
3 3 3 0 153
3 3 6 0 153
3 3 3 3 153
3 3 3 6 153
3 3 6 3 153
3 3 6 6 153
1 9 9 0 153
9 1 0 9 153
1 9 0 0 154
1 9 1 0 154
1 9 2 0 154
1 9 3 0 154
1 9 4 0 154
1 9 5 0 154
1 9 6 0 154
1 9 7 0 154
1 9 8 0 154
1 9 9 0 154
9 1 0 9 154
1 9 0 0 155
1 9 1 0 155
1 9 2 0 155
3 3 3 0 155
3 3 6 0 155
3 3 3 3 155
3 3 3 6 155
3 3 6 3 155
3 3 6 6 155
1 9 9 0 155
9 1 0 9 155
1 9 0 0 156
3 3 1 0 156
3 3 4 0 156
3 3 7 0 156
3 3 1 3 156
3 3 1 6 156
3 3 4 3 156
3 3 7 3 156
3 3 4 6 156
3 3 7 6 156
9 1 0 9 156
1 9 0 0 157
1 9 1 0 157
1 9 2 0 157
1 9 3 0 157
1 9 4 0 157
1 9 5 0 157
1 9 6 0 157
1 9 7 0 157
1 9 8 0 157
1 9 9 0 157
9 1 0 9 157
1 9 0 0 158
1 9 1 0 158
1 9 2 0 158
3 3 3 0 158
3 3 6 0 158
3 3 3 3 158
3 3 3 6 158
3 3 6 3 158
3 3 6 6 158
1 9 9 0 158
9 1 0 9 158
1 9 0 0 159
1 9 1 0 159
1 9 2 0 159
3 3 3 0 159
3 3 6 0 159
3 3 3 3 159
3 3 3 6 159
3 3 6 3 159
3 3 6 6 159
9 1 0 9 159
1 9 9 0 159
1 9 0 0 160
9 1 1 0 160
9 1 1 1 160
9 1 1 2 160
9 1 1 3 160
9 1 1 4 160
9 1 1 5 160
9 1 1 6 160
9 1 1 7 160
9 1 1 8 160
9 1 0 9 160
1 9 0 0 161
1 9 1 0 161
1 9 2 0 161
1 9 3 0 161
1 9 4 0 161
3 3 5 0 161
3 3 5 3 161
3 3 5 6 161
1 9 8 0 161
1 9 9 0 161
9 1 0 9 161
9 1 0 0 162
9 1 0 1 162
9 1 0 2 162
9 1 0 3 162
9 1 0 4 162
9 1 0 5 162
9 1 0 6 162
9 1 0 7 162
9 1 0 8 162
9 1 0 9 162
1 9 9 0 162
9 1 0 0 163
9 1 0 1 163
9 1 0 2 163
9 1 0 3 163
9 1 0 4 163
9 1 0 5 163
9 1 0 6 163
9 1 0 7 163
9 1 0 8 163
9 1 0 9 163
1 9 9 0 163
9 1 0 0 164
9 1 0 1 164
9 1 0 2 164
3 3 0 3 164
3 3 0 6 164
3 3 3 3 164
3 3 3 6 164
3 3 6 3 164
3 3 6 6 164
1 9 9 0 164
9 1 0 9 164
9 1 0 0 165
1 9 0 1 165
9 1 1 1 165
9 1 1 2 165
9 1 1 3 165
9 1 1 4 165
9 1 1 5 165
9 1 1 6 165
3 3 1 7 165
3 3 4 7 165
3 3 7 7 165
1 9 0 0 166
1 9 1 0 166
1 9 2 0 166
1 9 3 0 166
1 9 4 0 166
3 3 5 0 166
3 3 5 3 166
3 3 5 6 166
1 9 8 0 166
1 9 9 0 166
9 1 0 9 166
9 1 0 0 167
9 1 0 1 167
9 1 0 2 167
9 1 0 3 167
9 1 0 4 167
9 1 0 5 167
9 1 0 6 167
9 1 0 7 167
9 1 0 8 167
9 1 0 9 167
1 9 9 0 167
3 3 0 0 168
3 3 0 3 168
1 9 3 0 168
1 9 4 0 168
3 3 0 6 168
3 3 5 0 168
3 3 5 3 168
3 3 5 6 168
1 9 8 0 168
9 1 0 9 168
1 9 9 0 168
9 1 0 0 169
9 1 0 1 169
9 1 0 2 169
9 1 0 3 169
9 1 0 4 169
9 1 0 5 169
9 1 0 6 169
9 1 0 7 169
9 1 0 8 169
9 1 0 9 169
1 9 9 0 169
9 1 0 0 170
9 1 0 1 170
9 1 0 2 170
9 1 0 3 170
9 1 0 4 170
9 1 0 5 170
3 3 0 6 170
3 3 3 6 170
3 3 6 6 170
9 1 0 9 170
1 9 9 0 170
1 9 0 0 171
3 3 1 0 171
9 1 1 3 171
9 1 1 4 171
9 1 1 5 171
9 1 1 6 171
3 3 4 0 171
9 1 1 7 171
3 3 7 0 171
9 1 1 8 171
9 1 0 9 171
1 9 0 0 172
9 1 1 0 172
1 9 1 1 172
1 9 2 1 172
3 3 3 1 172
3 3 6 1 172
3 3 3 4 172
3 3 3 7 172
3 3 6 4 172
3 3 6 7 172
1 9 9 1 172
1 9 0 0 173
9 1 1 0 173
9 1 1 1 173
9 1 1 2 173
9 1 1 3 173
9 1 1 4 173
9 1 1 5 173
9 1 1 6 173
9 1 1 7 173
9 1 1 8 173
9 1 0 9 173
1 9 0 0 174
1 9 1 0 174
3 3 2 0 174
3 3 5 0 174
3 3 2 3 174
3 3 2 6 174
3 3 5 3 174
3 3 5 6 174
1 9 8 0 174
9 1 0 9 174
1 9 9 0 174
9 1 0 0 175
9 1 0 1 175
9 1 0 2 175
9 1 0 3 175
9 1 0 4 175
9 1 0 5 175
9 1 0 6 175
9 1 0 7 175
9 1 0 8 175
9 1 0 9 175
1 9 9 0 175
1 9 0 0 176
1 9 1 0 176
1 9 2 0 176
3 3 3 0 176
3 3 6 0 176
3 3 3 3 176
3 3 3 6 176
3 3 6 3 176
3 3 6 6 176
1 9 9 0 176
9 1 0 9 176
9 1 0 0 177
9 1 0 1 177
9 1 0 2 177
9 1 0 3 177
9 1 0 4 177
9 1 0 5 177
9 1 0 6 177
9 1 0 7 177
9 1 0 8 177
9 1 0 9 177
1 9 9 0 177
9 1 0 0 178
9 1 0 1 178
9 1 0 2 178
9 1 0 3 178
9 1 0 4 178
9 1 0 5 178
9 1 0 6 178
9 1 0 7 178
9 1 0 8 178
9 1 0 9 178
1 9 9 0 178
1 9 0 0 179
9 1 1 0 179
3 3 1 1 179
1 9 4 1 179
1 9 5 1 179
3 3 1 4 179
3 3 1 7 179
3 3 6 1 179
3 3 6 4 179
3 3 6 7 179
1 9 9 1 179
9 1 0 0 180
9 1 0 1 180
9 1 0 2 180
9 1 0 3 180
9 1 0 4 180
9 1 0 5 180
9 1 0 6 180
9 1 0 7 180
9 1 0 8 180
9 1 0 9 180
1 9 9 0 180
1 9 0 0 181
9 1 1 0 181
1 9 1 1 181
3 3 2 1 181
3 3 5 1 181
3 3 2 4 181
3 3 2 7 181
3 3 5 4 181
3 3 5 7 181
1 9 8 1 181
1 9 9 1 181
9 1 0 0 182
9 1 0 1 182
9 1 0 2 182
9 1 0 3 182
9 1 0 4 182
9 1 0 5 182
9 1 0 6 182
9 1 0 7 182
9 1 0 8 182
9 1 0 9 182
1 9 9 0 182
9 1 0 0 183
9 1 0 1 183
9 1 0 2 183
9 1 0 3 183
9 1 0 4 183
9 1 0 5 183
9 1 0 6 183
9 1 0 7 183
9 1 0 8 183
9 1 0 9 183
1 9 9 0 183
1 9 0 0 184
1 9 1 0 184
1 9 2 0 184
1 9 3 0 184
1 9 4 0 184
3 3 5 0 184
3 3 5 3 184
3 3 5 6 184
1 9 8 0 184
9 1 0 9 184
1 9 9 0 184
9 1 0 0 185
9 1 0 1 185
9 1 0 2 185
9 1 0 3 185
9 1 0 4 185
9 1 0 5 185
9 1 0 6 185
9 1 0 7 185
9 1 0 8 185
1 9 9 0 185
9 1 0 9 185
9 1 0 0 186
9 1 0 1 186
9 1 0 2 186
9 1 0 3 186
9 1 0 4 186
9 1 0 5 186
3 3 0 6 186
3 3 3 6 186
3 3 6 6 186
9 1 0 9 186
1 9 9 0 186
1 9 0 0 187
1 9 1 0 187
1 9 2 0 187
3 3 3 0 187
3 3 6 0 187
3 3 3 3 187
3 3 3 6 187
3 3 6 3 187
3 3 6 6 187
9 1 0 9 187
1 9 9 0 187
9 1 0 0 188
9 1 0 1 188
9 1 0 2 188
9 1 0 3 188
9 1 0 4 188
9 1 0 5 188
9 1 0 6 188
9 1 0 7 188
9 1 0 8 188
9 1 0 9 188
1 9 9 0 188
9 1 0 0 189
9 1 0 1 189
9 1 0 2 189
9 1 0 3 189
9 1 0 4 189
9 1 0 5 189
9 1 0 6 189
9 1 0 7 189
9 1 0 8 189
9 1 0 9 189
1 9 9 0 189
1 9 0 0 190
9 1 1 0 190
9 1 1 1 190
9 1 1 2 190
9 1 1 3 190
9 1 1 4 190
9 1 1 5 190
9 1 1 6 190
9 1 1 7 190
9 1 1 8 190
9 1 0 9 190
1 9 0 0 191
1 9 1 0 191
1 9 2 0 191
1 9 3 0 191
1 9 4 0 191
1 9 5 0 191
1 9 6 0 191
3 3 7 0 191
3 3 7 3 191
3 3 7 6 191
9 1 0 9 191
9 1 0 0 192
9 1 0 1 192
9 1 0 2 192
9 1 0 3 192
9 1 0 4 192
9 1 0 5 192
9 1 0 6 192
9 1 0 7 192
9 1 0 8 192
9 1 0 9 192
1 9 9 0 192
9 1 0 0 193
1 9 0 1 193
9 1 1 1 193
9 1 1 2 193
9 1 1 3 193
3 3 1 4 193
3 3 1 7 193
3 3 4 4 193
3 3 4 7 193
3 3 7 4 193
3 3 7 7 193
9 1 0 0 194
9 1 0 1 194
9 1 0 2 194
9 1 0 3 194
9 1 0 4 194
9 1 0 5 194
9 1 0 6 194
9 1 0 7 194
9 1 0 8 194
1 9 9 0 194
9 1 0 9 194
1 9 0 0 195
1 9 1 0 195
1 9 2 0 195
3 3 3 0 195
3 3 6 0 195
3 3 3 3 195
3 3 3 6 195
3 3 6 3 195
3 3 6 6 195
9 1 0 9 195
1 9 9 0 195
9 1 0 0 196
9 1 0 1 196
9 1 0 2 196
9 1 0 3 196
9 1 0 4 196
9 1 0 5 196
9 1 0 6 196
9 1 0 7 196
9 1 0 8 196
1 9 9 0 196
9 1 0 9 196
1 9 0 0 197
1 9 1 0 197
1 9 2 0 197
1 9 3 0 197
1 9 4 0 197
3 3 5 0 197
3 3 5 3 197
3 3 5 6 197
1 9 8 0 197
9 1 0 9 197
1 9 9 0 197
9 1 0 0 198
9 1 0 1 198
9 1 0 2 198
9 1 0 3 198
9 1 0 4 198
9 1 0 5 198
9 1 0 6 198
9 1 0 7 198
9 1 0 8 198
9 1 0 9 198
1 9 9 0 198
9 1 0 0 199
9 1 0 1 199
9 1 0 2 199
9 1 0 3 199
9 1 0 4 199
9 1 0 5 199
9 1 0 6 199
9 1 0 7 199
9 1 0 8 199
9 1 0 9 199
1 9 9 0 199
1 9 0 0 200
1 9 1 0 200
1 9 2 0 200
1 9 3 0 200
3 3 4 0 200
3 3 7 0 200
3 3 4 3 200
3 3 7 3 200
3 3 4 6 200
3 3 7 6 200
9 1 0 9 200
9 1 0 0 201
9 1 0 1 201
9 1 0 2 201
9 1 0 3 201
9 1 0 4 201
9 1 0 5 201
9 1 0 6 201
9 1 0 7 201
9 1 0 8 201
1 9 9 0 201
9 1 0 9 201
1 9 0 0 202
1 9 1 0 202
1 9 2 0 202
1 9 3 0 202
3 3 4 0 202
3 3 7 0 202
3 3 4 3 202
3 3 7 3 202
3 3 4 6 202
3 3 7 6 202
9 1 0 9 202
1 9 0 0 203
1 9 1 0 203
1 9 2 0 203
3 3 3 0 203
3 3 6 0 203
3 3 3 3 203
3 3 3 6 203
3 3 6 3 203
3 3 6 6 203
9 1 0 9 203
1 9 9 0 203
9 1 0 0 204
9 1 0 1 204
9 1 0 2 204
9 1 0 3 204
9 1 0 4 204
9 1 0 5 204
9 1 0 6 204
9 1 0 7 204
9 1 0 8 204
9 1 0 9 204
1 9 9 0 204
9 1 0 0 205
9 1 0 1 205
9 1 0 2 205
9 1 0 3 205
9 1 0 4 205
9 1 0 5 205
9 1 0 6 205
9 1 0 7 205
9 1 0 8 205
9 1 0 9 205
1 9 9 0 205
1 9 0 0 206
9 1 1 0 206
9 1 1 1 206
9 1 1 2 206
9 1 1 3 206
3 3 1 4 206
3 3 1 7 206
3 3 4 4 206
3 3 4 7 206
3 3 7 4 206
3 3 7 7 206
9 1 0 0 207
9 1 0 1 207
9 1 0 2 207
9 1 0 3 207
9 1 0 4 207
9 1 0 5 207
9 1 0 6 207
9 1 0 7 207
9 1 0 8 207
9 1 0 9 207
1 9 9 0 207
1 9 0 0 208
9 1 1 0 208
9 1 1 1 208
9 1 1 2 208
9 1 1 3 208
9 1 1 4 208
9 1 1 5 208
9 1 1 6 208
9 1 1 7 208
9 1 1 8 208
9 1 0 9 208
1 9 0 0 209
1 9 1 0 209
1 9 2 0 209
1 9 3 0 209
1 9 4 0 209
1 9 5 0 209
1 9 6 0 209
3 3 7 0 209
3 3 7 3 209
3 3 7 6 209
9 1 0 9 209
9 1 0 0 210
9 1 0 1 210
9 1 0 2 210
9 1 0 3 210
9 1 0 4 210
9 1 0 5 210
9 1 0 6 210
9 1 0 7 210
9 1 0 8 210
9 1 0 9 210
1 9 9 0 210
1 9 0 0 211
9 1 1 0 211
3 3 1 1 211
1 9 4 1 211
1 9 5 1 211
3 3 1 4 211
3 3 1 7 211
1 9 6 1 211
3 3 7 1 211
3 3 7 4 211
3 3 7 7 211
9 1 0 0 212
9 1 0 1 212
9 1 0 2 212
9 1 0 3 212
9 1 0 4 212
9 1 0 5 212
9 1 0 6 212
9 1 0 7 212
9 1 0 8 212
9 1 0 9 212
1 9 9 0 212
9 1 0 0 213
9 1 0 1 213
9 1 0 2 213
9 1 0 3 213
9 1 0 4 213
9 1 0 5 213
9 1 0 6 213
9 1 0 7 213
9 1 0 8 213
9 1 0 9 213
1 9 9 0 213
1 9 0 0 214
1 9 1 0 214
1 9 2 0 214
1 9 3 0 214
3 3 4 0 214
3 3 7 0 214
3 3 4 3 214
3 3 7 3 214
3 3 4 6 214
3 3 7 6 214
9 1 0 9 214
9 1 0 0 215
9 1 0 1 215
9 1 0 2 215
9 1 0 3 215
9 1 0 4 215
9 1 0 5 215
9 1 0 6 215
9 1 0 7 215
9 1 0 8 215
9 1 0 9 215
1 9 9 0 215
1 9 0 0 216
1 9 1 0 216
1 9 2 0 216
1 9 3 0 216
1 9 4 0 216
1 9 5 0 216
1 9 6 0 216
3 3 7 0 216
3 3 7 3 216
3 3 7 6 216
9 1 0 9 216
9 1 0 0 217
9 1 0 1 217
9 1 0 2 217
9 1 0 3 217
9 1 0 4 217
9 1 0 5 217
9 1 0 6 217
9 1 0 7 217
9 1 0 8 217
9 1 0 9 217
1 9 9 0 217
9 1 0 0 218
9 1 0 1 218
3 3 0 2 218
3 3 0 5 218
3 3 3 2 218
3 3 6 2 218
3 3 3 5 218
3 3 6 5 218
9 1 0 8 218
9 1 0 9 218
1 9 9 0 218
9 1 0 0 219
9 1 0 1 219
9 1 0 2 219
9 1 0 3 219
9 1 0 4 219
9 1 0 5 219
9 1 0 6 219
9 1 0 7 219
9 1 0 8 219
9 1 0 9 219
1 9 9 0 219
1 9 0 0 220
1 9 1 0 220
3 3 2 0 220
3 3 5 0 220
3 3 2 3 220
3 3 2 6 220
3 3 5 3 220
3 3 5 6 220
1 9 8 0 220
1 9 9 0 220
9 1 0 9 220
9 1 0 0 221
9 1 0 1 221
9 1 0 2 221
9 1 0 3 221
9 1 0 4 221
9 1 0 5 221
9 1 0 6 221
9 1 0 7 221
9 1 0 8 221
9 1 0 9 221
1 9 9 0 221
1 9 0 0 222
9 1 1 0 222
3 3 1 1 222
3 3 1 4 222
3 3 1 7 222
3 3 4 1 222
3 3 7 1 222
3 3 4 4 222
3 3 4 7 222
3 3 7 4 222
3 3 7 7 222
9 1 0 0 223
9 1 0 1 223
9 1 0 2 223
9 1 0 3 223
9 1 0 4 223
9 1 0 5 223
9 1 0 6 223
9 1 0 7 223
9 1 0 8 223
1 9 9 0 223
9 1 0 9 223
1 9 0 0 224
1 9 1 0 224
1 9 2 0 224
3 3 3 0 224
3 3 6 0 224
3 3 3 3 224
3 3 3 6 224
3 3 6 3 224
3 3 6 6 224
9 1 0 9 224
1 9 9 0 224
9 1 0 0 225
9 1 0 1 225
9 1 0 2 225
9 1 0 3 225
9 1 0 4 225
9 1 0 5 225
9 1 0 6 225
9 1 0 7 225
9 1 0 8 225
9 1 0 9 225
1 9 9 0 225
9 1 0 0 226
9 1 0 1 226
9 1 0 2 226
9 1 0 3 226
9 1 0 4 226
9 1 0 5 226
9 1 0 6 226
9 1 0 7 226
9 1 0 8 226
9 1 0 9 226
1 9 9 0 226
9 1 0 0 227
9 1 0 1 227
9 1 0 2 227
9 1 0 3 227
9 1 0 4 227
9 1 0 5 227
9 1 0 6 227
9 1 0 7 227
9 1 0 8 227
9 1 0 9 227
1 9 9 0 227
9 1 0 0 228
3 3 0 1 228
3 3 0 4 228
3 3 0 7 228
3 3 3 1 228
3 3 6 1 228
3 3 3 4 228
3 3 3 7 228
3 3 6 4 228
3 3 6 7 228
1 9 9 0 228
9 1 0 0 229
9 1 0 1 229
9 1 0 2 229
9 1 0 3 229
9 1 0 4 229
9 1 0 5 229
9 1 0 6 229
9 1 0 7 229
9 1 0 8 229
9 1 0 9 229
1 9 9 0 229
9 1 0 0 230
9 1 0 1 230
9 1 0 2 230
9 1 0 3 230
9 1 0 4 230
9 1 0 5 230
9 1 0 6 230
9 1 0 7 230
9 1 0 8 230
9 1 0 9 230
1 9 9 0 230
9 1 0 0 231
9 1 0 1 231
9 1 0 2 231
9 1 0 3 231
9 1 0 4 231
9 1 0 5 231
9 1 0 6 231
9 1 0 7 231
9 1 0 8 231
9 1 0 9 231
1 9 9 0 231
1 9 0 0 232
9 1 1 0 232
9 1 1 1 232
9 1 1 2 232
3 3 1 3 232
3 3 1 6 232
3 3 4 3 232
3 3 7 3 232
3 3 4 6 232
3 3 7 6 232
9 1 0 9 232
9 1 0 0 233
1 9 0 1 233
1 9 1 1 233
1 9 2 1 233
1 9 3 1 233
1 9 4 1 233
1 9 5 1 233
1 9 6 1 233
1 9 7 1 233
1 9 8 1 233
1 9 9 0 233
9 1 0 0 234
9 1 0 1 234
9 1 0 2 234
9 1 0 3 234
9 1 0 4 234
9 1 0 5 234
9 1 0 6 234
9 1 0 7 234
9 1 0 8 234
9 1 0 9 234
1 9 9 0 234
9 1 0 0 235
9 1 0 1 235
9 1 0 2 235
3 3 0 3 235
3 3 0 6 235
3 3 3 3 235
3 3 3 6 235
3 3 6 3 235
3 3 6 6 235
9 1 0 9 235
1 9 9 0 235
9 1 0 0 236
9 1 0 1 236
9 1 0 2 236
9 1 0 3 236
9 1 0 4 236
9 1 0 5 236
9 1 0 6 236
9 1 0 7 236
9 1 0 8 236
9 1 0 9 236
1 9 9 0 236
9 1 0 0 237
1 9 0 1 237
9 1 1 1 237
9 1 1 2 237
9 1 1 3 237
9 1 1 4 237
9 1 1 5 237
9 1 1 6 237
9 1 1 7 237
9 1 1 8 237
9 1 1 9 237
1 9 0 0 238
1 9 1 0 238
1 9 2 0 238
1 9 3 0 238
1 9 4 0 238
3 3 5 0 238
3 3 5 3 238
3 3 5 6 238
1 9 8 0 238
9 1 0 9 238
1 9 9 0 238
9 1 0 0 239
9 1 0 1 239
9 1 0 2 239
9 1 0 3 239
9 1 0 4 239
9 1 0 5 239
9 1 0 6 239
9 1 0 7 239
9 1 0 8 239
9 1 0 9 239
1 9 9 0 239
1 9 0 0 240
3 3 1 0 240
3 3 4 0 240
3 3 7 0 240
9 1 1 3 240
9 1 1 4 240
9 1 1 5 240
9 1 1 6 240
9 1 1 7 240
9 1 1 8 240
9 1 0 9 240
1 9 0 0 241
9 1 1 0 241
9 1 1 1 241
9 1 1 2 241
9 1 1 3 241
9 1 1 4 241
3 3 1 5 241
3 3 4 5 241
3 3 7 5 241
9 1 1 8 241
9 1 0 9 241
1 9 0 0 242
9 1 1 0 242
1 9 1 1 242
3 3 2 1 242
3 3 5 1 242
3 3 2 4 242
3 3 2 7 242
3 3 5 4 242
3 3 5 7 242
1 9 8 1 242
1 9 9 1 242
9 1 0 0 243
9 1 0 1 243
9 1 0 2 243
9 1 0 3 243
9 1 0 4 243
9 1 0 5 243
9 1 0 6 243
9 1 0 7 243
9 1 0 8 243
9 1 0 9 243
1 9 9 0 243
1 9 0 0 244
1 9 1 0 244
3 3 2 0 244
3 3 5 0 244
3 3 2 3 244
3 3 2 6 244
3 3 5 3 244
3 3 5 6 244
1 9 8 0 244
9 1 0 9 244
1 9 9 0 244
9 1 0 0 245
9 1 0 1 245
9 1 0 2 245
9 1 0 3 245
9 1 0 4 245
9 1 0 5 245
9 1 0 6 245
9 1 0 7 245
9 1 0 8 245
9 1 0 9 245
1 9 9 0 245
9 1 0 0 246
9 1 0 1 246
9 1 0 2 246
9 1 0 3 246
9 1 0 4 246
9 1 0 5 246
9 1 0 6 246
9 1 0 7 246
9 1 0 8 246
9 1 0 9 246
1 9 9 0 246
1 9 0 0 247
9 1 1 0 247
9 1 1 1 247
9 1 1 2 247
9 1 1 3 247
9 1 1 4 247
9 1 1 5 247
9 1 1 6 247
9 1 1 7 247
9 1 1 8 247
9 1 0 9 247
9 1 0 0 248
9 1 0 1 248
3 3 0 2 248
3 3 0 5 248
3 3 3 2 248
3 3 6 2 248
3 3 3 5 248
3 3 6 5 248
9 1 0 8 248
9 1 0 9 248
1 9 9 0 248
9 1 0 0 249
9 1 0 1 249
9 1 0 2 249
9 1 0 3 249
9 1 0 4 249
9 1 0 5 249
9 1 0 6 249
9 1 0 7 249
9 1 0 8 249
1 9 9 0 249
9 1 0 9 249
1 9 0 0 250
9 1 1 0 250
9 1 1 1 250
9 1 1 2 250
9 1 1 3 250
9 1 1 4 250
9 1 1 5 250
9 1 1 6 250
9 1 1 7 250
9 1 1 8 250
9 1 0 9 250
1 9 0 0 251
1 9 1 0 251
1 9 2 0 251
1 9 3 0 251
3 3 4 0 251
3 3 7 0 251
3 3 4 3 251
3 3 7 3 251
3 3 4 6 251
3 3 7 6 251
9 1 0 9 251
9 1 0 0 252
9 1 0 1 252
9 1 0 2 252
9 1 0 3 252
9 1 0 4 252
9 1 0 5 252
9 1 0 6 252
9 1 0 7 252
9 1 0 8 252
9 1 0 9 252
1 9 9 0 252
9 1 0 0 253
9 1 0 1 253
9 1 0 2 253
9 1 0 3 253
9 1 0 4 253
9 1 0 5 253
9 1 0 6 253
9 1 0 7 253
9 1 0 8 253
9 1 0 9 253
1 9 9 0 253
1 9 0 0 254
1 9 1 0 254
1 9 2 0 254
3 3 3 0 254
3 3 6 0 254
3 3 3 3 254
3 3 3 6 254
2 4 6 3 254
4 2 6 7 254
2 4 8 3 254
5 1 0 9 254
5 1 5 9 254
1 2 9 0 254
9 1 0 0 255
9 1 0 1 255
9 1 0 2 255
9 1 0 3 255
9 1 0 4 255
9 1 0 5 255
9 1 0 6 255
9 1 0 7 255
9 1 0 8 255
9 1 0 9 255
1 9 9 0 255
9 1 0 0 256
9 1 0 1 256
9 1 0 2 256
9 1 0 3 256
9 1 0 4 256
9 1 0 5 256
9 1 0 6 256
9 1 0 7 256
9 1 0 8 256
9 1 0 9 256
1 9 9 0 256
9 1 0 0 257
9 1 0 1 257
9 1 0 2 257
9 1 0 3 257
9 1 0 4 257
9 1 0 5 257
9 1 0 6 257
4 2 0 7 257
4 2 4 7 257
2 3 8 7 257
5 1 0 9 257
1 5 9 0 257
1 2 9 5 257
2 1 5 9 257
2 4 0 0 258
2 4 0 4 258
2 4 2 0 258
2 4 2 4 258
2 4 4 0 258
2 4 6 0 258
4 2 0 8 258
4 2 4 4 258
4 2 4 6 258
4 2 4 8 258
2 4 8 0 258
2 4 8 4 258
2 2 8 8 258
4 2 0 0 259
4 2 4 0 259
4 2 0 2 259
4 2 0 4 259
4 2 0 6 259
4 2 0 8 259
4 2 4 2 259
4 2 4 4 259
2 4 8 0 259
2 4 4 6 259
2 4 6 6 259
2 4 8 4 259
2 2 8 8 259
4 2 0 0 260
4 2 4 0 260
4 2 0 2 260
2 4 0 4 260
4 2 4 2 260
4 2 2 4 260
4 2 2 6 260
2 4 8 0 260
4 2 0 8 260
2 4 6 4 260
2 4 8 4 260
4 2 4 8 260
2 2 8 8 260
2 4 0 0 261
2 4 0 4 261
2 4 2 0 261
4 2 4 0 261
2 4 2 4 261
4 2 0 8 261
4 2 4 2 261
4 2 4 4 261
4 2 4 6 261
2 4 8 0 261
4 2 4 8 261
2 4 8 4 261
2 2 8 8 261
2 4 0 0 262
2 4 0 4 262
2 4 2 0 262
4 2 4 0 262
2 4 2 4 262
2 4 4 2 262
2 4 4 6 262
4 2 0 8 262
4 2 6 2 262
4 2 6 4 262
2 4 6 6 262
2 4 8 6 262
2 2 8 0 262
4 2 0 0 263
4 2 4 0 263
2 4 0 2 263
4 2 2 2 263
2 4 0 6 263
2 4 2 4 263
4 2 6 2 263
4 2 4 4 263
4 2 4 6 263
4 2 2 8 263
2 4 8 4 263
4 2 6 8 263
2 2 8 0 263
2 4 0 0 264
2 4 0 4 264
2 4 2 0 264
2 4 2 4 264
2 4 4 0 264
2 4 6 0 264
2 4 8 0 264
4 2 0 8 264
4 2 4 4 264
2 4 4 6 264
2 4 6 6 264
2 4 8 4 264
2 2 8 8 264
4 2 0 0 265
4 2 4 0 265
4 2 0 2 265
4 2 0 4 265
2 4 0 6 265
4 2 4 2 265
4 2 4 4 265
4 2 2 6 265
2 4 8 0 265
2 4 6 6 265
2 4 8 4 265
4 2 2 8 265
2 2 8 8 265
2 4 0 0 266
2 4 0 4 266
2 4 2 0 266
2 4 2 4 266
2 4 4 0 266
2 4 6 0 266
2 4 8 0 266
4 2 0 8 266
2 4 4 4 266
2 4 6 4 266
4 2 4 8 266
2 4 8 4 266
2 2 8 8 266
4 2 0 0 267
4 2 4 0 267
4 2 0 2 267
2 4 0 4 267
2 4 2 4 267
4 2 0 8 267
2 4 4 2 267
2 4 4 6 267
4 2 6 2 267
2 4 6 4 267
2 4 8 4 267
4 2 6 8 267
2 2 8 0 267
4 2 0 0 268
2 4 0 2 268
4 2 4 0 268
4 2 2 2 268
4 2 6 2 268
4 2 2 4 268
2 4 0 6 268
2 4 2 6 268
4 2 6 4 268
4 2 4 6 268
4 2 4 8 268
2 4 8 6 268
2 2 8 0 268
2 4 0 0 269
4 2 2 0 269
2 4 0 4 269
2 4 2 2 269
2 4 2 6 269
4 2 6 0 269
4 2 4 2 269
4 2 4 4 269
2 4 8 2 269
4 2 4 6 269
2 4 8 6 269
4 2 4 8 269
2 2 0 8 269
2 4 0 0 270
2 4 0 4 270
2 4 2 0 270
2 4 2 4 270
2 4 4 0 270
4 2 0 8 270
4 2 6 0 270
2 4 4 4 270
2 4 6 2 270
4 2 6 6 270
4 2 4 8 270
2 4 8 2 270
2 2 8 8 270
2 4 0 0 271
2 4 0 4 271
4 2 2 0 271
4 2 6 0 271
4 2 2 2 271
4 2 6 2 271
4 2 2 4 271
2 4 2 6 271
2 4 4 6 271
4 2 6 4 271
4 2 6 6 271
4 2 6 8 271
2 2 0 8 271
4 2 0 0 272
2 4 0 2 272
4 2 4 0 272
2 4 0 6 272
2 4 2 2 272
2 4 2 6 272
2 4 4 2 272
2 4 4 6 272
4 2 6 2 272
4 2 6 4 272
4 2 6 6 272
4 2 6 8 272
2 2 8 0 272
2 4 0 0 273
4 2 2 0 273
2 4 0 4 273
4 2 6 0 273
4 2 2 2 273
4 2 6 2 273
2 4 2 4 273
2 4 4 4 273
4 2 0 8 273
4 2 6 4 273
4 2 6 6 273
4 2 4 8 273
2 2 8 8 273
2 4 0 0 274
4 2 2 0 274
2 4 0 4 274
2 4 2 2 274
4 2 6 0 274
4 2 4 2 274
2 4 2 6 274
4 2 4 4 274
2 4 8 2 274
2 4 4 6 274
4 2 6 6 274
4 2 6 8 274
2 2 0 8 274
2 4 0 0 275
4 2 2 0 275
2 4 0 4 275
4 2 6 0 275
4 2 2 2 275
4 2 6 2 275
2 4 2 4 275
2 4 4 4 275
2 4 6 4 275
2 4 8 4 275
4 2 0 8 275
4 2 4 8 275
2 2 8 8 275
2 4 0 0 276
2 4 0 4 276
2 4 2 0 276
2 4 2 4 276
4 2 0 8 276
2 4 4 0 276
4 2 6 0 276
2 4 4 4 276
4 2 6 2 276
2 4 6 4 276
4 2 4 8 276
2 4 8 4 276
2 2 8 8 276
4 2 0 0 277
4 2 4 0 277
2 4 0 2 277
2 4 0 6 277
4 2 2 2 277
2 4 2 4 277
2 4 4 4 277
2 4 6 2 277
2 4 8 0 277
2 4 6 6 277
4 2 2 8 277
2 3 8 4 277
2 3 8 7 277
4 2 0 0 278
4 2 4 0 278
4 2 0 2 278
4 2 0 4 278
4 2 0 6 278
3 2 0 8 278
3 2 4 2 278
3 2 7 2 278
3 2 4 4 278
3 2 7 4 278
3 2 4 6 278
3 2 3 8 278
2 3 7 6 278
1 4 9 6 278
2 2 8 0 278
1 2 6 8 278
2 1 7 9 278
3 2 0 0 279
3 2 3 0 279
2 3 0 2 279
3 2 6 0 279
2 3 0 5 279
3 2 2 2 279
2 3 2 4 279
2 3 2 7 279
3 2 5 2 279
2 3 4 4 279
2 3 4 7 279
2 3 6 4 279
3 2 6 7 279
2 3 8 2 279
2 2 0 8 279
2 2 8 5 279
1 2 9 0 279
1 2 9 7 279
2 1 6 9 279
2 1 8 9 279
3 2 0 0 280
2 3 0 2 280
2 3 0 5 280
3 2 3 0 280
3 2 6 0 280
3 2 2 2 280
3 2 5 2 280
3 2 2 4 280
2 3 2 6 280
3 2 5 4 280
3 2 4 6 280
2 3 8 2 280
3 2 4 8 280
2 3 7 6 280
1 4 9 6 280
2 2 0 8 280
1 2 9 0 280
2 1 2 9 280
2 1 8 5 280
2 1 7 9 280
2 3 0 0 281
2 3 0 3 281
3 2 2 0 281
3 2 5 0 281
2 3 0 6 281
3 2 2 2 281
3 2 5 2 281
3 2 2 4 281
2 3 8 0 281
3 2 2 6 281
2 3 5 4 281
2 3 5 7 281
3 2 2 8 281
2 3 7 4 281
3 2 7 7 281
1 2 9 4 281
2 1 0 9 281
2 1 8 3 281
2 1 7 9 281
3 2 0 0 282
3 2 3 0 282
2 3 0 2 282
2 3 0 5 282
2 3 2 2 282
3 2 6 0 282
2 3 2 5 282
3 2 0 8 282
3 2 4 2 282
3 2 7 2 282
2 3 4 4 282
3 2 6 4 282
3 2 6 6 282
2 3 4 7 282
3 2 6 8 282
1 5 9 4 282
1 2 9 0 282
1 2 3 8 282
2 3 0 0 283
2 3 0 3 283
2 3 0 6 283
3 2 2 0 283
2 3 2 2 283
2 3 2 5 283
2 3 4 2 283
3 2 5 0 283
2 3 6 2 283
3 2 4 5 283
3 2 4 7 283
2 3 8 0 283
2 3 7 5 283
3 2 7 8 283
2 2 2 8 283
2 2 8 3 283
1 2 9 5 283
2 1 0 9 283
2 1 4 9 283
2 3 0 0 284
3 2 2 0 284
2 3 0 3 284
3 2 5 0 284
3 2 2 2 284
2 3 0 6 284
2 3 2 4 284
3 2 5 2 284
2 3 2 7 284
3 2 4 4 284
2 3 8 0 284
2 3 4 6 284
3 2 7 4 284
2 3 6 6 284
2 3 8 6 284
5 1 4 9 284
2 1 0 9 284
2 1 8 3 284
3 2 0 0 285
3 2 3 0 285
3 2 6 0 285
2 3 0 2 285
3 2 2 2 285
2 3 0 5 285
3 2 5 2 285
3 2 2 4 285
2 3 2 6 285
2 3 5 4 285
2 3 5 7 285
3 2 7 4 285
3 2 7 6 285
3 2 7 8 285
1 4 4 6 285
2 2 0 8 285
2 2 8 2 285
1 2 9 0 285
2 1 2 9 285
2 3 0 0 286
3 2 2 0 286
3 2 5 0 286
2 3 0 3 286
2 3 0 6 286
3 2 2 2 286
3 2 5 2 286
2 3 8 0 286
2 3 2 4 286
3 2 4 4 286
2 3 2 7 286
2 3 4 6 286
3 2 7 4 286
2 3 6 6 286
2 3 8 6 286
5 1 4 9 286
2 1 0 9 286
2 1 8 3 286
3 2 0 0 287
2 3 0 2 287
3 2 3 0 287
2 3 0 5 287
2 3 2 2 287
2 3 2 5 287
2 3 4 2 287
3 2 0 8 287
3 2 6 0 287
3 2 6 2 287
2 3 4 5 287
3 2 3 8 287
2 3 6 5 287
2 3 8 5 287
3 2 6 8 287
1 5 9 0 287
1 2 9 8 287
2 1 6 4 287
3 2 0 0 288
3 2 3 0 288
2 3 0 2 288
3 2 6 0 288
3 2 2 2 288
2 3 0 5 288
3 2 5 2 288
2 3 2 4 288
2 3 2 7 288
3 2 4 4 288
3 2 7 4 288
3 2 4 6 288
2 3 7 6 288
3 2 4 8 288
1 4 9 6 288
2 2 0 8 288
2 2 8 2 288
1 2 9 0 288
2 1 7 9 288
2 3 0 0 289
2 3 0 3 289
3 2 2 0 289
2 3 0 6 289
2 3 2 2 289
3 2 5 0 289
3 2 4 2 289
2 3 2 5 289
2 3 4 4 289
2 3 4 7 289
2 3 6 4 289
2 3 8 4 289
3 2 7 2 289
3 2 6 7 289
2 2 8 0 289
2 2 2 8 289
1 2 9 7 289
2 1 0 9 289
2 1 6 9 289
2 1 8 9 289
3 2 0 0 290
3 2 3 0 290
2 3 0 2 290
2 3 0 5 290
2 3 2 2 290
2 3 2 5 290
2 3 4 2 290
2 3 6 0 290
3 2 0 8 290
3 2 4 5 290
2 3 4 7 290
2 3 8 0 290
2 3 7 5 290
3 2 7 8 290
3 2 6 3 290
1 5 9 3 290
1 2 3 8 290
1 2 6 7 290
2 3 0 0 291
2 3 0 3 291
3 2 2 0 291
2 3 0 6 291
2 3 2 2 291
3 2 5 0 291
2 3 2 5 291
2 3 4 2 291
3 2 6 2 291
2 3 4 5 291
2 3 6 5 291
3 2 2 8 291
3 2 5 8 291
2 3 8 5 291
2 2 8 0 291
2 2 8 8 291
1 2 9 2 291
2 1 0 9 291
2 1 6 4 291
2 1 8 4 291
3 2 0 0 292
3 2 3 0 292
3 2 6 0 292
3 2 0 2 292
2 3 0 4 292
3 2 0 7 292
3 2 3 2 292
3 2 6 2 292
2 3 3 4 292
3 2 5 4 292
3 2 5 6 292
2 3 3 7 292
3 2 5 8 292
2 3 8 4 292
2 3 8 7 292
1 4 9 0 292
1 2 2 4 292
2 1 0 9 292
2 3 0 0 293
3 2 2 0 293
3 2 5 0 293
3 2 2 2 293
2 3 0 3 293
2 3 0 6 293
2 3 2 4 293
3 2 5 2 293
3 2 4 4 293
3 2 7 4 293
2 3 2 7 293
3 2 4 6 293
2 3 8 0 293
3 2 4 8 293
3 2 7 6 293
3 2 7 8 293
2 1 0 9 293
2 1 8 3 293
2 3 0 0 294
2 3 0 3 294
2 3 0 6 294
3 2 2 0 294
2 3 2 2 294
3 2 5 0 294
2 3 2 5 294
3 2 4 2 294
2 3 4 4 294
2 3 4 7 294
2 3 6 4 294
3 2 7 2 294
2 3 8 4 294
2 3 6 7 294
2 3 8 7 294
2 2 8 0 294
2 2 2 8 294
2 1 0 9 294
3 2 0 0 295
2 3 0 2 295
3 2 3 0 295
3 2 6 0 295
3 2 2 2 295
5 1 5 2 295
5 1 5 3 295
5 1 2 4 295
5 1 0 5 295
5 1 0 6 295
5 1 0 7 295
5 1 0 8 295
5 1 0 9 295
5 1 5 5 295
5 1 5 6 295
5 1 5 7 295
5 1 5 8 295
5 1 5 9 295
1 2 9 0 295
2 1 7 4 295
5 1 0 0 296
5 1 5 0 296
5 1 0 1 296
5 1 5 1 296
5 1 0 2 296
5 1 5 2 296
5 1 0 3 296
5 1 5 3 296
5 1 0 4 296
5 1 0 5 296
5 1 0 6 296
5 1 0 7 296
5 1 0 8 296
5 1 0 9 296
5 1 5 4 296
5 1 5 5 296
5 1 5 6 296
5 1 5 7 296
5 1 5 8 296
5 1 5 9 296
5 1 0 0 297
5 1 5 0 297
5 1 0 1 297
5 1 5 1 297
5 1 0 2 297
5 1 5 2 297
5 1 0 3 297
5 1 5 3 297
5 1 0 4 297
5 1 0 5 297
5 1 0 6 297
5 1 0 7 297
5 1 0 8 297
5 1 0 9 297
5 1 5 4 297
5 1 5 5 297
5 1 5 6 297
5 1 5 7 297
5 1 5 8 297
5 1 5 9 297
5 1 0 0 298
5 1 5 0 298
5 1 0 1 298
5 1 5 1 298
5 1 0 2 298
5 1 5 2 298
5 1 0 3 298
5 1 5 3 298
5 1 0 4 298
5 1 0 5 298
5 1 0 6 298
5 1 0 7 298
5 1 0 8 298
5 1 0 9 298
5 1 5 4 298
5 1 5 5 298
5 1 5 6 298
5 1 5 7 298
5 1 5 8 298
5 1 5 9 298
5 1 0 0 299
5 1 5 0 299
5 1 0 1 299
5 1 5 1 299
5 1 0 2 299
5 1 5 2 299
5 1 0 3 299
5 1 5 3 299
5 1 0 4 299
5 1 0 5 299
5 1 0 6 299
5 1 0 7 299
5 1 0 8 299
5 1 0 9 299
5 1 5 4 299
5 1 5 5 299
5 1 5 6 299
5 1 5 7 299
5 1 5 8 299
5 1 5 9 299
1 5 0 0 300
1 5 0 5 300
1 5 1 0 300
1 5 1 5 300
1 5 2 0 300
1 5 2 5 300
1 5 3 0 300
5 1 4 0 300
5 1 4 1 300
5 1 4 2 300
1 5 3 5 300
5 1 4 3 300
1 5 4 4 300
5 1 5 4 300
5 1 5 5 300
5 1 5 6 300
5 1 5 7 300
5 1 5 8 300
5 1 4 9 300
1 4 9 0 300
1 5 0 0 301
1 5 0 5 301
1 5 1 0 301
5 1 2 0 301
1 5 1 5 301
1 5 2 1 301
5 1 3 1 301
1 5 3 2 301
1 5 4 2 301
5 1 5 2 301
1 5 5 3 301
1 5 6 3 301
1 5 7 3 301
1 5 8 3 301
5 1 5 8 301
5 1 5 9 301
1 5 9 3 301
1 4 2 6 301
2 2 3 7 301
2 1 8 1 301
2 1 3 9 301
2 1 7 0 301
5 1 0 0 302
5 1 5 0 302
1 5 0 1 302
1 5 1 1 302
5 1 2 1 302
5 1 2 2 302
1 5 2 3 302
1 5 3 3 302
5 1 4 3 302
1 5 4 4 302
1 5 5 4 302
1 5 6 4 302
1 5 7 4 302
1 5 8 4 302
1 5 9 3 302
5 1 4 9 302
1 4 0 6 302
1 4 1 6 302
2 2 2 8 302
2 2 7 1 302
1 2 9 8 302
1 2 9 1 302
5 1 0 0 303
5 1 5 0 303
5 1 0 1 303
1 5 0 2 303
5 1 5 1 303
5 1 1 2 303
5 1 1 3 303
1 5 1 4 303
1 5 2 4 303
1 5 3 4 303
5 1 4 4 303
5 1 4 5 303
5 1 4 6 303
5 1 4 7 303
5 1 4 8 303
1 5 9 4 303
5 1 1 9 303
4 1 6 9 303
4 1 6 2 303
4 1 6 3 303
1 2 0 7 303
1 5 0 0 304
1 5 0 5 304
5 1 1 0 304
1 5 1 1 304
5 1 2 1 304
1 5 2 2 304
1 5 3 2 304
1 5 4 2 304
1 5 5 2 304
1 5 6 2 304
5 1 2 7 304
1 5 7 1 304
5 1 2 8 304
1 5 8 1 304
1 5 9 1 304
5 1 2 9 304
4 1 6 0 304
1 4 1 6 304
1 4 7 6 304
1 4 8 6 304
1 4 9 6 304
1 5 0 0 305
1 5 0 5 305
5 1 1 0 305
1 5 1 1 305
5 1 2 1 305
5 1 2 2 305
1 5 2 3 305
1 5 3 3 305
5 1 4 3 305
5 1 4 4 305
5 1 4 5 305
5 1 4 6 305
5 1 4 7 305
5 1 2 8 305
1 5 9 3 305
5 1 2 9 305
4 1 6 0 305
1 4 1 6 305
2 2 7 1 305
2 2 7 8 305
1 2 9 1 305
1 2 9 8 305
1 5 0 0 306
5 1 1 0 306
1 5 0 5 306
1 5 1 1 306
1 5 2 1 306
5 1 3 1 306
1 5 3 2 306
1 5 4 2 306
5 1 5 2 306
1 5 5 3 306
1 5 6 3 306
1 5 7 3 306
1 5 8 3 306
5 1 5 8 306
1 5 9 3 306
5 1 5 9 306
4 1 6 0 306
1 4 1 6 306
1 4 2 6 306
2 2 3 7 306
2 1 8 1 306
2 1 3 9 306
5 1 0 0 307
5 1 5 0 307
5 1 0 1 307
5 1 5 1 307
5 1 0 2 307
5 1 5 2 307
5 1 0 3 307
5 1 5 3 307
1 5 0 4 307
5 1 1 4 307
5 1 1 5 307
1 5 6 4 307
5 1 1 6 307
1 5 7 4 307
5 1 1 7 307
5 1 1 8 307
1 5 8 4 307
1 5 9 4 307
5 1 0 9 307
5 1 5 9 307
1 5 0 0 308
1 5 0 5 308
1 5 1 0 308
1 5 1 5 308
1 5 2 0 308
1 5 2 5 308
1 5 3 0 308
1 5 3 5 308
5 1 4 0 308
5 1 4 1 308
1 5 4 2 308
1 5 5 2 308
1 5 6 2 308
1 5 7 2 308
1 5 8 2 308
1 5 9 0 308
5 1 4 7 308
5 1 4 8 308
5 1 4 9 308
1 5 9 5 308
5 1 0 0 309
5 1 5 0 309
5 1 0 1 309
1 5 0 2 309
1 5 1 2 309
5 1 5 1 309
5 1 2 2 309
1 5 2 3 309
5 1 3 3 309
1 5 3 4 309
1 5 4 4 309
5 1 5 4 309
5 1 5 5 309
5 1 5 6 309
5 1 5 7 309
5 1 5 8 309
5 1 3 9 309
2 2 0 7 309
1 2 2 8 309
2 1 8 3 309
2 1 8 9 309
2 1 0 9 309
2 1 7 2 309
1 5 0 0 310
1 5 0 5 310
1 5 1 0 310
1 5 1 5 310
1 5 2 0 310
1 5 2 5 310
1 5 3 0 310
1 5 3 5 310
5 1 4 0 310
1 5 4 1 310
1 5 5 1 310
1 5 6 1 310
5 1 4 6 310
5 1 4 7 310
1 5 7 1 310
5 1 4 8 310
5 1 4 9 310
1 5 8 1 310
1 5 9 0 310
1 5 9 5 310
5 1 0 0 311
1 5 0 1 311
1 5 1 1 311
5 1 5 0 311
5 1 2 1 311
5 1 2 2 311
5 1 2 3 311
1 5 2 4 311
5 1 3 4 311
5 1 3 5 311
5 1 3 6 311
5 1 3 7 311
1 5 8 4 311
1 5 9 4 311
5 1 3 8 311
5 1 2 9 311
1 4 0 6 311
1 4 1 6 311
2 2 7 1 311
1 2 9 1 311
2 1 7 9 311
2 1 7 3 311
1 5 0 0 312
1 5 0 5 312
1 5 1 0 312
1 5 1 5 312
5 1 2 0 312
5 1 2 1 312
1 5 2 2 312
5 1 3 2 312
1 5 3 3 312
5 1 4 3 312
1 5 4 4 312
5 1 5 4 312
1 5 5 5 312
1 5 6 5 312
1 5 7 5 312
1 5 8 5 312
1 5 9 5 312
2 2 7 0 312
1 2 3 8 312
1 2 9 0 312
1 2 2 7 312
2 1 8 2 312
5 1 0 0 313
5 1 5 0 313
5 1 0 1 313
5 1 5 1 313
5 1 0 2 313
5 1 5 2 313
1 5 0 3 313
1 5 1 3 313
1 5 2 3 313
5 1 3 3 313
1 5 3 4 313
1 5 4 4 313
5 1 5 4 313
5 1 5 5 313
5 1 5 6 313
5 1 5 7 313
5 1 5 8 313
5 1 3 9 313
2 2 0 8 313
1 2 2 8 313
2 1 8 3 313
2 1 8 9 313
1 5 0 0 314
1 5 0 5 314
1 5 1 0 314
1 5 1 5 314
1 5 2 0 314
1 5 2 5 314
1 5 3 0 314
1 5 3 5 314
1 5 4 0 314
5 1 5 0 314
5 1 5 1 314
5 1 5 2 314
5 1 5 3 314
1 5 4 5 314
1 5 5 4 314
1 5 6 4 314
1 5 7 4 314
1 5 8 4 314
1 5 9 4 314
5 1 5 9 314
5 1 0 0 315
5 1 5 0 315
1 5 0 1 315
5 1 1 1 315
5 1 1 2 315
1 5 1 3 315
5 1 2 3 315
5 1 2 4 315
1 5 2 5 315
1 5 3 5 315
5 1 4 5 315
5 1 4 6 315
5 1 4 7 315
5 1 4 8 315
1 5 9 5 315
5 1 4 9 315
4 1 6 1 315
4 1 6 2 315
1 4 0 6 315
2 2 7 3 315
1 2 1 8 315
1 2 9 3 315
1 5 0 0 316
1 5 0 5 316
1 5 1 0 316
1 5 1 5 316
5 1 2 0 316
5 1 2 1 316
1 5 2 2 316
5 1 3 2 316
5 1 3 3 316
5 1 3 4 316
1 5 3 5 316
1 5 4 5 316
1 5 5 5 316
1 5 6 5 316
1 5 7 5 316
1 5 8 2 316
1 5 9 2 316
2 2 7 0 316
2 2 8 7 316
1 2 9 0 316
1 2 2 7 316
2 1 8 9 316
5 1 0 0 317
5 1 5 0 317
1 5 0 1 317
5 1 1 1 317
5 1 1 2 317
5 1 1 3 317
1 5 1 4 317
1 5 2 4 317
5 1 3 4 317
1 5 3 5 317
5 1 4 5 317
5 1 4 6 317
5 1 4 7 317
4 1 6 1 317
4 1 6 2 317
4 1 6 3 317
4 1 4 8 317
4 1 4 9 317
1 4 0 6 317
2 2 8 8 317
1 2 9 5 317
2 1 1 9 317
2 1 8 4 317
1 5 0 0 318
4 1 1 0 318
1 4 0 5 318
1 4 1 1 318
1 4 1 5 318
1 4 2 1 318
1 4 2 5 318
1 4 3 1 318
1 4 3 5 318
4 1 0 9 318
4 1 5 0 318
4 1 4 1 318
4 1 4 2 318
1 4 4 3 318
4 1 5 3 318
1 4 5 4 318
1 4 6 4 318
2 2 8 1 318
1 4 7 4 318
2 2 5 8 318
2 2 8 4 318
1 4 8 6 318
1 4 9 6 318
1 2 7 8 318
1 2 4 7 318
2 2 0 0 319
2 2 0 2 319
2 2 0 4 319
2 2 0 6 319
4 1 2 0 319
2 2 0 8 319
1 4 2 1 319
4 1 6 0 319
4 1 3 1 319
2 2 3 2 319
2 2 5 2 319
4 1 3 4 319
2 2 7 1 319
2 2 7 3 319
2 2 2 5 319
2 2 2 7 319
2 2 4 5 319
2 2 4 7 319
2 2 6 5 319
2 2 8 5 319
2 2 6 7 319
2 2 8 7 319
4 1 2 9 319
1 4 9 1 319
4 1 6 9 319
2 2 0 0 320
1 4 0 2 320
2 2 0 6 320
2 2 0 8 320
4 1 2 0 320
1 4 1 2 320
2 2 2 1 320
2 2 4 1 320
1 4 2 3 320
2 2 6 0 320
2 2 8 0 320
2 2 3 3 320
1 4 3 5 320
2 2 5 3 320
2 2 7 3 320
1 4 4 5 320
2 2 5 5 320
2 2 5 7 320
2 2 7 5 320
2 2 7 7 320
4 1 6 2 320
1 4 9 3 320
4 1 3 9 320
1 2 2 7 320
1 2 9 7 320
2 1 7 9 320
2 2 0 0 321
2 2 0 2 321
2 2 0 4 321
2 2 0 6 321
2 2 0 8 321
2 2 2 0 321
2 2 4 0 321
1 4 2 2 321
2 2 6 0 321
2 2 8 0 321
2 2 3 2 321
1 4 2 6 321
2 2 5 2 321
2 2 7 2 321
4 1 3 4 321
4 1 3 5 321
4 1 3 6 321
1 4 7 4 321
2 2 3 7 321
2 2 5 7 321
1 4 8 4 321
2 2 7 8 321
1 4 9 2 321
4 1 3 9 321
1 4 9 6 321
4 1 0 0 322
2 2 0 1 322
2 2 0 3 322
2 2 0 5 322
1 4 2 1 322
1 4 2 5 322
2 2 0 7 322
2 2 3 1 322
1 4 3 3 322
2 2 5 1 322
2 2 7 1 322
1 4 4 3 322
1 4 5 3 322
2 2 3 7 322
2 2 6 3 322
2 2 8 3 322
2 2 6 5 322
4 1 0 9 322
2 2 8 5 322
2 2 5 7 322
2 2 7 7 322
4 1 4 9 322
4 1 4 0 322
1 2 9 1 322
1 2 9 7 322
2 1 8 0 322
2 1 8 9 322
1 4 0 0 323
2 2 1 0 323
2 2 3 0 323
2 2 5 0 323
2 2 7 0 323
1 4 0 4 323
2 2 1 2 323
2 2 1 4 323
1 4 1 6 323
1 4 2 6 323
2 2 3 2 323
1 4 3 4 323
2 2 5 2 323
2 2 7 2 323
4 1 4 4 323
2 2 4 5 323
2 2 4 7 323
1 4 9 0 323
2 2 6 5 323
2 2 8 4 323
4 1 6 7 323
2 2 6 8 323
2 2 8 8 323
1 2 0 8 323
1 2 3 8 323
2 1 4 9 323
2 1 8 6 323
1 4 0 0 324
1 4 0 4 324
4 1 1 0 324
1 4 1 1 324
1 4 1 5 324
1 4 2 1 324
2 2 3 1 324
2 2 5 0 324
2 2 7 0 324
2 2 3 3 324
1 4 2 5 324
1 4 3 5 324
1 4 4 5 324
2 2 5 3 324
2 2 7 3 324
1 4 9 0 324
1 4 5 5 324
1 4 6 5 324
2 2 7 5 324
2 2 7 7 324
1 4 9 4 324
4 1 5 2 324
4 1 1 9 324
4 1 5 9 324
1 2 0 8 324
1 2 9 8 324
2 2 0 0 325
2 2 0 2 325
2 2 0 4 325
2 2 0 6 325
2 2 0 8 325
2 2 2 0 325
2 2 4 0 325
2 2 6 0 325
1 4 2 2 325
2 2 8 0 325
2 2 3 2 325
2 2 5 2 325
2 2 7 2 325
1 4 2 6 325
4 1 3 4 325
2 2 3 5 325
2 2 3 7 325
2 2 5 5 325
2 2 5 7 325
1 4 7 4 325
2 2 8 4 325
1 4 8 6 325
4 1 3 9 325
1 4 9 6 325
1 2 9 2 325
1 2 7 8 325
2 2 0 0 326
2 2 0 2 326
2 2 0 4 326
2 2 0 6 326
4 1 2 0 326
1 4 2 1 326
2 2 0 8 326
2 2 3 1 326
2 2 5 1 326
2 2 7 1 326
1 4 2 5 326
2 2 3 3 326
2 2 3 5 326
2 2 3 7 326
2 2 5 3 326
2 2 7 3 326
4 1 6 0 326
2 2 5 5 326
2 2 5 7 326
2 2 7 5 326
1 4 9 1 326
4 1 2 9 326
2 2 7 7 326
1 4 9 5 326
4 1 6 9 326
1 4 0 0 327
4 1 1 0 327
2 2 1 1 327
2 2 1 3 327
2 2 1 5 327
4 1 5 0 327
2 2 1 7 327
2 2 3 1 327
1 4 0 4 327
2 2 5 1 327
1 4 3 3 327
2 2 7 1 327
2 2 4 3 327
2 2 6 3 327
1 4 4 5 327
2 2 8 3 327
2 2 5 5 327
1 4 7 5 327
2 2 5 7 327
1 4 8 5 327
4 1 4 9 327
1 4 9 5 327
1 2 0 8 327
1 2 3 7 327
1 2 9 0 327
2 1 8 9 327
2 1 1 9 327
2 2 0 0 328
2 2 0 2 328
4 1 2 0 328
2 2 0 4 328
1 4 0 6 328
2 2 2 1 328
2 2 4 1 328
1 4 1 6 328
2 2 6 0 328
2 2 8 0 328
2 2 2 3 328
1 4 2 5 328
2 2 4 3 328
2 2 6 2 328
2 2 8 2 328
2 2 3 5 328
2 2 3 7 328
2 2 5 5 328
2 2 5 7 328
1 4 7 5 328
2 2 8 5 328
2 2 8 7 328
4 1 6 4 328
4 1 2 9 328
4 1 6 9 328
1 4 0 0 329
2 2 1 0 329
1 4 0 4 329
2 2 3 0 329
1 4 1 2 329
1 4 1 6 329
1 4 2 2 329
2 2 5 0 329
2 2 7 0 329
2 2 3 2 329
2 2 5 2 329
2 2 7 2 329
2 2 3 4 329
2 2 2 6 329
2 2 2 8 329
1 4 9 0 329
2 2 5 4 329
2 2 7 4 329
1 4 4 6 329
2 2 5 6 329
2 2 5 8 329
1 4 7 6 329
1 4 8 6 329
1 4 9 4 329
1 2 0 8 329
1 2 9 8 329
4 1 0 0 330
2 2 0 1 330
2 2 0 3 330
2 2 0 5 330
1 4 2 1 330
1 4 2 5 330
1 4 3 1 330
2 2 0 7 330
2 2 4 0 330
1 4 3 5 330
1 4 4 2 330
2 2 6 0 330
1 4 4 6 330
2 2 8 0 330
1 4 5 2 330
4 1 0 9 330
4 1 6 2 330
1 4 5 6 330
1 4 6 3 330
2 2 7 3 330
2 2 7 5 330
2 2 6 7 330
2 2 8 7 330
1 4 9 3 330
4 1 6 9 330
2 2 0 0 331
2 2 0 2 331
2 2 0 4 331
2 2 0 6 331
2 2 0 8 331
2 2 2 0 331
2 2 4 0 331
1 4 2 2 331
4 1 6 0 331
2 2 3 2 331
2 2 5 2 331
2 2 7 2 331
4 1 6 1 331
4 1 3 4 331
1 4 2 6 331
2 2 3 5 331
2 2 3 7 331
2 2 5 5 331
1 4 7 4 331
2 2 5 7 331
2 2 8 4 331
2 2 8 6 331
2 2 7 8 331
4 1 3 9 331
1 2 9 2 331
1 2 9 8 331
4 1 0 0 332
4 1 4 0 332
2 2 0 1 332
1 4 0 3 332
2 2 0 7 332
2 2 2 1 332
1 4 1 3 332
1 4 2 3 332
1 4 3 3 332
4 1 4 1 332
2 2 8 0 332
2 2 2 7 332
2 2 4 2 332
4 1 0 9 332
4 1 6 2 332
4 1 6 3 332
1 4 4 4 332
1 4 5 4 332
2 2 4 8 332
2 2 6 4 332
1 4 6 6 332
2 2 8 4 332
2 2 7 6 332
2 2 7 8 332
1 4 9 6 332
4 1 0 0 333
4 1 4 0 333
2 2 0 1 333
2 2 0 3 333
4 1 2 1 333
1 4 0 5 333
2 2 2 2 333
2 2 2 4 333
4 1 6 1 333
2 2 2 6 333
1 4 1 5 333
2 2 2 8 333
2 2 4 2 333
2 2 6 2 333
1 4 4 4 333
2 2 8 2 333
2 2 5 4 333
2 2 7 4 333
2 2 5 6 333
1 4 7 6 333
2 2 4 8 333
1 4 8 6 333
1 4 9 4 333
1 2 6 8 333
1 2 9 8 333
2 1 8 0 333
2 1 0 9 333
2 2 0 0 334
2 2 0 2 334
2 2 0 4 334
2 2 0 6 334
4 1 2 0 334
2 2 0 8 334
4 1 6 0 334
2 2 2 1 334
1 4 2 3 334
2 2 4 1 334
2 2 6 1 334
2 2 8 1 334
2 2 3 3 334
1 4 3 5 334
1 4 4 5 334
2 2 5 3 334
1 4 5 5 334
2 2 7 3 334
4 1 6 5 334
1 4 6 6 334
1 4 7 6 334
2 2 8 6 334
2 2 8 8 334
1 2 9 3 334
1 2 2 7 334
2 1 2 9 334
2 1 4 9 334
4 1 0 0 335
2 2 0 1 335
2 2 0 3 335
2 2 0 5 335
4 1 4 0 335
1 4 2 1 335
4 1 3 1 335
2 2 0 7 335
2 2 3 2 335
2 2 5 2 335
1 4 2 5 335
2 2 7 1 335
1 4 3 4 335
4 1 4 4 335
2 2 4 5 335
1 4 6 5 335
1 4 7 5 335
2 2 4 7 335
4 1 4 9 335
2 2 8 4 335
2 2 8 6 335
2 2 8 8 335
1 2 3 8 335
1 2 9 1 335
2 1 8 0 335
2 1 0 9 335
2 1 7 3 335
1 4 0 0 336
2 2 1 0 336
4 1 3 0 336
4 1 3 1 336
1 4 0 4 336
2 2 7 0 336
2 2 1 2 336
2 2 1 4 336
1 4 1 6 336
1 4 2 6 336
2 2 3 2 336
2 2 5 2 336
2 2 7 2 336
2 2 3 4 336
2 2 3 6 336
4 1 5 4 336
1 4 9 0 336
4 1 5 5 336
1 4 5 6 336
2 2 3 8 336
2 2 6 6 336
2 2 6 8 336
2 2 8 6 336
2 2 8 8 336
1 2 0 8 336
1 2 9 4 336
4 1 0 0 337
1 4 0 1 337
1 4 0 5 337
2 2 1 1 337
2 2 1 3 337
2 2 1 5 337
2 2 1 7 337
2 2 3 1 337
2 2 5 1 337
1 4 3 3 337
1 4 4 3 337
1 4 5 3 337
1 4 6 3 337
1 4 7 1 337
2 2 8 1 337
1 4 7 5 337
4 1 4 0 337
2 2 3 7 337
4 1 0 9 337
2 2 5 7 337
1 4 8 3 337
2 2 8 7 337
1 4 9 3 337
4 1 4 9 337
2 1 8 0 337
2 1 8 9 337
4 1 0 0 338
2 2 0 1 338
2 2 0 3 338
1 4 0 5 338
2 2 2 1 338
2 2 4 0 338
2 2 6 0 338
2 2 8 0 338
2 2 2 3 338
1 4 1 5 338
2 2 2 5 338
1 4 4 2 338
1 4 4 6 338
1 4 5 2 338
2 2 2 7 338
2 2 6 2 338
2 2 8 2 338
1 4 5 6 338
2 2 6 4 338
4 1 0 9 338
1 4 6 6 338
2 2 8 4 338
2 2 7 6 338
2 2 7 8 338
1 4 9 6 338
4 1 0 0 339
4 1 4 0 339
2 2 0 1 339
2 2 0 3 339
2 2 0 5 339
2 2 0 7 339
2 2 2 1 339
2 2 4 1 339
4 1 6 1 339
2 2 2 3 339
4 1 6 2 339
1 4 2 5 339
1 4 3 5 339
1 4 4 3 339
2 2 5 3 339
2 2 7 3 339
2 2 5 5 339
4 1 0 9 339
1 4 7 5 339
1 4 8 5 339
2 2 4 7 339
1 4 9 3 339
1 2 6 7 339
1 2 9 7 339
2 1 8 0 339
2 1 4 9 339
2 1 6 9 339
2 1 8 9 339
2 2 0 0 340
2 2 0 2 340
2 2 0 4 340
2 2 0 6 340
2 2 0 8 340
1 4 2 0 340
4 1 3 0 340
1 4 2 4 340
2 2 3 1 340
2 2 5 1 340
2 2 7 0 340
2 2 3 3 340
2 2 3 5 340
2 2 3 7 340
2 2 5 3 340
2 2 7 3 340
4 1 5 5 340
2 2 5 6 340
1 4 9 0 340
1 4 7 6 340
1 4 8 6 340
2 2 5 8 340
1 4 9 4 340
1 2 2 8 340
1 2 9 8 340
2 1 7 2 340
2 1 3 9 340
4 1 0 0 341
2 2 0 1 341
2 2 0 3 341
2 2 0 5 341
2 2 0 7 341
2 2 2 1 341
2 2 4 0 341
2 2 6 0 341
2 2 8 0 341
2 2 2 3 341
2 2 2 5 341
4 1 4 2 341
2 2 2 7 341
2 2 4 3 341
2 2 6 3 341
2 2 8 2 341
2 2 4 5 341
2 2 4 7 341
2 2 6 5 341
2 2 8 4 341
2 2 6 7 341
2 2 8 6 341
2 2 8 8 341
4 1 0 9 341
4 1 4 9 341
1 4 0 0 342
1 4 0 4 342
2 2 1 0 342
2 2 3 0 342
2 2 5 0 342
2 2 7 0 342
1 4 1 2 342
2 2 2 2 342
2 2 2 4 342
2 2 1 6 342
2 2 0 8 342
2 2 2 8 342
2 2 4 2 342
1 4 4 4 342
1 4 5 4 342
1 4 6 2 342
1 4 7 2 342
1 4 8 2 342
2 2 4 8 342
2 2 6 6 342
1 4 9 0 342
2 2 6 8 342
2 2 8 6 342
2 2 8 8 342
1 2 3 6 342
1 2 9 4 342
4 1 0 0 343
4 1 4 0 343
4 1 0 1 343
4 1 4 1 343
2 2 8 0 343
2 2 0 2 343
2 2 0 4 343
2 2 0 6 343
2 2 0 8 343
4 1 2 2 343
2 2 2 3 343
1 4 2 5 343
2 2 4 3 343
4 1 6 2 343
2 2 6 3 343
1 4 3 5 343
2 2 8 3 343
2 2 4 5 343
2 2 4 7 343
2 2 6 5 343
2 2 8 5 343
2 2 6 7 343
2 2 8 7 343
4 1 2 9 343
4 1 6 9 343
1 4 0 0 344
2 2 1 0 344
2 2 3 0 344
1 4 0 4 344
1 4 1 2 344
2 2 5 0 344
1 4 1 6 344
2 2 7 0 344
2 2 2 2 344
2 2 2 4 344
1 4 2 6 344
2 2 4 2 344
2 2 6 2 344
2 2 8 2 344
1 4 3 6 344
2 2 4 4 344
1 4 4 6 344
4 1 6 4 344
2 2 6 5 344
1 4 5 6 344
4 1 6 7 344
4 1 6 8 344
2 2 8 5 344
4 1 6 9 344
1 2 0 8 344
1 2 9 0 344
1 4 0 0 345
2 2 1 0 345
2 2 3 0 345
2 2 5 0 345
2 2 7 0 345
4 1 1 2 345
2 2 1 3 345
4 1 5 2 345
2 2 1 5 345
1 4 0 4 345
1 4 3 3 345
2 2 1 7 345
1 4 4 3 345
4 1 5 3 345
2 2 3 7 345
1 4 9 0 345
2 2 5 4 345
4 1 1 9 345
2 2 7 4 345
2 2 5 6 345
2 2 5 8 345
2 2 7 6 345
1 4 9 4 345
2 2 7 8 345
1 2 0 8 345
1 2 9 8 345
4 1 0 0 346
4 1 4 0 346
1 4 0 1 346
1 4 0 5 346
2 2 1 1 346
2 2 1 3 346
1 4 1 5 346
4 1 3 1 346
2 2 3 2 346
2 2 5 2 346
2 2 7 1 346
2 2 3 4 346
2 2 3 6 346
1 4 2 5 346
4 1 5 4 346
2 2 3 8 346
4 1 5 5 346
1 4 9 1 346
1 4 5 6 346
2 2 6 6 346
1 4 8 6 346
1 4 9 5 346
2 2 6 8 346
2 1 8 0 346
2 1 7 3 346
2 1 0 9 346
4 1 0 0 347
1 4 0 1 347
2 2 1 1 347
2 2 1 3 347
2 2 0 5 347
2 2 0 7 347
2 2 3 1 347
4 1 4 0 347
4 1 5 1 347
2 2 3 3 347
2 2 2 5 347
2 2 2 7 347
2 2 5 3 347
2 2 7 3 347
2 2 4 5 347
2 2 4 7 347
2 2 6 5 347
4 1 5 2 347
1 4 9 1 347
2 2 8 5 347
2 2 6 7 347
2 2 8 7 347
4 1 0 9 347
4 1 4 9 347
2 1 8 0 347
2 1 8 9 347
1 4 0 0 348
1 4 0 4 348
1 4 1 0 348
2 2 2 0 348
1 4 1 4 348
2 2 0 8 348
2 2 4 0 348
1 4 2 2 348
2 2 6 0 348
1 4 2 6 348
2 2 8 0 348
1 4 3 2 348
4 1 4 2 348
1 4 3 6 348
4 1 4 3 348
2 2 8 2 348
2 2 4 4 348
4 1 6 4 348
2 2 4 6 348
2 2 4 8 348
2 2 6 5 348
2 2 8 5 348
2 2 6 7 348
2 2 8 7 348
4 1 6 9 348
1 4 0 0 349
2 2 1 0 349
2 2 3 0 349
2 2 5 0 349
4 1 1 2 349
4 1 5 2 349
2 2 7 0 349
4 1 1 3 349
2 2 0 4 349
2 2 0 6 349
1 4 2 4 349
2 2 0 8 349
2 2 3 4 349
4 1 5 3 349
4 1 5 4 349
2 2 3 6 349
2 2 2 8 349
2 2 5 5 349
2 2 5 7 349
1 4 9 0 349
2 2 7 5 349
2 2 7 7 349
1 4 9 4 349
4 1 5 9 349
1 2 4 8 349
1 2 9 8 349
4 1 0 0 350
4 1 4 0 350
1 4 0 1 350
2 2 1 1 350
2 2 1 3 350
2 2 0 5 350
2 2 0 7 350
2 2 3 1 350
4 1 5 1 350
4 1 5 2 350
2 2 3 3 350
2 2 2 5 350
1 4 5 3 350
4 1 2 7 350
2 2 2 8 350
2 2 4 8 350
2 2 6 3 350
2 2 8 3 350
2 2 6 5 350
2 2 8 5 350
2 2 6 7 350
2 2 8 7 350
4 1 6 9 350
1 2 9 1 350
1 2 4 5 350
2 1 8 0 350
2 1 0 9 350
2 2 0 0 351
2 2 0 2 351
1 4 0 4 351
2 2 0 8 351
2 2 2 0 351
2 2 4 0 351
1 4 1 4 351
2 2 6 0 351
2 2 8 0 351
1 4 2 2 351
2 2 3 2 351
2 2 5 2 351
1 4 2 6 351
1 4 3 4 351
2 2 7 2 351
2 2 4 4 351
2 2 4 6 351
1 4 6 4 351
2 2 3 8 351
2 2 5 8 351
2 2 7 4 351
2 2 7 6 351
1 4 9 2 351
2 2 7 8 351
1 4 9 6 351
4 1 0 0 352
4 1 4 0 352
4 1 0 1 352
1 4 0 2 352
4 1 4 1 352
1 4 0 6 352
2 2 8 0 352
4 1 1 2 352
2 2 1 3 352
2 2 1 5 352
2 2 1 7 352
2 2 3 3 352
2 2 3 5 352
1 4 5 2 352
1 4 5 6 352
2 2 3 7 352
2 2 6 2 352
2 2 8 2 352
2 2 6 4 352
2 2 8 4 352
2 2 6 6 352
4 1 1 9 352
2 2 6 8 352
2 2 8 6 352
2 2 8 8 352
1 4 0 0 353
1 4 0 4 353
2 2 1 0 353
2 2 3 0 353
2 2 5 0 353
1 4 1 2 353
2 2 7 0 353
1 4 1 6 353
2 2 2 2 353
1 4 2 4 353
2 2 2 8 353
2 2 4 2 353
4 1 6 2 353
2 2 4 4 353
2 2 4 6 353
2 2 4 8 353
2 2 6 3 353
2 2 8 3 353
2 2 6 5 353
2 2 8 5 353
2 2 6 7 353
2 2 8 7 353
4 1 6 9 353
1 4 3 4 353
1 2 0 8 353
1 2 9 0 353
2 2 0 0 354
2 2 0 2 354
4 1 2 0 354
2 2 0 4 354
2 2 0 6 354
4 1 6 0 354
4 1 2 1 354
1 4 2 2 354
2 2 0 8 354
2 2 3 2 354
2 2 5 2 354
2 2 7 2 354
2 2 3 4 354
2 2 2 6 354
2 2 2 8 354
2 2 5 4 354
1 4 4 6 354
2 2 7 4 354
4 1 6 1 354
2 2 5 6 354
2 2 5 8 354
2 2 7 6 354
2 2 7 8 354
1 4 9 2 354
1 4 9 6 354
2 2 0 0 355
2 2 0 2 355
4 1 2 0 355
2 2 0 4 355
2 2 0 6 355
4 1 6 0 355
2 2 0 8 355
2 2 2 1 355
2 2 4 1 355
4 1 6 1 355
2 2 2 3 355
2 2 2 5 355
4 1 6 2 355
2 2 2 7 355
2 2 4 3 355
2 2 6 3 355
2 2 8 3 355
2 2 4 5 355
2 2 4 7 355
2 2 6 5 355
2 2 8 5 355
4 1 2 9 355
2 2 6 7 355
2 2 8 7 355
4 1 6 9 355
1 4 0 0 356
2 2 1 0 356
1 4 0 4 356
2 2 3 0 356
1 4 1 2 356
4 1 5 0 356
2 2 2 2 356
2 2 2 4 356
2 2 1 6 356
2 2 0 8 356
1 4 4 2 356
2 2 2 8 356
2 2 5 2 356
2 2 7 2 356
4 1 5 1 356
4 1 5 4 356
2 2 5 5 356
1 4 4 6 356
1 4 9 0 356
1 4 7 5 356
1 4 8 5 356
2 2 5 7 356
1 4 9 4 356
4 1 5 9 356
1 2 3 6 356
1 2 9 8 356
4 1 0 0 357
4 1 4 0 357
4 1 0 1 357
2 2 0 2 357
2 2 0 4 357
4 1 4 1 357
4 1 2 2 357
2 2 8 0 357
4 1 6 2 357
4 1 2 3 357
1 4 0 6 357
1 4 1 6 357
2 2 2 4 357
2 2 2 6 357
2 2 2 8 357
1 4 4 4 357
4 1 6 3 357
1 4 5 4 357
2 2 4 8 357
4 1 6 4 357
2 2 6 5 357
2 2 8 5 357
2 2 6 7 357
2 2 8 7 357
4 1 6 9 357
1 4 0 0 358
4 1 1 0 358
1 4 0 4 358
2 2 1 1 358
2 2 1 3 358
2 2 1 5 358
2 2 1 7 358
1 4 3 1 358
2 2 4 1 358
2 2 6 1 358
1 4 3 5 358
4 1 5 0 358
2 2 8 1 358
1 4 4 3 358
4 1 5 3 358
2 2 5 4 358
2 2 7 4 358
2 2 5 6 358
1 4 7 6 358
2 2 5 8 358
1 4 8 6 358
1 4 9 3 358
1 2 0 8 358
1 2 4 7 358
1 2 9 7 358
2 1 1 9 358
2 1 3 9 358
4 1 0 0 359
2 2 0 1 359
1 4 0 3 359
2 2 0 7 359
1 4 1 3 359
2 2 2 1 359
4 1 4 0 359
4 1 4 1 359
2 2 8 0 359
2 2 2 3 359
2 2 2 5 359
4 1 4 2 359
2 2 2 7 359
1 4 4 3 359
2 2 5 3 359
2 2 7 3 359
1 4 5 5 359
1 4 6 5 359
4 1 0 9 359
2 2 7 5 359
2 2 7 7 359
4 1 5 9 359
1 4 9 3 359
1 2 4 7 359
1 2 9 7 359
2 1 8 2 359
2 2 0 0 360
2 2 0 2 360
2 2 0 4 360
2 2 0 6 360
2 2 0 8 360
4 1 2 0 360
4 1 6 0 360
2 2 2 1 360
2 2 4 1 360
1 4 2 3 360
2 2 6 1 360
4 1 3 3 360
1 4 3 4 360
2 2 8 1 360
2 2 4 4 360
4 1 6 4 360
2 2 4 6 360
2 2 3 8 360
2 2 6 5 360
2 2 8 5 360
4 1 6 7 360
2 2 5 8 360
2 2 7 8 360
1 2 9 8 360
1 2 2 7 360
2 1 7 3 360
1 4 0 0 361
1 4 0 4 361
2 2 1 0 361
2 2 3 0 361
2 2 5 0 361
2 2 7 0 361
1 4 1 2 361
1 4 1 6 361
4 1 2 2 361
2 2 2 3 361
1 4 2 5 361
2 2 4 3 361
1 4 3 5 361
4 1 6 2 361
2 2 6 3 361
2 2 8 3 361
2 2 4 5 361
2 2 4 7 361
2 2 6 5 361
2 2 8 5 361
2 2 6 7 361
2 2 8 7 361
4 1 2 9 361
4 1 6 9 361
1 2 0 8 361
1 2 9 0 361
1 4 0 0 362
1 4 0 4 362
1 4 1 0 362
1 4 1 4 362
2 2 0 8 362
2 2 2 0 362
1 4 2 2 362
2 2 4 0 362
2 2 6 0 362
2 2 8 0 362
2 2 3 2 362
2 2 5 2 362
2 2 7 2 362
2 2 3 4 362
1 4 2 6 362
1 4 3 6 362
2 2 5 4 362
2 2 7 4 362
1 4 9 2 362
2 2 4 6 362
2 2 4 8 362
1 4 6 6 362
2 2 7 6 362
2 2 7 8 362
1 4 9 6 362
2 2 0 0 363
1 4 0 2 363
1 4 1 2 363
2 2 0 6 363
2 2 0 8 363
1 4 2 0 363
2 2 3 0 363
1 4 2 4 363
1 4 3 2 363
2 2 5 0 363
2 2 7 0 363
4 1 4 2 363
2 2 4 3 363
1 4 3 6 363
2 2 6 3 363
4 1 4 5 363
4 1 4 6 363
2 2 8 2 363
4 1 4 7 363
1 4 8 4 363
2 2 4 8 363
2 2 6 8 363
2 2 8 8 363
1 4 9 4 363
1 2 2 8 363
1 2 9 0 363
2 2 0 0 364
2 2 0 2 364
2 2 0 4 364
4 1 2 0 364
4 1 6 0 364
2 2 0 6 364
2 2 0 8 364
2 2 2 1 364
2 2 4 1 364
2 2 6 1 364
2 2 8 1 364
4 1 2 3 364
1 4 2 4 364
1 4 3 4 364
1 4 4 4 364
2 2 2 8 364
2 2 5 4 364
2 2 7 4 364
4 1 6 3 364
1 4 5 6 364
4 1 6 6 364
2 2 6 7 364
2 2 8 7 364
4 1 6 9 364
1 2 4 8 364
1 2 9 4 364
4 1 0 0 365
4 1 4 0 365
1 4 0 1 365
2 2 1 1 365
2 2 1 3 365
2 2 0 5 365
2 2 0 7 365
1 4 2 5 365
2 2 3 1 365
2 2 5 1 365
2 2 7 1 365
1 4 3 3 365
1 4 4 3 365
2 2 3 7 365
2 2 5 3 365
2 2 7 3 365
2 2 5 5 365
2 2 5 7 365
2 2 7 5 365
4 1 0 9 365
2 2 7 7 365
1 4 9 1 365
4 1 4 9 365
1 4 9 5 365
2 1 8 0 365
2 1 8 9 365
4 1 0 0 366
2 2 0 1 366
2 2 0 3 366
2 2 0 5 366
1 4 2 1 366
4 1 4 0 366
4 1 3 1 366
2 2 0 7 366
2 2 3 2 366
2 2 5 2 366
1 4 2 5 366
2 2 7 1 366
1 4 3 4 366
1 4 4 4 366
1 4 5 4 366
2 2 3 8 366
2 2 6 4 366
2 2 8 4 366
2 2 6 6 366
1 4 8 6 366
2 2 5 8 366
1 4 9 6 366
1 2 7 8 366
2 1 8 0 366
1 2 9 1 366
2 1 0 9 366
2 1 7 3 366
2 2 0 0 367
1 4 0 2 367
1 4 1 2 367
2 2 0 6 367
2 2 0 8 367
2 2 2 0 367
2 2 4 0 367
1 4 2 2 367
1 4 2 6 367
1 4 3 2 367
2 2 6 0 367
2 2 8 0 367
2 2 4 2 367
2 2 6 2 367
2 2 8 2 367
2 2 4 4 367
1 4 3 6 367
4 1 6 4 367
2 2 4 6 367
2 2 4 8 367
2 2 6 5 367
2 2 8 5 367
2 2 6 7 367
2 2 8 7 367
4 1 6 9 367
2 2 0 0 368
1 4 0 2 368
2 2 0 6 368
2 2 0 8 368
1 4 1 2 368
1 4 2 0 368
1 4 2 4 368
2 2 3 0 368
2 2 5 0 368
2 2 7 0 368
2 2 3 2 368
1 4 3 4 368
2 2 2 8 368
2 2 5 2 368
2 2 7 2 368
1 4 9 0 368
2 2 4 4 368
2 2 4 6 368
2 2 4 8 368
2 2 6 4 368
1 4 6 6 368
2 2 8 4 368
1 4 7 6 368
2 2 8 6 368
2 2 8 8 368
4 1 0 0 369
1 4 0 1 369
4 1 4 0 369
4 1 1 1 369
2 2 1 2 369
1 4 0 5 369
2 2 1 4 369
4 1 5 1 369
2 2 1 6 369
2 2 1 8 369
2 2 3 2 369
2 2 5 2 369
1 4 3 4 369
1 4 4 4 369
1 4 5 4 369
2 2 7 2 369
2 2 3 8 369
2 2 6 4 369
2 2 8 4 369
2 2 6 6 369
2 2 5 8 369
2 2 8 6 369
2 2 7 8 369
2 1 8 0 369
1 2 9 8 369
1 2 9 1 369
2 2 0 0 370
2 2 0 2 370
2 2 0 4 370
4 1 2 0 370
4 1 6 0 370
2 2 0 6 370
1 4 2 1 370
4 1 3 1 370
1 4 2 5 370
2 2 0 8 370
2 2 3 2 370
2 2 5 2 370
4 1 3 4 370
1 4 7 1 370
2 2 8 1 370
2 2 8 3 370
2 2 3 5 370
4 1 5 5 370
1 4 5 6 370
2 2 3 7 370
2 2 6 6 370
1 4 8 6 370
2 2 6 8 370
1 4 9 5 370
2 1 2 9 370
4 1 0 0 371
4 1 4 0 371
4 1 0 1 371
2 2 0 2 371
2 2 0 4 371
2 2 0 6 371
2 2 0 8 371
4 1 4 1 371
2 2 8 0 371
2 2 2 2 371
2 2 2 4 371
2 2 2 6 371
2 2 2 8 371
4 1 4 2 371
4 1 4 3 371
2 2 8 2 371
2 2 4 4 371
2 2 4 6 371
1 4 6 4 371
1 4 7 4 371
1 4 8 4 371
1 4 9 4 371
2 2 4 8 371
2 2 6 8 371
2 2 8 8 371
1 4 0 0 372
2 2 1 0 372
2 2 3 0 372
2 2 5 0 372
2 2 7 0 372
1 4 0 4 372
2 2 1 2 372
4 1 3 2 372
1 4 1 4 372
1 4 2 4 372
2 2 0 8 372
4 1 3 3 372
4 1 3 4 372
1 4 3 5 372
1 4 4 5 372
4 1 5 5 372
2 2 7 2 372
2 2 5 6 372
1 4 9 0 372
2 2 5 8 372
2 2 7 6 372
2 2 7 8 372
1 4 9 4 372
2 1 3 9 372
2 1 7 4 372
1 2 2 8 372
1 2 9 8 372
4 1 0 0 373
4 1 4 0 373
4 1 0 1 373
2 2 0 2 373
2 2 0 4 373
2 2 0 6 373
4 1 4 1 373
2 2 0 8 373
4 1 2 2 373
1 4 2 3 373
1 4 3 3 373
2 2 8 0 373
4 1 6 2 373
1 4 4 3 373
2 2 2 7 373
2 2 5 3 373
2 2 7 3 373
1 4 5 5 373
2 2 6 5 373
2 2 8 5 373
4 1 6 7 373
2 2 6 8 373
2 2 8 8 373
2 1 2 9 373
1 2 9 3 373
1 2 4 7 373
2 1 4 9 373
2 2 0 0 374
2 2 0 2 374
2 2 0 4 374
2 2 0 6 374
1 4 2 0 374
2 2 0 8 374
1 4 2 4 374
2 2 3 0 374
2 2 5 0 374
4 1 3 2 374
2 2 7 0 374
4 1 3 3 374
4 1 3 4 374
1 4 3 5 374
2 2 7 3 374
2 2 4 5 374
2 2 4 7 374
2 2 6 5 374
2 2 8 5 374
2 2 6 7 374
1 4 9 0 374
2 2 8 7 374
4 1 3 9 374
2 1 7 2 374
2 1 7 9 374
1 2 2 8 374
2 2 0 0 375
2 2 0 2 375
2 2 0 4 375
1 4 0 6 375
2 2 2 0 375
2 2 4 0 375
2 2 6 0 375
2 2 8 0 375
4 1 2 2 375
2 2 2 3 375
1 4 1 6 375
2 2 2 5 375
2 2 2 7 375
1 4 4 3 375
2 2 5 3 375
2 2 7 3 375
2 2 5 5 375
2 2 4 7 375
2 2 7 5 375
1 4 9 3 375
2 2 6 7 375
2 2 8 7 375
4 1 6 2 375
4 1 2 9 375
4 1 6 9 375
1 4 0 0 376
2 2 1 0 376
2 2 3 0 376
1 4 0 4 376
1 4 1 2 376
2 2 5 0 376
2 2 7 0 376
2 2 2 2 376
2 2 2 4 376
2 2 1 6 376
1 4 4 2 376
1 4 4 6 376
2 2 0 8 376
2 2 2 8 376
2 2 5 2 376
1 4 5 4 376
2 2 7 2 376
2 2 6 4 376
2 2 8 4 376
1 4 9 0 376
1 4 6 6 376
2 2 7 6 376
2 2 7 8 376
1 4 9 6 376
1 2 3 6 376
1 2 5 8 376
1 4 0 0 377
4 1 1 0 377
1 4 0 4 377
2 2 1 1 377
2 2 1 3 377
2 2 1 5 377
4 1 5 0 377
2 2 1 7 377
2 1 1 9 377
2 1 3 1 377
2 1 5 1 377
2 1 7 1 377
2 1 3 2 377
2 1 5 2 377
2 1 7 2 377
2 1 3 3 377
2 1 5 3 377
2 1 7 3 377
1 2 0 8 377
1 2 9 0 377
1 2 9 2 377
2 1 3 4 377
2 1 3 5 377
2 1 3 6 377
1 2 3 7 377
2 1 5 4 377
1 2 4 7 377
1 2 5 5 377
2 1 3 9 377
1 2 5 7 377
1 2 6 5 377
1 2 6 7 377
2 1 5 9 377
2 1 7 4 377
1 2 7 5 377
1 2 8 5 377
1 2 9 4 377
1 2 7 7 377
2 1 8 7 377
1 2 8 8 377
1 2 9 8 377
1 2 0 0 378
2 1 1 0 378
2 1 3 0 378
2 1 5 0 378
2 1 7 0 378
2 1 1 1 378
2 1 3 1 378
2 1 5 1 378
1 2 0 2 378
1 2 0 4 378
2 1 7 1 378
2 1 1 2 378
2 1 1 3 378
2 1 1 4 378
2 1 1 5 378
2 1 0 6 378
1 2 9 0 378
1 2 0 7 378
1 2 1 7 378
