% State of a bin packing problem:
%
% Bin number: 110
% Total uncovered points: 1117
% Total covered points: 9883
% Number of boxes: 400
% Unused boxes: 0
% Runtime: None
%
% Bin size:
10 10
%
% Boxes (width, height) not in some bins:
%
% Boxes (width, height, x_position, y_position, bin_id) in bins:
6 6 0 0 0
4 4 6 0 0
4 4 0 6 0
4 4 4 6 0
6 6 0 0 1
4 4 6 0 1
4 4 0 6 1
4 4 4 6 1
6 6 0 0 2
4 4 6 0 2
4 4 0 6 2
4 4 4 6 2
6 6 0 0 3
4 4 6 0 3
4 4 0 6 3
4 4 4 6 3
6 6 0 0 4
4 4 6 0 4
4 4 0 6 4
4 4 4 6 4
6 6 0 0 5
4 4 6 0 5
4 4 0 6 5
4 4 4 6 5
6 6 0 0 6
4 4 6 0 6
4 4 0 6 6
5 4 4 6 6
6 6 0 0 7
4 4 6 0 7
5 4 0 6 7
5 4 5 6 7
6 6 0 0 8
4 4 6 0 8
5 4 0 6 8
5 4 5 6 8
6 6 0 0 9
4 4 6 0 9
5 4 0 6 9
5 4 5 6 9
6 6 0 0 10
4 4 6 0 10
5 4 0 6 10
5 4 5 6 10
6 6 0 0 11
4 4 6 0 11
5 4 0 6 11
5 4 5 6 11
6 6 0 0 12
4 4 6 0 12
5 4 0 6 12
5 4 5 6 12
6 6 0 0 13
4 4 6 0 13
5 4 0 6 13
5 4 5 6 13
6 6 0 0 14
4 4 6 0 14
5 4 0 6 14
5 4 5 6 14
6 6 0 0 15
4 4 6 0 15
5 4 0 6 15
5 4 5 6 15
6 6 0 0 16
4 4 6 0 16
5 4 0 6 16
5 4 5 6 16
6 6 0 0 17
4 4 6 0 17
5 4 0 6 17
5 4 5 6 17
6 6 0 0 18
4 4 6 0 18
5 4 0 6 18
5 4 5 6 18
6 6 0 0 19
4 4 6 0 19
5 4 0 6 19
5 4 5 6 19
6 6 0 0 20
4 4 6 0 20
5 4 0 6 20
5 4 5 6 20
6 6 0 0 21
4 4 6 0 21
5 4 0 6 21
5 4 5 6 21
6 6 0 0 22
4 4 6 0 22
5 4 0 6 22
5 4 5 6 22
6 6 0 0 23
4 4 6 0 23
5 4 0 6 23
5 4 5 6 23
6 6 0 0 24
4 4 6 0 24
5 4 0 6 24
5 4 5 6 24
6 6 0 0 25
4 4 6 0 25
5 4 0 6 25
5 4 5 6 25
6 6 0 0 26
4 4 6 0 26
5 4 0 6 26
5 4 5 6 26
6 6 0 0 27
4 4 6 0 27
5 4 0 6 27
5 4 5 6 27
6 6 0 0 28
4 4 6 0 28
6 4 0 6 28
4 6 6 4 28
6 6 0 0 29
4 4 6 0 29
6 4 0 6 29
4 6 6 4 29
6 6 0 0 30
4 4 6 0 30
6 4 0 6 30
4 6 6 4 30
6 6 0 0 31
4 4 6 0 31
6 4 0 6 31
4 6 6 4 31
6 6 0 0 32
4 4 6 0 32
6 4 0 6 32
4 6 6 4 32
6 6 0 0 33
4 4 6 0 33
6 4 0 6 33
4 6 6 4 33
6 6 0 0 34
4 4 6 0 34
6 4 0 6 34
4 6 6 4 34
6 6 0 0 35
4 4 6 0 35
6 4 0 6 35
4 6 6 4 35
6 6 0 0 36
4 4 6 0 36
6 4 0 6 36
4 6 6 4 36
6 6 0 0 37
4 4 6 0 37
6 4 0 6 37
4 6 6 4 37
6 6 0 0 38
4 4 6 0 38
6 4 0 6 38
4 6 6 4 38
6 6 0 0 39
4 4 6 0 39
6 4 0 6 39
4 6 6 4 39
6 6 0 0 40
4 4 6 0 40
6 4 0 6 40
4 6 6 4 40
6 6 0 0 41
4 4 6 0 41
6 4 0 6 41
4 6 6 4 41
6 6 0 0 42
4 4 6 0 42
6 4 0 6 42
4 6 6 4 42
6 6 0 0 43
4 4 6 0 43
6 4 0 6 43
4 6 6 4 43
6 5 0 0 44
6 5 0 5 44
4 5 6 0 44
4 5 6 5 44
5 6 0 0 45
5 6 5 0 45
6 4 0 6 45
5 6 0 0 46
5 6 5 0 46
6 4 0 6 46
5 6 0 0 47
5 6 5 0 47
6 4 0 6 47
5 6 0 0 48
5 6 5 0 48
6 4 0 6 48
6 5 0 0 49
6 5 0 5 49
4 5 6 0 49
4 5 6 5 49
5 6 0 0 50
5 6 5 0 50
6 4 0 6 50
5 6 0 0 51
5 6 5 0 51
6 4 0 6 51
6 5 0 0 52
4 5 6 0 52
4 5 0 5 52
5 4 4 5 52
5 6 0 0 53
5 6 5 0 53
6 4 0 6 53
6 5 0 0 54
6 5 0 5 54
4 5 6 0 54
4 5 6 5 54
5 6 0 0 55
5 4 0 6 55
4 5 5 0 55
5 4 5 5 55
6 5 0 0 56
6 5 0 5 56
4 5 6 0 56
4 5 6 5 56
6 5 0 0 57
6 5 0 5 57
4 5 6 0 57
4 5 6 5 57
5 6 0 0 58
5 6 5 0 58
6 4 0 6 58
5 6 0 0 59
5 6 5 0 59
6 4 0 6 59
5 6 0 0 60
5 6 5 0 60
6 4 0 6 60
5 6 0 0 61
5 6 5 0 61
6 4 0 6 61
6 5 0 0 62
4 5 6 0 62
4 5 0 5 62
5 4 4 5 62
5 6 0 0 63
5 6 5 0 63
6 4 0 6 63
5 6 0 0 64
5 6 5 0 64
6 4 0 6 64
5 6 0 0 65
5 6 5 0 65
6 4 0 6 65
5 6 0 0 66
5 6 5 0 66
6 4 0 6 66
5 6 0 0 67
5 6 5 0 67
6 4 0 6 67
6 5 0 0 68
6 5 0 5 68
4 5 6 0 68
4 5 6 5 68
5 6 0 0 69
5 6 5 0 69
6 4 0 6 69
6 5 0 0 70
6 5 0 5 70
4 5 6 0 70
4 5 6 5 70
6 5 0 0 71
6 5 0 5 71
4 5 6 0 71
4 5 6 5 71
5 6 0 0 72
4 5 5 0 72
5 4 0 6 72
5 4 5 5 72
5 6 0 0 73
5 6 5 0 73
6 4 0 6 73
6 5 0 0 74
6 5 0 5 74
4 5 6 0 74
4 5 6 5 74
5 6 0 0 75
5 6 5 0 75
6 4 0 6 75
6 5 0 0 76
4 5 6 0 76
4 5 0 5 76
4 5 4 5 76
5 6 0 0 77
5 6 5 0 77
6 4 0 6 77
6 5 0 0 78
6 5 0 5 78
4 5 6 0 78
4 5 6 5 78
5 6 0 0 79
5 6 5 0 79
6 4 0 6 79
5 6 0 0 80
5 6 5 0 80
6 4 0 6 80
6 5 0 0 81
4 5 6 0 81
4 5 0 5 81
4 5 4 5 81
5 6 0 0 82
5 6 5 0 82
6 4 0 6 82
5 6 0 0 83
5 6 5 0 83
6 4 0 6 83
6 5 0 0 84
6 5 0 5 84
4 6 6 0 84
6 5 0 0 85
6 5 0 5 85
4 6 6 0 85
5 6 0 0 86
4 6 5 0 86
6 4 0 6 86
5 6 0 0 87
5 5 5 0 87
5 5 5 5 87
6 5 0 0 88
5 5 0 5 88
5 5 5 5 88
5 5 0 0 89
5 5 5 0 89
5 5 0 5 89
5 5 5 5 89
5 5 0 0 90
5 5 5 0 90
5 5 0 5 90
5 5 5 5 90
5 5 0 0 91
5 5 5 0 91
5 5 0 5 91
5 5 5 5 91
5 5 0 0 92
5 5 5 0 92
5 5 0 5 92
5 5 5 5 92
5 5 0 0 93
5 5 5 0 93
5 5 0 5 93
5 5 5 5 93
5 5 0 0 94
5 5 5 0 94
5 5 0 5 94
5 5 5 5 94
5 5 0 0 95
5 5 5 0 95
5 5 0 5 95
5 5 5 5 95
5 5 0 0 96
5 5 5 0 96
5 5 0 5 96
5 5 5 5 96
5 5 0 0 97
5 5 5 0 97
5 5 0 5 97
5 5 5 5 97
5 5 0 0 98
5 5 5 0 98
5 5 0 5 98
5 5 5 5 98
5 5 0 0 99
5 5 5 0 99
5 5 0 5 99
5 5 5 5 99
5 5 0 0 100
6 4 0 5 100
4 6 0 0 101
4 6 4 0 101
6 4 0 6 101
6 4 0 0 102
4 6 0 4 102
4 6 4 4 102
6 4 0 0 103
4 6 0 4 103
4 6 4 4 103
6 4 0 0 104
4 6 0 4 104
4 6 4 4 104
6 4 0 0 105
4 6 0 4 105
4 6 4 4 105
6 4 0 0 106
4 6 0 4 106
4 6 4 4 106
4 6 0 0 107
4 6 4 0 107
6 4 0 6 107
4 6 0 0 108
6 4 4 0 108
4 6 4 4 108
4 6 0 0 109
6 4 4 0 109
4 6 4 4 109
