% State of a bin packing problem:
%
% Bin number: 968
% Total uncovered points: 5476
% Total covered points: 91324
% Number of boxes: 8062
% Unused boxes: 0
% Runtime: None
%
% Bin size:
10 10
%
% Boxes (width, height) not in some bins:
%
% Boxes (width, height, x_position, y_position, bin_id) in bins:
4 9 0 0 0
4 9 4 0 0
1 2 8 0 0
1 2 8 2 0
1 2 8 4 0
1 2 8 6 0
1 2 8 8 0
1 2 9 0 0
1 2 9 2 0
1 2 9 4 0
1 2 9 6 0
1 2 9 8 0
3 1 0 9 0
3 1 3 9 0
4 9 0 0 1
4 9 4 0 1
1 2 8 0 1
1 2 8 2 1
1 2 8 4 1
1 2 8 6 1
1 2 8 8 1
1 2 9 0 1
1 2 9 2 1
1 2 9 4 1
1 2 9 6 1
1 2 9 8 1
3 1 0 9 1
3 1 3 9 1
4 9 0 0 2
4 9 4 0 2
1 2 8 0 2
1 2 8 2 2
1 2 8 4 2
1 2 8 6 2
1 2 8 8 2
1 2 9 0 2
1 2 9 2 2
1 2 9 4 2
1 2 9 6 2
1 2 9 8 2
3 1 0 9 2
3 1 3 9 2
4 9 0 0 3
4 9 4 0 3
1 2 8 0 3
1 2 8 2 3
1 2 8 4 3
1 2 8 6 3
1 2 8 8 3
1 2 9 0 3
1 2 9 2 3
1 2 9 4 3
1 2 9 6 3
1 2 9 8 3
3 1 0 9 3
3 1 3 9 3
4 9 0 0 4
4 9 4 0 4
1 2 8 0 4
1 2 8 2 4
1 2 8 4 4
1 2 8 6 4
1 2 8 8 4
1 2 9 0 4
1 2 9 2 4
1 2 9 4 4
1 2 9 6 4
1 2 9 8 4
3 1 0 9 4
3 1 3 9 4
4 9 0 0 5
4 9 4 0 5
1 2 8 0 5
1 2 8 2 5
1 2 8 4 5
1 2 8 6 5
1 2 8 8 5
1 2 9 0 5
1 2 9 2 5
1 2 9 4 5
1 2 9 6 5
1 2 9 8 5
3 1 0 9 5
3 1 3 9 5
4 9 0 0 6
4 9 4 0 6
1 2 8 0 6
1 2 8 2 6
1 2 8 4 6
1 2 8 6 6
1 2 8 8 6
1 2 9 0 6
1 2 9 2 6
1 2 9 4 6
1 2 9 6 6
1 2 9 8 6
3 1 0 9 6
3 1 3 9 6
4 9 0 0 7
4 9 4 0 7
1 2 8 0 7
1 2 8 2 7
1 2 8 4 7
1 2 8 6 7
1 2 8 8 7
1 2 9 0 7
1 2 9 2 7
1 2 9 4 7
1 2 9 6 7
1 2 9 8 7
3 1 0 9 7
3 1 3 9 7
4 9 0 0 8
4 9 4 0 8
1 2 8 0 8
1 2 8 2 8
1 2 8 4 8
1 2 8 6 8
1 2 8 8 8
1 2 9 0 8
1 2 9 2 8
1 2 9 4 8
1 2 9 6 8
1 2 9 8 8
3 1 0 9 8
3 1 3 9 8
4 9 0 0 9
4 9 4 0 9
1 2 8 0 9
1 2 8 2 9
1 2 8 4 9
1 2 8 6 9
1 2 8 8 9
1 2 9 0 9
1 2 9 2 9
1 2 9 4 9
1 2 9 6 9
1 2 9 8 9
3 1 0 9 9
3 1 3 9 9
4 9 0 0 10
4 9 4 0 10
1 2 8 0 10
1 2 8 2 10
1 2 8 4 10
1 2 8 6 10
1 2 8 8 10
1 2 9 0 10
1 2 9 2 10
1 2 9 4 10
1 2 9 6 10
1 2 9 8 10
3 1 0 9 10
3 1 3 9 10
4 9 0 0 11
4 9 4 0 11
1 2 8 0 11
1 2 8 2 11
1 2 8 4 11
1 2 8 6 11
1 2 8 8 11
1 2 9 0 11
1 2 9 2 11
1 2 9 4 11
1 2 9 6 11
1 2 9 8 11
3 1 0 9 11
3 1 3 9 11
4 9 0 0 12
4 9 4 0 12
1 2 8 0 12
1 2 8 2 12
1 2 8 4 12
1 2 8 6 12
1 2 8 8 12
1 2 9 0 12
1 2 9 2 12
1 2 9 4 12
1 2 9 6 12
1 2 9 8 12
3 1 0 9 12
3 1 3 9 12
4 9 0 0 13
4 9 4 0 13
1 2 8 0 13
1 2 8 2 13
1 2 8 4 13
1 2 8 6 13
1 2 8 8 13
1 2 9 0 13
1 2 9 2 13
1 2 9 4 13
1 2 9 6 13
1 2 9 8 13
3 1 0 9 13
3 1 3 9 13
4 9 0 0 14
4 9 4 0 14
1 2 8 0 14
1 2 8 2 14
1 2 8 4 14
1 2 8 6 14
1 2 8 8 14
1 2 9 0 14
1 2 9 2 14
1 2 9 4 14
1 2 9 6 14
1 2 9 8 14
3 1 0 9 14
3 1 3 9 14
4 9 0 0 15
4 9 4 0 15
1 2 8 0 15
1 2 8 2 15
1 2 8 4 15
1 2 8 6 15
1 2 8 8 15
1 2 9 0 15
1 2 9 2 15
1 2 9 4 15
1 2 9 6 15
1 2 9 8 15
3 1 0 9 15
3 1 3 9 15
4 9 0 0 16
4 9 4 0 16
1 2 8 0 16
1 2 8 2 16
1 2 8 4 16
1 2 8 6 16
1 2 8 8 16
1 2 9 0 16
1 2 9 2 16
1 2 9 4 16
1 2 9 6 16
1 2 9 8 16
3 1 0 9 16
3 1 3 9 16
4 9 0 0 17
4 9 4 0 17
1 2 8 0 17
1 2 8 2 17
1 2 8 4 17
1 2 8 6 17
1 2 8 8 17
1 2 9 0 17
1 2 9 2 17
1 2 9 4 17
1 2 9 6 17
1 2 9 8 17
3 1 0 9 17
3 1 3 9 17
4 9 0 0 18
4 9 4 0 18
1 2 8 0 18
1 2 8 2 18
1 2 8 4 18
1 2 8 6 18
1 2 8 8 18
1 2 9 0 18
1 2 9 2 18
1 2 9 4 18
1 2 9 6 18
1 2 9 8 18
3 1 0 9 18
3 1 3 9 18
4 9 0 0 19
4 9 4 0 19
1 2 8 0 19
1 2 8 2 19
1 2 8 4 19
1 2 8 6 19
1 2 8 8 19
1 2 9 0 19
1 2 9 2 19
1 2 9 4 19
1 2 9 6 19
1 2 9 8 19
3 1 0 9 19
3 1 3 9 19
4 9 0 0 20
4 9 4 0 20
1 2 8 0 20
1 2 8 2 20
1 2 8 4 20
1 2 8 6 20
1 2 8 8 20
1 2 9 0 20
1 2 9 2 20
1 2 9 4 20
1 2 9 6 20
1 2 9 8 20
3 1 0 9 20
3 1 3 9 20
4 9 0 0 21
4 9 4 0 21
1 2 8 0 21
1 2 8 2 21
1 2 8 4 21
1 2 8 6 21
1 2 8 8 21
1 2 9 0 21
1 2 9 2 21
1 2 9 4 21
1 2 9 6 21
1 2 9 8 21
3 1 0 9 21
3 1 3 9 21
4 9 0 0 22
4 9 4 0 22
1 2 8 0 22
1 2 8 2 22
1 2 8 4 22
1 2 8 6 22
1 2 8 8 22
1 2 9 0 22
1 2 9 2 22
1 2 9 4 22
1 2 9 6 22
1 2 9 8 22
3 1 0 9 22
3 1 3 9 22
4 9 0 0 23
4 9 4 0 23
1 2 8 0 23
1 2 8 2 23
1 2 8 4 23
1 2 8 6 23
1 2 8 8 23
1 2 9 0 23
1 2 9 2 23
1 2 9 4 23
1 2 9 6 23
1 2 9 8 23
3 1 0 9 23
3 1 3 9 23
4 9 0 0 24
4 9 4 0 24
1 2 8 0 24
1 2 8 2 24
1 2 8 4 24
1 2 8 6 24
1 2 8 8 24
1 2 9 0 24
1 2 9 2 24
1 2 9 4 24
1 2 9 6 24
1 2 9 8 24
3 1 0 9 24
3 1 3 9 24
4 9 0 0 25
4 9 4 0 25
1 2 8 0 25
1 2 8 2 25
1 2 8 4 25
1 2 8 6 25
1 2 8 8 25
1 2 9 0 25
1 2 9 2 25
1 2 9 4 25
1 2 9 6 25
1 2 9 8 25
3 1 0 9 25
3 1 3 9 25
4 9 0 0 26
4 9 4 0 26
1 2 8 0 26
1 2 8 2 26
1 2 8 4 26
1 2 8 6 26
1 2 8 8 26
1 2 9 0 26
1 2 9 2 26
1 2 9 4 26
1 2 9 6 26
1 2 9 8 26
3 1 0 9 26
3 1 3 9 26
4 9 0 0 27
4 9 4 0 27
1 2 8 0 27
1 2 8 2 27
1 2 8 4 27
1 2 8 6 27
1 2 8 8 27
1 2 9 0 27
1 2 9 2 27
1 2 9 4 27
1 2 9 6 27
1 2 9 8 27
3 1 0 9 27
3 1 3 9 27
4 9 0 0 28
4 9 4 0 28
1 2 8 0 28
1 2 8 2 28
1 2 8 4 28
1 2 8 6 28
1 2 8 8 28
1 2 9 0 28
1 2 9 2 28
1 2 9 4 28
1 2 9 6 28
1 2 9 8 28
3 1 0 9 28
3 1 3 9 28
4 9 0 0 29
4 9 4 0 29
1 2 8 0 29
1 2 8 2 29
1 2 8 4 29
1 2 8 6 29
1 2 8 8 29
1 2 9 0 29
1 2 9 2 29
1 2 9 4 29
1 2 9 6 29
1 2 9 8 29
3 1 0 9 29
3 1 3 9 29
4 9 0 0 30
4 9 4 0 30
1 2 8 0 30
1 2 8 2 30
1 2 8 4 30
1 2 8 6 30
1 2 8 8 30
1 2 9 0 30
1 2 9 2 30
1 2 9 4 30
1 2 9 6 30
1 2 9 8 30
3 1 0 9 30
3 1 3 9 30
4 9 0 0 31
4 9 4 0 31
1 2 8 0 31
1 2 8 2 31
1 2 8 4 31
1 2 8 6 31
1 2 8 8 31
1 2 9 0 31
1 2 9 2 31
1 2 9 4 31
1 2 9 6 31
1 2 9 8 31
3 1 0 9 31
3 1 3 9 31
4 9 0 0 32
4 9 4 0 32
1 2 8 0 32
1 2 8 2 32
1 2 8 4 32
1 2 8 6 32
1 2 8 8 32
1 2 9 0 32
1 2 9 2 32
1 2 9 4 32
1 2 9 6 32
1 2 9 8 32
3 1 0 9 32
3 1 3 9 32
4 9 0 0 33
4 9 4 0 33
1 2 8 0 33
1 2 8 2 33
1 2 8 4 33
1 2 8 6 33
1 2 8 8 33
1 2 9 0 33
1 2 9 2 33
1 2 9 4 33
1 2 9 6 33
1 2 9 8 33
3 1 0 9 33
3 1 3 9 33
4 9 0 0 34
4 9 4 0 34
1 2 8 0 34
1 2 8 2 34
1 2 8 4 34
1 2 8 6 34
1 2 8 8 34
1 2 9 0 34
1 2 9 2 34
1 2 9 4 34
1 2 9 6 34
1 2 9 8 34
3 1 0 9 34
3 1 3 9 34
4 9 0 0 35
4 9 4 0 35
1 2 8 0 35
1 2 8 2 35
1 2 8 4 35
1 2 8 6 35
1 2 8 8 35
1 2 9 0 35
1 2 9 2 35
1 2 9 4 35
1 2 9 6 35
1 2 9 8 35
3 1 0 9 35
3 1 3 9 35
4 9 0 0 36
4 9 4 0 36
1 2 8 0 36
1 2 8 2 36
1 2 8 4 36
1 2 8 6 36
1 2 8 8 36
1 2 9 0 36
1 2 9 2 36
1 2 9 4 36
1 2 9 6 36
1 2 9 8 36
3 1 0 9 36
3 1 3 9 36
4 9 0 0 37
4 9 4 0 37
1 2 8 0 37
1 2 8 2 37
1 2 8 4 37
1 2 8 6 37
1 2 8 8 37
1 2 9 0 37
1 2 9 2 37
1 2 9 4 37
1 2 9 6 37
1 2 9 8 37
3 1 0 9 37
3 1 3 9 37
4 9 0 0 38
4 9 4 0 38
1 2 8 0 38
1 2 8 2 38
1 2 8 4 38
1 2 8 6 38
1 2 8 8 38
1 2 9 0 38
1 2 9 2 38
1 2 9 4 38
1 2 9 6 38
1 2 9 8 38
3 1 0 9 38
3 1 3 9 38
4 9 0 0 39
4 9 4 0 39
1 2 8 0 39
1 2 8 2 39
1 2 8 4 39
1 2 8 6 39
1 2 8 8 39
1 2 9 0 39
1 2 9 2 39
1 2 9 4 39
1 2 9 6 39
1 2 9 8 39
3 1 0 9 39
3 1 3 9 39
4 9 0 0 40
4 9 4 0 40
1 2 8 0 40
1 2 8 2 40
1 2 8 4 40
1 2 8 6 40
1 2 8 8 40
1 2 9 0 40
1 2 9 2 40
1 2 9 4 40
1 2 9 6 40
1 2 9 8 40
3 1 0 9 40
3 1 3 9 40
4 9 0 0 41
4 9 4 0 41
1 2 8 0 41
1 2 8 2 41
1 2 8 4 41
1 2 8 6 41
1 2 8 8 41
1 2 9 0 41
1 2 9 2 41
1 2 9 4 41
1 2 9 6 41
1 2 9 8 41
3 1 0 9 41
3 1 3 9 41
4 9 0 0 42
4 9 4 0 42
1 2 8 0 42
1 2 8 2 42
1 2 8 4 42
1 2 8 6 42
1 2 8 8 42
1 2 9 0 42
1 2 9 2 42
1 2 9 4 42
1 2 9 6 42
1 2 9 8 42
3 1 0 9 42
3 1 3 9 42
4 9 0 0 43
4 9 4 0 43
1 2 8 0 43
1 2 8 2 43
1 2 8 4 43
1 2 8 6 43
1 2 8 8 43
1 2 9 0 43
1 2 9 2 43
1 2 9 4 43
1 2 9 6 43
1 2 9 8 43
3 1 0 9 43
3 1 3 9 43
4 9 0 0 44
4 9 4 0 44
1 2 8 0 44
1 2 8 2 44
1 2 8 4 44
1 2 8 6 44
1 2 8 8 44
1 2 9 0 44
1 2 9 2 44
1 2 9 4 44
1 2 9 6 44
1 2 9 8 44
3 1 0 9 44
3 1 3 9 44
4 9 0 0 45
4 9 4 0 45
1 2 8 0 45
1 2 8 2 45
1 2 8 4 45
1 2 8 6 45
1 2 8 8 45
1 2 9 0 45
1 2 9 2 45
1 2 9 4 45
1 2 9 6 45
1 2 9 8 45
3 1 0 9 45
3 1 3 9 45
4 9 0 0 46
4 9 4 0 46
1 2 8 0 46
1 2 8 2 46
1 2 8 4 46
1 2 8 6 46
1 2 8 8 46
1 2 9 0 46
1 2 9 2 46
1 2 9 4 46
1 2 9 6 46
1 2 9 8 46
3 1 0 9 46
3 1 3 9 46
4 9 0 0 47
4 9 4 0 47
1 2 8 0 47
1 2 8 2 47
1 2 8 4 47
1 2 8 6 47
1 2 8 8 47
1 2 9 0 47
1 2 9 2 47
1 2 9 4 47
1 2 9 6 47
1 2 9 8 47
3 1 0 9 47
3 1 3 9 47
4 9 0 0 48
4 9 4 0 48
1 2 8 0 48
1 2 8 2 48
1 2 8 4 48
1 2 8 6 48
1 2 8 8 48
1 2 9 0 48
1 2 9 2 48
1 2 9 4 48
1 2 9 6 48
1 2 9 8 48
3 1 0 9 48
3 1 3 9 48
4 9 0 0 49
4 9 4 0 49
1 2 8 0 49
1 2 8 2 49
1 2 8 4 49
1 2 8 6 49
1 2 8 8 49
1 2 9 0 49
1 2 9 2 49
1 2 9 4 49
1 2 9 6 49
1 2 9 8 49
3 1 0 9 49
3 1 3 9 49
4 9 0 0 50
4 9 4 0 50
1 2 8 0 50
1 2 8 2 50
1 2 8 4 50
1 2 8 6 50
1 2 8 8 50
1 2 9 0 50
1 2 9 2 50
1 2 9 4 50
1 2 9 6 50
1 2 9 8 50
3 1 0 9 50
3 1 3 9 50
4 9 0 0 51
4 9 4 0 51
1 2 8 0 51
1 2 8 2 51
1 2 8 4 51
1 2 8 6 51
1 2 8 8 51
1 2 9 0 51
1 2 9 2 51
1 2 9 4 51
1 2 9 6 51
1 2 9 8 51
3 1 0 9 51
3 1 3 9 51
4 9 0 0 52
4 9 4 0 52
1 2 8 0 52
1 2 8 2 52
1 2 8 4 52
1 2 8 6 52
1 2 8 8 52
1 2 9 0 52
1 2 9 2 52
1 2 9 4 52
1 2 9 6 52
1 2 9 8 52
3 1 0 9 52
3 1 3 9 52
4 9 0 0 53
4 9 4 0 53
1 2 8 0 53
1 2 8 2 53
1 2 8 4 53
1 2 8 6 53
1 2 8 8 53
1 2 9 0 53
1 2 9 2 53
1 2 9 4 53
1 2 9 6 53
1 2 9 8 53
3 1 0 9 53
3 1 3 9 53
4 9 0 0 54
4 9 4 0 54
1 2 8 0 54
1 2 8 2 54
1 2 8 4 54
1 2 8 6 54
1 2 8 8 54
1 2 9 0 54
1 2 9 2 54
1 2 9 4 54
1 2 9 6 54
1 2 9 8 54
3 1 0 9 54
3 1 3 9 54
4 9 0 0 55
4 9 4 0 55
1 2 8 0 55
1 2 8 2 55
1 2 8 4 55
1 2 8 6 55
1 2 8 8 55
1 2 9 0 55
1 2 9 2 55
1 2 9 4 55
1 2 9 6 55
1 2 9 8 55
3 1 0 9 55
3 1 3 9 55
4 9 0 0 56
4 9 4 0 56
1 2 8 0 56
1 2 8 2 56
1 2 8 4 56
1 2 8 6 56
1 2 8 8 56
1 2 9 0 56
1 2 9 2 56
1 2 9 4 56
1 2 9 6 56
1 2 9 8 56
3 1 0 9 56
3 1 3 9 56
4 9 0 0 57
4 9 4 0 57
1 2 8 0 57
1 2 8 2 57
1 2 8 4 57
1 2 8 6 57
1 2 8 8 57
1 2 9 0 57
1 2 9 2 57
1 2 9 4 57
1 2 9 6 57
1 2 9 8 57
3 1 0 9 57
3 1 3 9 57
4 9 0 0 58
4 9 4 0 58
1 2 8 0 58
1 2 8 2 58
1 2 8 4 58
1 2 8 6 58
1 2 8 8 58
1 2 9 0 58
1 2 9 2 58
1 2 9 4 58
1 2 9 6 58
1 2 9 8 58
3 1 0 9 58
3 1 3 9 58
4 9 0 0 59
4 9 4 0 59
1 2 8 0 59
1 2 8 2 59
1 2 8 4 59
1 2 8 6 59
1 2 8 8 59
1 2 9 0 59
1 2 9 2 59
1 2 9 4 59
1 2 9 6 59
1 2 9 8 59
3 1 0 9 59
3 1 3 9 59
4 9 0 0 60
4 9 4 0 60
1 2 8 0 60
1 2 8 2 60
1 2 8 4 60
1 2 8 6 60
1 2 8 8 60
1 2 9 0 60
1 2 9 2 60
1 2 9 4 60
1 2 9 6 60
1 2 9 8 60
3 1 0 9 60
3 1 3 9 60
4 9 0 0 61
4 9 4 0 61
1 2 8 0 61
1 2 8 2 61
1 2 8 4 61
1 2 8 6 61
1 2 8 8 61
1 2 9 0 61
1 2 9 2 61
1 2 9 4 61
1 2 9 6 61
1 2 9 8 61
3 1 0 9 61
3 1 3 9 61
4 9 0 0 62
4 9 4 0 62
1 2 8 0 62
1 2 8 2 62
1 2 8 4 62
1 2 8 6 62
1 2 8 8 62
1 2 9 0 62
1 2 9 2 62
1 2 9 4 62
1 2 9 6 62
1 2 9 8 62
3 1 0 9 62
3 1 3 9 62
4 9 0 0 63
4 9 4 0 63
1 2 8 0 63
1 2 8 2 63
1 2 8 4 63
1 2 8 6 63
1 2 8 8 63
1 2 9 0 63
1 2 9 2 63
1 2 9 4 63
1 2 9 6 63
1 2 9 8 63
3 1 0 9 63
3 1 3 9 63
4 9 0 0 64
4 9 4 0 64
1 2 8 0 64
1 2 8 2 64
1 2 8 4 64
1 2 8 6 64
1 2 8 8 64
1 2 9 0 64
1 2 9 2 64
1 2 9 4 64
1 2 9 6 64
1 2 9 8 64
3 1 0 9 64
3 1 3 9 64
4 9 0 0 65
4 9 4 0 65
1 2 8 0 65
1 2 8 2 65
1 2 8 4 65
1 2 8 6 65
1 2 8 8 65
1 2 9 0 65
1 2 9 2 65
1 2 9 4 65
1 2 9 6 65
1 2 9 8 65
3 1 0 9 65
3 1 3 9 65
4 9 0 0 66
4 9 4 0 66
1 2 8 0 66
1 2 8 2 66
1 2 8 4 66
1 2 8 6 66
1 2 8 8 66
1 2 9 0 66
1 2 9 2 66
1 2 9 4 66
1 2 9 6 66
1 2 9 8 66
3 1 0 9 66
3 1 3 9 66
4 9 0 0 67
4 9 4 0 67
1 2 8 0 67
1 2 8 2 67
1 2 8 4 67
1 2 8 6 67
1 2 8 8 67
1 2 9 0 67
1 2 9 2 67
1 2 9 4 67
1 2 9 6 67
1 2 9 8 67
3 1 0 9 67
3 1 3 9 67
4 9 0 0 68
4 9 4 0 68
1 2 8 0 68
1 2 8 2 68
1 2 8 4 68
1 2 8 6 68
1 2 8 8 68
1 2 9 0 68
1 2 9 2 68
1 2 9 4 68
1 2 9 6 68
1 2 9 8 68
3 1 0 9 68
3 1 3 9 68
4 9 0 0 69
4 9 4 0 69
1 2 8 0 69
1 2 8 2 69
1 2 8 4 69
1 2 8 6 69
1 2 8 8 69
1 2 9 0 69
1 2 9 2 69
1 2 9 4 69
1 2 9 6 69
1 2 9 8 69
3 1 0 9 69
3 1 3 9 69
4 9 0 0 70
4 9 4 0 70
1 2 8 0 70
1 2 8 2 70
1 2 8 4 70
1 2 8 6 70
1 2 8 8 70
1 2 9 0 70
1 2 9 2 70
1 2 9 4 70
1 2 9 6 70
1 2 9 8 70
3 1 0 9 70
3 1 3 9 70
4 9 0 0 71
4 9 4 0 71
1 2 8 0 71
1 2 8 2 71
1 2 8 4 71
1 2 8 6 71
1 2 8 8 71
1 2 9 0 71
1 2 9 2 71
1 2 9 4 71
1 2 9 6 71
1 2 9 8 71
3 1 0 9 71
3 1 3 9 71
4 9 0 0 72
4 9 4 0 72
1 2 8 0 72
1 2 8 2 72
1 2 8 4 72
1 2 8 6 72
1 2 8 8 72
1 2 9 0 72
1 2 9 2 72
1 2 9 4 72
3 1 0 9 72
3 1 3 9 72
1 4 9 6 72
4 9 0 0 73
4 9 4 0 73
3 1 0 9 73
3 1 3 9 73
3 1 6 9 73
2 2 8 0 73
1 4 8 2 73
2 2 8 6 73
1 4 9 2 73
4 9 0 0 74
4 9 4 0 74
3 1 0 9 74
3 1 3 9 74
3 1 6 9 74
2 2 8 0 74
1 4 8 2 74
2 2 8 6 74
1 4 9 2 74
4 9 0 0 75
4 9 4 0 75
3 1 0 9 75
3 1 3 9 75
3 1 6 9 75
2 2 8 0 75
1 4 8 2 75
1 4 9 2 75
2 2 8 6 75
4 9 0 0 76
4 9 4 0 76
3 1 0 9 76
3 1 3 9 76
3 1 6 9 76
1 4 8 0 76
2 2 8 4 76
2 2 8 6 76
1 4 9 0 76
4 9 0 0 77
4 9 4 0 77
3 1 0 9 77
3 1 3 9 77
3 1 6 9 77
2 2 8 0 77
2 2 8 2 77
1 4 8 4 77
1 4 9 4 77
4 9 0 0 78
4 9 4 0 78
3 1 0 9 78
3 1 3 9 78
3 1 6 9 78
2 2 8 0 78
2 2 8 2 78
1 4 8 4 78
1 4 9 4 78
4 9 0 0 79
4 9 4 0 79
3 1 0 9 79
3 1 3 9 79
3 1 6 9 79
2 2 8 0 79
2 2 8 2 79
2 2 8 4 79
1 4 9 6 79
4 9 0 0 80
4 9 4 0 80
3 1 0 9 80
3 1 3 9 80
3 1 6 9 80
1 4 8 0 80
1 4 8 4 80
1 4 9 0 80
1 4 9 4 80
4 9 0 0 81
4 9 4 0 81
3 1 0 9 81
3 1 3 9 81
3 1 6 9 81
1 4 8 0 81
1 4 8 4 81
1 4 9 0 81
1 4 9 4 81
4 9 0 0 82
4 9 4 0 82
3 1 0 9 82
3 1 3 9 82
3 1 6 9 82
2 2 8 0 82
1 4 8 2 82
2 2 8 6 82
1 4 9 2 82
4 9 0 0 83
4 9 4 0 83
3 1 0 9 83
3 1 3 9 83
3 1 6 9 83
2 2 8 0 83
2 2 8 2 83
1 4 8 4 83
1 4 9 4 83
4 9 0 0 84
4 9 4 0 84
3 1 0 9 84
3 1 3 9 84
3 1 6 9 84
1 4 8 0 84
2 2 8 4 84
2 2 8 6 84
1 4 9 0 84
4 9 0 0 85
4 9 4 0 85
3 1 0 9 85
3 1 3 9 85
3 1 6 9 85
2 2 8 0 85
2 2 8 2 85
2 2 8 4 85
2 2 8 6 85
4 9 0 0 86
4 9 4 0 86
3 1 0 9 86
3 1 3 9 86
3 1 6 9 86
1 4 8 0 86
1 4 8 4 86
1 4 9 0 86
1 4 9 4 86
4 9 0 0 87
4 9 4 0 87
3 1 0 9 87
3 1 3 9 87
3 1 6 9 87
1 4 8 0 87
2 2 8 4 87
1 4 9 6 87
1 4 9 0 87
4 9 0 0 88
4 9 4 0 88
3 1 0 9 88
3 1 3 9 88
3 1 6 9 88
2 2 8 0 88
2 2 8 2 88
2 2 8 4 88
1 4 9 6 88
4 9 0 0 89
4 9 4 0 89
3 1 0 9 89
3 1 3 9 89
3 1 6 9 89
2 2 8 0 89
2 2 8 2 89
1 4 8 4 89
1 4 9 4 89
4 9 0 0 90
4 9 4 0 90
3 1 0 9 90
3 1 3 9 90
3 1 6 9 90
2 2 8 0 90
1 4 8 2 90
1 4 9 2 90
2 2 8 6 90
4 9 0 0 91
4 9 4 0 91
3 1 0 9 91
3 1 3 9 91
3 1 6 9 91
2 2 8 0 91
1 4 8 2 91
1 4 9 2 91
1 4 9 6 91
4 9 0 0 92
4 9 4 0 92
3 1 0 9 92
3 1 3 9 92
3 1 6 9 92
1 4 8 0 92
1 4 8 4 92
1 4 9 0 92
1 4 9 4 92
4 9 0 0 93
4 9 4 0 93
3 1 0 9 93
3 1 3 9 93
3 1 6 9 93
1 4 8 0 93
2 2 8 4 93
1 4 9 6 93
1 4 9 0 93
4 9 0 0 94
4 9 4 0 94
3 1 0 9 94
3 1 3 9 94
3 1 6 9 94
2 2 8 0 94
2 2 8 2 94
2 2 8 4 94
1 4 9 6 94
4 9 0 0 95
4 9 4 0 95
3 1 0 9 95
3 1 3 9 95
3 1 6 9 95
1 4 8 0 95
1 4 8 4 95
1 4 9 0 95
1 4 9 4 95
4 9 0 0 96
4 9 4 0 96
3 1 0 9 96
3 1 3 9 96
3 1 6 9 96
2 2 8 0 96
1 4 8 2 96
1 4 9 2 96
2 2 8 6 96
4 9 0 0 97
4 9 4 0 97
3 1 0 9 97
3 1 3 9 97
3 1 6 9 97
1 4 8 0 97
2 2 8 4 97
1 4 9 6 97
1 4 9 0 97
4 9 0 0 98
4 9 4 0 98
3 1 0 9 98
3 1 3 9 98
3 1 6 9 98
2 2 8 0 98
1 4 8 2 98
1 4 9 2 98
2 2 8 6 98
4 9 0 0 99
4 9 4 0 99
3 1 0 9 99
3 1 3 9 99
3 1 6 9 99
1 4 8 0 99
2 2 8 4 99
1 4 9 6 99
1 4 9 0 99
4 9 0 0 100
4 9 4 0 100
3 1 0 9 100
3 1 3 9 100
3 1 6 9 100
2 2 8 0 100
2 2 8 2 100
2 2 8 4 100
1 4 9 6 100
4 9 0 0 101
4 9 4 0 101
3 1 0 9 101
3 1 3 9 101
3 1 6 9 101
2 2 8 0 101
1 4 8 2 101
1 4 9 2 101
1 4 9 6 101
4 9 0 0 102
4 9 4 0 102
3 1 0 9 102
3 1 3 9 102
3 1 6 9 102
2 2 8 0 102
2 2 8 2 102
2 2 8 4 102
1 4 9 6 102
4 9 0 0 103
4 9 4 0 103
3 1 0 9 103
3 1 3 9 103
3 1 6 9 103
2 2 8 0 103
1 4 8 2 103
2 2 8 6 103
1 4 9 2 103
4 9 0 0 104
4 9 4 0 104
3 1 0 9 104
3 1 3 9 104
3 1 6 9 104
2 2 8 0 104
1 4 8 2 104
1 4 9 2 104
2 2 8 6 104
4 9 0 0 105
4 9 4 0 105
3 1 0 9 105
3 1 3 9 105
3 1 6 9 105
2 2 8 0 105
2 2 8 2 105
1 4 8 4 105
1 4 9 4 105
4 9 0 0 106
4 9 4 0 106
3 1 0 9 106
3 1 3 9 106
3 1 6 9 106
1 4 8 0 106
1 4 8 4 106
1 4 9 0 106
1 4 9 4 106
4 9 0 0 107
4 9 4 0 107
3 1 0 9 107
3 1 3 9 107
3 1 6 9 107
2 2 8 0 107
1 4 8 2 107
2 2 8 6 107
1 4 9 2 107
4 9 0 0 108
4 9 4 0 108
3 1 0 9 108
3 1 3 9 108
3 1 6 9 108
2 2 8 0 108
1 4 8 2 108
1 4 9 2 108
2 2 8 6 108
4 9 0 0 109
4 9 4 0 109
3 1 0 9 109
3 1 3 9 109
3 1 6 9 109
2 2 8 0 109
1 4 8 2 109
1 4 9 2 109
2 2 8 6 109
4 9 0 0 110
4 9 4 0 110
3 1 0 9 110
3 1 3 9 110
3 1 6 9 110
1 4 8 0 110
2 2 8 4 110
2 2 8 6 110
1 4 9 0 110
4 9 0 0 111
4 9 4 0 111
3 1 0 9 111
3 1 3 9 111
3 1 6 9 111
2 2 8 0 111
2 2 8 2 111
2 2 8 4 111
1 4 9 6 111
4 9 0 0 112
4 9 4 0 112
3 1 0 9 112
3 1 3 9 112
3 1 6 9 112
2 2 8 0 112
2 2 8 2 112
2 2 8 4 112
2 2 8 6 112
4 9 0 0 113
4 9 4 0 113
3 1 0 9 113
3 1 3 9 113
3 1 6 9 113
2 2 8 0 113
2 2 8 2 113
1 4 8 4 113
1 4 9 4 113
4 9 0 0 114
4 9 4 0 114
3 1 0 9 114
3 1 3 9 114
3 1 6 9 114
2 2 8 0 114
2 2 8 2 114
1 4 8 4 114
1 4 9 4 114
4 9 0 0 115
4 9 4 0 115
3 1 0 9 115
3 1 3 9 115
3 1 6 9 115
1 4 8 0 115
1 4 8 4 115
1 4 9 0 115
1 4 9 4 115
4 9 0 0 116
4 9 4 0 116
3 1 0 9 116
3 1 3 9 116
3 1 6 9 116
2 2 8 0 116
1 4 8 2 116
1 4 9 2 116
2 2 8 6 116
4 9 0 0 117
4 9 4 0 117
3 1 0 9 117
3 1 3 9 117
3 1 6 9 117
1 4 8 0 117
2 2 8 4 117
1 4 9 6 117
1 4 9 0 117
4 9 0 0 118
4 9 4 0 118
3 1 0 9 118
3 1 3 9 118
3 1 6 9 118
2 2 8 0 118
2 2 8 2 118
2 2 8 4 118
2 2 8 6 118
4 9 0 0 119
4 9 4 0 119
3 1 0 9 119
3 1 3 9 119
3 1 6 9 119
1 4 8 0 119
1 4 8 4 119
1 4 9 0 119
1 4 9 4 119
4 9 0 0 120
4 9 4 0 120
3 1 0 9 120
3 1 3 9 120
3 1 6 9 120
2 2 8 0 120
2 2 8 2 120
2 2 8 4 120
2 2 8 6 120
4 9 0 0 121
4 9 4 0 121
3 1 0 9 121
3 1 3 9 121
3 1 6 9 121
1 4 8 0 121
2 2 8 4 121
1 4 9 6 121
1 4 9 0 121
4 9 0 0 122
4 9 4 0 122
3 1 0 9 122
3 1 3 9 122
3 1 6 9 122
2 2 8 0 122
2 2 8 2 122
2 2 8 4 122
1 4 9 6 122
4 9 0 0 123
4 9 4 0 123
3 1 0 9 123
3 1 3 9 123
3 1 6 9 123
1 4 8 0 123
1 4 8 4 123
1 4 9 0 123
1 4 9 4 123
4 9 0 0 124
4 9 4 0 124
3 1 0 9 124
3 1 3 9 124
3 1 6 9 124
2 2 8 0 124
1 4 8 2 124
1 4 9 2 124
1 4 9 6 124
4 9 0 0 125
4 9 4 0 125
3 1 0 9 125
3 1 3 9 125
3 1 6 9 125
1 4 8 0 125
2 2 8 4 125
1 4 9 6 125
1 4 9 0 125
4 9 0 0 126
4 9 4 0 126
3 1 0 9 126
3 1 3 9 126
3 1 6 9 126
2 2 8 0 126
2 2 8 2 126
1 4 8 4 126
1 4 9 4 126
4 9 0 0 127
4 9 4 0 127
3 1 0 9 127
3 1 3 9 127
3 1 6 9 127
2 2 8 0 127
2 2 8 2 127
1 4 8 4 127
1 4 9 4 127
4 9 0 0 128
4 9 4 0 128
3 1 0 9 128
3 1 3 9 128
3 1 6 9 128
1 4 8 0 128
1 4 8 4 128
1 4 9 0 128
1 4 9 4 128
4 9 0 0 129
4 9 4 0 129
3 1 0 9 129
3 1 3 9 129
3 1 6 9 129
1 4 8 0 129
2 2 8 4 129
1 4 9 6 129
1 4 9 0 129
4 9 0 0 130
4 9 4 0 130
3 1 0 9 130
3 1 3 9 130
3 1 6 9 130
2 2 8 0 130
2 2 8 2 130
1 4 8 4 130
1 4 9 4 130
4 9 0 0 131
4 9 4 0 131
3 1 0 9 131
3 1 3 9 131
3 1 6 9 131
1 4 8 0 131
2 2 8 4 131
1 4 9 6 131
1 4 9 0 131
4 9 0 0 132
4 9 4 0 132
3 1 0 9 132
3 1 3 9 132
3 1 6 9 132
1 4 8 0 132
1 4 8 4 132
1 4 9 0 132
1 4 9 4 132
4 9 0 0 133
4 9 4 0 133
3 1 0 9 133
3 1 3 9 133
3 1 6 9 133
1 4 8 0 133
2 2 8 4 133
2 2 8 6 133
1 4 9 0 133
4 9 0 0 134
4 9 4 0 134
3 1 0 9 134
3 1 3 9 134
3 1 6 9 134
1 4 8 0 134
2 2 8 4 134
2 2 8 6 134
1 4 9 0 134
4 9 0 0 135
4 9 4 0 135
3 1 0 9 135
3 1 3 9 135
3 1 6 9 135
1 4 8 0 135
2 2 8 4 135
2 2 8 6 135
1 4 9 0 135
4 9 0 0 136
4 9 4 0 136
3 1 0 9 136
3 1 3 9 136
3 1 6 9 136
2 2 8 0 136
2 2 8 2 136
1 4 8 4 136
1 4 9 4 136
4 9 0 0 137
4 9 4 0 137
3 1 0 9 137
3 1 3 9 137
3 1 6 9 137
2 2 8 0 137
2 2 8 2 137
2 2 8 4 137
1 4 9 6 137
4 9 0 0 138
4 9 4 0 138
3 1 0 9 138
3 1 3 9 138
3 1 6 9 138
2 2 8 0 138
1 4 8 2 138
1 4 9 2 138
2 2 8 6 138
4 9 0 0 139
4 9 4 0 139
3 1 0 9 139
3 1 3 9 139
3 1 6 9 139
2 2 8 0 139
1 4 8 2 139
1 4 9 2 139
1 4 9 6 139
4 9 0 0 140
4 9 4 0 140
3 1 0 9 140
3 1 3 9 140
3 1 6 9 140
1 4 8 0 140
2 2 8 4 140
2 2 8 6 140
1 4 9 0 140
4 9 0 0 141
4 9 4 0 141
3 1 0 9 141
3 1 3 9 141
3 1 6 9 141
1 4 8 0 141
1 4 8 4 141
1 4 9 0 141
1 4 9 4 141
4 9 0 0 142
4 9 4 0 142
3 1 0 9 142
3 1 3 9 142
3 1 6 9 142
1 4 8 0 142
2 2 8 4 142
1 4 9 6 142
1 4 9 0 142
4 9 0 0 143
4 9 4 0 143
3 1 0 9 143
3 1 3 9 143
3 1 6 9 143
2 2 8 0 143
2 2 8 2 143
2 2 8 4 143
2 2 8 6 143
4 9 0 0 144
4 9 4 0 144
3 1 0 9 144
3 1 3 9 144
3 1 6 9 144
1 4 8 0 144
1 4 8 4 144
1 4 9 0 144
1 4 9 4 144
4 9 0 0 145
4 9 4 0 145
3 1 0 9 145
3 1 3 9 145
3 1 6 9 145
1 4 8 0 145
2 2 8 4 145
2 2 8 6 145
1 4 9 0 145
4 9 0 0 146
4 9 4 0 146
3 1 0 9 146
3 1 3 9 146
3 1 6 9 146
1 4 8 0 146
2 2 8 4 146
1 4 9 6 146
1 4 9 0 146
4 9 0 0 147
4 9 4 0 147
3 1 0 9 147
3 1 3 9 147
3 1 6 9 147
2 2 8 0 147
2 2 8 2 147
2 2 8 4 147
2 2 8 6 147
4 9 0 0 148
4 9 4 0 148
3 1 0 9 148
3 1 3 9 148
3 1 6 9 148
2 2 8 0 148
1 4 8 2 148
2 2 8 6 148
1 4 9 2 148
4 9 0 0 149
4 9 4 0 149
3 1 0 9 149
3 1 3 9 149
3 1 6 9 149
2 2 8 0 149
2 2 8 2 149
2 2 8 4 149
2 2 8 6 149
4 9 0 0 150
4 9 4 0 150
3 1 0 9 150
3 1 3 9 150
3 1 6 9 150
2 2 8 0 150
1 4 8 2 150
1 4 9 2 150
2 2 8 6 150
4 9 0 0 151
4 9 4 0 151
3 1 0 9 151
3 1 3 9 151
3 1 6 9 151
1 4 8 0 151
1 4 8 4 151
1 4 9 0 151
1 4 9 4 151
4 9 0 0 152
4 9 4 0 152
3 1 0 9 152
3 1 3 9 152
3 1 6 9 152
2 2 8 0 152
2 2 8 2 152
1 4 8 4 152
1 4 9 4 152
4 9 0 0 153
4 9 4 0 153
3 1 0 9 153
3 1 3 9 153
3 1 6 9 153
2 2 8 0 153
1 4 8 2 153
2 2 8 6 153
1 4 9 2 153
4 9 0 0 154
4 9 4 0 154
3 1 0 9 154
3 1 3 9 154
3 1 6 9 154
2 2 8 0 154
1 4 8 2 154
1 4 9 2 154
1 4 9 6 154
4 9 0 0 155
4 9 4 0 155
3 1 0 9 155
3 1 3 9 155
3 1 6 9 155
1 4 8 0 155
1 4 8 4 155
1 4 9 0 155
1 4 9 4 155
4 9 0 0 156
4 9 4 0 156
3 1 0 9 156
3 1 3 9 156
3 1 6 9 156
2 2 8 0 156
2 2 8 2 156
2 2 8 4 156
2 2 8 6 156
4 9 0 0 157
4 9 4 0 157
3 1 0 9 157
3 1 3 9 157
3 1 6 9 157
1 4 8 0 157
2 2 8 4 157
2 2 8 6 157
1 4 9 0 157
4 9 0 0 158
4 9 4 0 158
3 1 0 9 158
3 1 3 9 158
3 1 6 9 158
2 2 8 0 158
2 2 8 2 158
2 2 8 4 158
1 4 9 6 158
4 9 0 0 159
4 9 4 0 159
3 1 0 9 159
3 1 3 9 159
3 1 6 9 159
1 4 8 0 159
2 2 8 4 159
2 2 8 6 159
1 4 9 0 159
4 9 0 0 160
4 9 4 0 160
3 1 0 9 160
3 1 3 9 160
3 1 6 9 160
2 2 8 0 160
1 4 8 2 160
1 4 9 2 160
2 2 8 6 160
4 9 0 0 161
4 9 4 0 161
3 1 0 9 161
3 1 3 9 161
3 1 6 9 161
2 2 8 0 161
1 4 8 2 161
1 4 9 2 161
2 2 8 6 161
4 9 0 0 162
4 9 4 0 162
3 1 0 9 162
3 1 3 9 162
3 1 6 9 162
1 4 8 0 162
1 4 8 4 162
1 4 9 0 162
1 4 9 4 162
4 9 0 0 163
4 9 4 0 163
3 1 0 9 163
3 1 3 9 163
3 1 6 9 163
1 4 8 0 163
1 4 8 4 163
1 4 9 0 163
1 4 9 4 163
4 9 0 0 164
4 9 4 0 164
3 1 0 9 164
3 1 3 9 164
3 1 6 9 164
2 2 8 0 164
2 2 8 2 164
2 2 8 4 164
2 2 8 6 164
4 9 0 0 165
4 9 4 0 165
3 1 0 9 165
3 1 3 9 165
3 1 6 9 165
2 2 8 0 165
2 2 8 2 165
2 2 8 4 165
2 2 8 6 165
4 9 0 0 166
4 9 4 0 166
3 1 0 9 166
3 1 3 9 166
3 1 6 9 166
1 4 8 0 166
2 2 8 4 166
2 2 8 6 166
1 4 9 0 166
4 9 0 0 167
4 9 4 0 167
3 1 0 9 167
3 1 3 9 167
3 1 6 9 167
2 2 8 0 167
2 2 8 2 167
1 4 8 4 167
1 4 9 4 167
4 9 0 0 168
4 9 4 0 168
3 1 0 9 168
3 1 3 9 168
3 1 6 9 168
2 2 8 0 168
2 2 8 2 168
2 2 8 4 168
2 2 8 6 168
4 9 0 0 169
4 9 4 0 169
3 1 0 9 169
3 1 3 9 169
3 1 6 9 169
2 2 8 0 169
2 2 8 2 169
1 4 8 4 169
1 4 9 4 169
4 9 0 0 170
4 9 4 0 170
3 1 0 9 170
3 1 3 9 170
3 1 6 9 170
2 2 8 0 170
2 2 8 2 170
1 4 8 4 170
1 4 9 4 170
4 9 0 0 171
4 9 4 0 171
3 1 0 9 171
3 1 3 9 171
3 1 6 9 171
2 2 8 0 171
2 2 8 2 171
1 4 8 4 171
1 4 9 4 171
4 9 0 0 172
4 9 4 0 172
3 1 0 9 172
3 1 3 9 172
3 1 6 9 172
2 2 8 0 172
1 4 8 2 172
2 2 8 6 172
1 4 9 2 172
4 9 0 0 173
4 9 4 0 173
3 1 0 9 173
3 1 3 9 173
3 1 6 9 173
1 4 8 0 173
2 2 8 4 173
2 2 8 6 173
1 4 9 0 173
4 9 0 0 174
4 9 4 0 174
3 1 0 9 174
3 1 3 9 174
3 1 6 9 174
2 2 8 0 174
1 4 8 2 174
2 2 8 6 174
1 4 9 2 174
4 9 0 0 175
4 9 4 0 175
3 1 0 9 175
3 1 3 9 175
3 1 6 9 175
2 2 8 0 175
2 2 8 2 175
2 2 8 4 175
1 4 9 6 175
4 9 0 0 176
4 9 4 0 176
3 1 0 9 176
3 1 3 9 176
3 1 6 9 176
1 4 8 0 176
2 2 8 4 176
1 4 9 6 176
1 4 9 0 176
4 9 0 0 177
4 9 4 0 177
3 1 0 9 177
3 1 3 9 177
3 1 6 9 177
2 2 8 0 177
2 2 8 2 177
2 2 8 4 177
1 4 9 6 177
4 9 0 0 178
4 9 4 0 178
3 1 0 9 178
3 1 3 9 178
3 1 6 9 178
1 4 8 0 178
1 4 8 4 178
1 4 9 0 178
1 4 9 4 178
4 9 0 0 179
4 9 4 0 179
3 1 0 9 179
3 1 3 9 179
3 1 6 9 179
2 2 8 0 179
2 2 8 2 179
2 2 8 4 179
1 4 9 6 179
4 9 0 0 180
4 9 4 0 180
3 1 0 9 180
3 1 3 9 180
3 1 6 9 180
1 4 8 0 180
2 2 8 4 180
1 4 9 6 180
1 4 9 0 180
4 9 0 0 181
4 9 4 0 181
3 1 0 9 181
3 1 3 9 181
3 1 6 9 181
1 4 8 0 181
2 2 8 4 181
2 2 8 6 181
1 4 9 0 181
4 9 0 0 182
4 9 4 0 182
3 1 0 9 182
3 1 3 9 182
3 1 6 9 182
1 4 8 0 182
2 2 8 4 182
2 2 8 6 182
1 4 9 0 182
4 9 0 0 183
4 9 4 0 183
3 1 0 9 183
3 1 3 9 183
3 1 6 9 183
2 2 8 0 183
2 2 8 2 183
2 2 8 4 183
2 2 8 6 183
4 9 0 0 184
4 9 4 0 184
3 1 0 9 184
3 1 3 9 184
3 1 6 9 184
1 4 8 0 184
1 4 8 4 184
1 4 9 0 184
1 4 9 4 184
4 9 0 0 185
4 9 4 0 185
3 1 0 9 185
3 1 3 9 185
3 1 6 9 185
2 2 8 0 185
2 2 8 2 185
1 4 8 4 185
1 4 9 4 185
4 9 0 0 186
4 9 4 0 186
3 1 0 9 186
3 1 3 9 186
3 1 6 9 186
2 2 8 0 186
2 2 8 2 186
2 2 8 4 186
2 2 8 6 186
4 9 0 0 187
4 9 4 0 187
3 1 0 9 187
3 1 3 9 187
3 1 6 9 187
2 2 8 0 187
2 2 8 2 187
1 4 8 4 187
1 4 9 4 187
4 9 0 0 188
4 9 4 0 188
3 1 0 9 188
3 1 3 9 188
3 1 6 9 188
2 2 8 0 188
2 2 8 2 188
2 2 8 4 188
2 2 8 6 188
4 9 0 0 189
4 9 4 0 189
3 1 0 9 189
3 1 3 9 189
3 1 6 9 189
1 4 8 0 189
2 2 8 4 189
2 2 8 6 189
1 4 9 0 189
4 9 0 0 190
4 9 4 0 190
3 1 0 9 190
3 1 3 9 190
3 1 6 9 190
2 2 8 0 190
2 2 8 2 190
2 2 8 4 190
1 4 9 6 190
4 9 0 0 191
4 9 4 0 191
3 1 0 9 191
3 1 3 9 191
3 1 6 9 191
2 2 8 0 191
2 2 8 2 191
2 2 8 4 191
2 2 8 6 191
4 9 0 0 192
4 9 4 0 192
3 1 0 9 192
3 1 3 9 192
3 1 6 9 192
2 2 8 0 192
2 2 8 2 192
2 2 8 4 192
2 2 8 6 192
4 9 0 0 193
4 9 4 0 193
3 1 0 9 193
3 1 3 9 193
3 1 6 9 193
2 2 8 0 193
1 4 8 2 193
2 2 8 6 193
1 4 9 2 193
4 9 0 0 194
4 9 4 0 194
3 1 0 9 194
3 1 3 9 194
3 1 6 9 194
1 4 8 0 194
1 4 8 4 194
1 4 9 0 194
1 4 9 4 194
4 9 0 0 195
4 9 4 0 195
3 1 0 9 195
3 1 3 9 195
3 1 6 9 195
1 4 8 0 195
2 2 8 4 195
1 4 9 6 195
1 4 9 0 195
4 9 0 0 196
4 9 4 0 196
3 1 0 9 196
3 1 3 9 196
3 1 6 9 196
2 2 8 0 196
1 4 8 2 196
2 2 8 6 196
1 4 9 2 196
4 9 0 0 197
4 9 4 0 197
3 1 0 9 197
3 1 3 9 197
3 1 6 9 197
2 2 8 0 197
1 4 8 2 197
1 4 9 2 197
2 2 8 6 197
4 9 0 0 198
4 9 4 0 198
3 1 0 9 198
3 1 3 9 198
3 1 6 9 198
1 4 8 0 198
1 4 8 4 198
1 4 9 0 198
1 4 9 4 198
4 9 0 0 199
4 9 4 0 199
3 1 0 9 199
3 1 3 9 199
3 1 6 9 199
1 4 8 0 199
1 4 8 4 199
1 4 9 0 199
1 4 9 4 199
4 9 0 0 200
4 9 4 0 200
3 1 0 9 200
3 1 3 9 200
3 1 6 9 200
1 4 8 0 200
1 4 8 4 200
1 4 9 0 200
1 4 9 4 200
4 9 0 0 201
4 9 4 0 201
3 1 0 9 201
3 1 3 9 201
3 1 6 9 201
2 2 8 0 201
2 2 8 2 201
2 2 8 4 201
2 2 8 6 201
4 9 0 0 202
4 9 4 0 202
3 1 0 9 202
3 1 3 9 202
3 1 6 9 202
1 4 8 0 202
1 4 8 4 202
1 4 9 0 202
1 4 9 4 202
4 9 0 0 203
4 9 4 0 203
3 1 0 9 203
3 1 3 9 203
3 1 6 9 203
1 4 8 0 203
2 2 8 4 203
2 2 8 6 203
1 4 9 0 203
4 9 0 0 204
4 9 4 0 204
3 1 0 9 204
3 1 3 9 204
3 1 6 9 204
2 2 8 0 204
2 2 8 2 204
2 2 8 4 204
2 2 8 6 204
4 9 0 0 205
4 9 4 0 205
3 1 0 9 205
3 1 3 9 205
3 1 6 9 205
2 2 8 0 205
2 2 8 2 205
2 2 8 4 205
2 2 8 6 205
4 9 0 0 206
4 9 4 0 206
3 1 0 9 206
3 1 3 9 206
3 1 6 9 206
2 2 8 0 206
2 2 8 2 206
1 4 8 4 206
1 4 9 4 206
4 9 0 0 207
4 9 4 0 207
3 1 0 9 207
3 1 3 9 207
3 1 6 9 207
1 4 8 0 207
1 4 8 4 207
1 4 9 0 207
1 4 9 4 207
4 9 0 0 208
4 9 4 0 208
3 1 0 9 208
3 1 3 9 208
3 1 6 9 208
1 4 8 0 208
2 2 8 4 208
2 2 8 6 208
1 4 9 0 208
4 9 0 0 209
4 9 4 0 209
3 1 0 9 209
3 1 3 9 209
3 1 6 9 209
2 2 8 0 209
1 4 8 2 209
1 4 9 2 209
2 2 8 6 209
4 9 0 0 210
4 9 4 0 210
3 1 0 9 210
3 1 3 9 210
3 1 6 9 210
2 2 8 0 210
1 4 8 2 210
2 2 8 6 210
1 4 9 2 210
4 9 0 0 211
4 9 4 0 211
3 1 0 9 211
3 1 3 9 211
3 1 6 9 211
2 2 8 0 211
2 2 8 2 211
1 4 8 4 211
1 4 9 4 211
4 9 0 0 212
4 9 4 0 212
3 1 0 9 212
3 1 3 9 212
3 1 6 9 212
2 2 8 0 212
2 2 8 2 212
1 4 8 4 212
1 4 9 4 212
4 9 0 0 213
4 9 4 0 213
3 1 0 9 213
3 1 3 9 213
3 1 6 9 213
2 2 8 0 213
1 4 8 2 213
1 4 9 2 213
1 4 9 6 213
4 9 0 0 214
4 9 4 0 214
3 1 0 9 214
3 1 3 9 214
3 1 6 9 214
2 2 8 0 214
1 4 8 2 214
1 4 9 2 214
2 2 8 6 214
4 9 0 0 215
4 9 4 0 215
3 1 0 9 215
3 1 3 9 215
3 1 6 9 215
1 4 8 0 215
1 4 8 4 215
1 4 9 0 215
1 4 9 4 215
4 9 0 0 216
4 9 4 0 216
3 1 0 9 216
3 1 3 9 216
3 1 6 9 216
1 4 8 0 216
2 2 8 4 216
1 4 9 6 216
1 4 9 0 216
4 9 0 0 217
4 9 4 0 217
3 1 0 9 217
3 1 3 9 217
3 1 6 9 217
2 2 8 0 217
2 2 8 2 217
1 4 8 4 217
1 4 9 4 217
4 9 0 0 218
4 9 4 0 218
3 1 0 9 218
3 1 3 9 218
3 1 6 9 218
1 4 8 0 218
1 4 8 4 218
1 4 9 0 218
1 4 9 4 218
4 9 0 0 219
4 9 4 0 219
3 1 0 9 219
3 1 3 9 219
3 1 6 9 219
1 4 8 0 219
2 2 8 4 219
1 4 9 6 219
1 4 9 0 219
4 9 0 0 220
4 9 4 0 220
3 1 0 9 220
3 1 3 9 220
3 1 6 9 220
2 2 8 0 220
2 2 8 2 220
2 2 8 4 220
2 2 8 6 220
4 9 0 0 221
4 9 4 0 221
3 1 0 9 221
3 1 3 9 221
3 1 6 9 221
1 4 8 0 221
2 2 8 4 221
2 2 8 6 221
1 4 9 0 221
4 9 0 0 222
4 9 4 0 222
3 1 0 9 222
3 1 3 9 222
3 1 6 9 222
1 4 8 0 222
1 4 8 4 222
1 4 9 0 222
1 4 9 4 222
4 9 0 0 223
4 9 4 0 223
3 1 0 9 223
3 1 3 9 223
3 1 6 9 223
2 2 8 0 223
2 2 8 2 223
1 4 8 4 223
1 4 9 4 223
4 9 0 0 224
4 9 4 0 224
3 1 0 9 224
3 1 3 9 224
3 1 6 9 224
2 2 8 0 224
2 2 8 2 224
2 2 8 4 224
2 2 8 6 224
4 9 0 0 225
4 9 4 0 225
3 1 0 9 225
3 1 3 9 225
3 1 6 9 225
1 4 8 0 225
2 2 8 4 225
1 4 9 6 225
1 4 9 0 225
4 9 0 0 226
4 9 4 0 226
3 1 0 9 226
3 1 3 9 226
3 1 6 9 226
2 2 8 0 226
2 2 8 2 226
2 2 8 4 226
1 4 9 6 226
4 9 0 0 227
4 9 4 0 227
3 1 0 9 227
3 1 3 9 227
3 1 6 9 227
2 2 8 0 227
1 4 8 2 227
1 4 9 2 227
1 4 9 6 227
4 9 0 0 228
4 9 4 0 228
3 1 0 9 228
3 1 3 9 228
3 1 6 9 228
1 4 8 0 228
2 2 8 4 228
2 2 8 6 228
1 4 9 0 228
4 9 0 0 229
4 9 4 0 229
3 1 0 9 229
3 1 3 9 229
3 1 6 9 229
2 2 8 0 229
2 2 8 2 229
2 2 8 4 229
2 2 8 6 229
4 9 0 0 230
4 9 4 0 230
3 1 0 9 230
3 1 3 9 230
3 1 6 9 230
2 2 8 0 230
2 2 8 2 230
2 2 8 4 230
1 4 9 6 230
4 9 0 0 231
4 9 4 0 231
3 1 0 9 231
3 1 3 9 231
3 1 6 9 231
1 4 8 0 231
2 2 8 4 231
1 4 9 6 231
1 4 9 0 231
4 9 0 0 232
4 9 4 0 232
3 1 0 9 232
3 1 3 9 232
3 1 6 9 232
2 2 8 0 232
1 4 8 2 232
2 2 8 6 232
1 4 9 2 232
4 9 0 0 233
4 9 4 0 233
3 1 0 9 233
3 1 3 9 233
3 1 6 9 233
2 2 8 0 233
1 4 8 2 233
1 4 9 2 233
2 2 8 6 233
4 9 0 0 234
4 9 4 0 234
3 1 0 9 234
3 1 3 9 234
3 1 6 9 234
2 2 8 0 234
1 4 8 2 234
2 2 8 6 234
1 4 9 2 234
4 9 0 0 235
4 9 4 0 235
3 1 0 9 235
3 1 3 9 235
3 1 6 9 235
2 2 8 0 235
2 2 8 2 235
2 2 8 4 235
1 4 9 6 235
4 9 0 0 236
4 9 4 0 236
3 1 0 9 236
2 2 8 0 236
2 2 8 2 236
2 2 8 4 236
1 4 8 6 236
1 4 9 6 236
4 9 0 0 237
4 9 4 0 237
2 2 8 0 237
1 4 8 2 237
2 2 8 6 237
2 2 8 8 237
1 4 9 2 237
8 1 0 9 237
4 9 0 0 238
4 9 4 0 238
2 2 8 0 238
1 4 8 2 238
1 4 8 6 238
1 4 9 2 238
1 4 9 6 238
8 1 0 9 238
4 9 0 0 239
4 9 4 0 239
2 2 8 0 239
1 4 8 2 239
1 4 8 6 239
1 4 9 2 239
1 4 9 6 239
8 1 0 9 239
4 9 0 0 240
4 9 4 0 240
2 2 8 0 240
2 2 8 2 240
2 2 8 4 240
1 4 8 6 240
1 4 9 6 240
8 1 0 9 240
4 9 0 0 241
4 9 4 0 241
2 2 8 0 241
2 2 8 2 241
2 2 8 4 241
2 2 8 6 241
2 2 8 8 241
8 1 0 9 241
4 9 0 0 242
4 9 4 0 242
2 2 8 0 242
1 4 8 2 242
1 4 8 6 242
1 4 9 2 242
1 4 9 6 242
8 1 0 9 242
4 9 0 0 243
4 9 4 0 243
2 2 8 0 243
2 2 8 2 243
2 2 8 4 243
2 2 8 6 243
2 2 8 8 243
8 1 0 9 243
4 9 0 0 244
4 9 4 0 244
2 2 8 0 244
2 2 8 2 244
2 2 8 4 244
1 4 8 6 244
1 4 9 6 244
8 1 0 9 244
4 9 0 0 245
4 9 4 0 245
2 2 8 0 245
2 2 8 2 245
1 4 8 4 245
1 4 9 4 245
2 2 8 8 245
8 1 0 9 245
4 9 0 0 246
4 9 4 0 246
2 2 8 0 246
1 4 8 2 246
1 4 8 6 246
1 4 9 2 246
1 4 9 6 246
8 1 0 9 246
4 9 0 0 247
4 9 4 0 247
2 2 8 0 247
2 2 8 2 247
1 4 8 4 247
2 2 8 8 247
1 4 9 4 247
8 1 0 9 247
4 9 0 0 248
4 9 4 0 248
2 2 8 0 248
1 4 8 2 248
2 2 8 6 248
2 2 8 8 248
1 4 9 2 248
8 1 0 9 248
4 9 0 0 249
4 9 4 0 249
2 2 8 0 249
1 4 8 2 249
2 2 8 6 249
1 4 9 2 249
2 2 8 8 249
8 1 0 9 249
4 9 0 0 250
4 9 4 0 250
2 2 8 0 250
1 4 8 2 250
2 2 8 6 250
1 4 9 2 250
2 2 8 8 250
8 1 0 9 250
4 9 0 0 251
4 9 4 0 251
2 2 8 0 251
2 2 8 2 251
2 2 8 4 251
1 4 8 6 251
1 4 9 6 251
8 1 0 9 251
4 9 0 0 252
4 9 4 0 252
2 2 8 0 252
2 2 8 2 252
2 2 8 4 252
2 2 8 6 252
2 2 8 8 252
8 1 0 9 252
4 9 0 0 253
4 9 4 0 253
2 2 8 0 253
1 4 8 2 253
2 2 8 6 253
1 4 9 2 253
2 2 8 8 253
8 1 0 9 253
4 9 0 0 254
4 9 4 0 254
2 2 8 0 254
2 2 8 2 254
2 2 8 4 254
2 2 8 6 254
2 2 8 8 254
8 1 0 9 254
4 9 0 0 255
4 9 4 0 255
2 2 8 0 255
2 2 8 2 255
1 4 8 4 255
2 2 8 8 255
1 4 9 4 255
8 1 0 9 255
4 9 0 0 256
4 9 4 0 256
2 2 8 0 256
1 4 8 2 256
2 2 8 6 256
1 4 9 2 256
2 2 8 8 256
8 1 0 9 256
4 9 0 0 257
4 9 4 0 257
2 2 8 0 257
2 2 8 2 257
2 2 8 4 257
2 2 8 6 257
2 2 8 8 257
8 1 0 9 257
4 9 0 0 258
4 9 4 0 258
2 2 8 0 258
2 2 8 2 258
1 4 8 4 258
2 2 8 8 258
1 4 9 4 258
8 1 0 9 258
4 9 0 0 259
4 9 4 0 259
2 2 8 0 259
2 2 8 2 259
2 2 8 4 259
1 4 8 6 259
1 4 9 6 259
8 1 0 9 259
4 9 0 0 260
4 9 4 0 260
2 2 8 0 260
2 2 8 2 260
1 4 8 4 260
2 2 8 8 260
1 4 9 4 260
8 1 0 9 260
4 9 0 0 261
4 9 4 0 261
1 4 8 0 261
2 2 8 4 261
2 2 8 6 261
1 4 9 0 261
2 2 8 8 261
8 1 0 9 261
4 9 0 0 262
4 9 4 0 262
2 2 8 0 262
1 4 8 2 262
1 4 8 6 262
1 4 9 2 262
1 4 9 6 262
8 1 0 9 262
4 9 0 0 263
4 9 4 0 263
1 4 8 0 263
1 4 8 4 263
1 4 9 0 263
1 4 9 4 263
2 2 8 8 263
8 1 0 9 263
4 9 0 0 264
4 9 4 0 264
1 4 8 0 264
2 2 8 4 264
1 4 9 0 264
1 4 8 6 264
1 4 9 6 264
8 1 0 9 264
4 9 0 0 265
4 9 4 0 265
1 4 8 0 265
2 2 8 4 265
2 2 8 6 265
2 2 8 8 265
1 4 9 0 265
8 1 0 9 265
4 9 0 0 266
4 9 4 0 266
2 2 8 0 266
2 2 8 2 266
2 2 8 4 266
1 4 8 6 266
1 4 9 6 266
8 1 0 9 266
4 9 0 0 267
4 9 4 0 267
1 4 8 0 267
2 2 8 4 267
1 4 9 0 267
2 2 8 6 267
2 2 8 8 267
8 1 0 9 267
4 9 0 0 268
4 9 4 0 268
1 4 8 0 268
2 2 8 4 268
2 2 8 6 268
1 4 9 0 268
2 2 8 8 268
8 1 0 9 268
4 9 0 0 269
4 9 4 0 269
1 4 8 0 269
2 2 8 4 269
2 2 8 6 269
1 4 9 0 269
2 2 8 8 269
8 1 0 9 269
4 9 0 0 270
4 9 4 0 270
2 2 8 0 270
1 4 8 2 270
2 2 8 6 270
1 4 9 2 270
2 2 8 8 270
8 1 0 9 270
4 9 0 0 271
4 9 4 0 271
1 4 8 0 271
1 4 8 4 271
2 2 8 8 271
1 4 9 0 271
1 4 9 4 271
8 1 0 9 271
4 9 0 0 272
4 9 4 0 272
2 2 8 0 272
2 2 8 2 272
2 2 8 4 272
2 2 8 6 272
2 2 8 8 272
8 1 0 9 272
4 9 0 0 273
4 9 4 0 273
1 4 8 0 273
1 4 8 4 273
1 4 9 0 273
2 2 8 8 273
1 4 9 4 273
8 1 0 9 273
4 9 0 0 274
4 9 4 0 274
1 4 8 0 274
1 4 8 4 274
1 4 9 0 274
2 2 8 8 274
1 4 9 4 274
8 1 0 9 274
4 9 0 0 275
4 9 4 0 275
2 2 8 0 275
2 2 8 2 275
2 2 8 4 275
2 2 8 6 275
2 2 8 8 275
8 1 0 9 275
4 9 0 0 276
4 9 4 0 276
2 2 8 0 276
1 4 8 2 276
2 2 8 6 276
1 4 9 2 276
2 2 8 8 276
8 1 0 9 276
4 9 0 0 277
4 9 4 0 277
2 2 8 0 277
2 2 8 2 277
2 2 8 4 277
2 2 8 6 277
2 2 8 8 277
8 1 0 9 277
4 9 0 0 278
4 9 4 0 278
1 4 8 0 278
1 4 8 4 278
1 4 9 0 278
2 2 8 8 278
1 4 9 4 278
8 1 0 9 278
4 9 0 0 279
4 9 4 0 279
1 4 8 0 279
1 4 8 4 279
2 2 8 8 279
1 4 9 0 279
1 4 9 4 279
8 1 0 9 279
4 9 0 0 280
4 9 4 0 280
2 2 8 0 280
2 2 8 2 280
1 4 8 4 280
1 4 9 4 280
2 2 8 8 280
8 1 0 9 280
4 9 0 0 281
4 9 4 0 281
1 4 8 0 281
2 2 8 4 281
2 2 8 6 281
1 4 9 0 281
2 2 8 8 281
8 1 0 9 281
4 9 0 0 282
4 9 4 0 282
2 2 8 0 282
2 2 8 2 282
2 2 8 4 282
1 4 8 6 282
1 4 9 6 282
8 1 0 9 282
4 9 0 0 283
4 9 4 0 283
2 2 8 0 283
1 4 8 2 283
1 4 8 6 283
1 4 9 2 283
1 4 9 6 283
8 1 0 9 283
4 9 0 0 284
4 9 4 0 284
2 2 8 0 284
2 2 8 2 284
1 4 8 4 284
2 2 8 8 284
1 4 9 4 284
8 1 0 9 284
4 9 0 0 285
4 9 4 0 285
2 2 8 0 285
2 2 8 2 285
1 4 8 4 285
2 2 8 8 285
1 4 9 4 285
8 1 0 9 285
4 9 0 0 286
4 9 4 0 286
1 4 8 0 286
1 4 8 4 286
1 4 9 0 286
2 2 8 8 286
1 4 9 4 286
8 1 0 9 286
4 9 0 0 287
4 9 4 0 287
2 2 8 0 287
2 2 8 2 287
2 2 8 4 287
1 4 8 6 287
1 4 9 6 287
8 1 0 9 287
4 9 0 0 288
4 9 4 0 288
1 4 8 0 288
1 4 8 4 288
1 4 9 0 288
2 2 8 8 288
1 4 9 4 288
8 1 0 9 288
4 9 0 0 289
4 9 4 0 289
2 2 8 0 289
2 2 8 2 289
1 4 8 4 289
2 2 8 8 289
1 4 9 4 289
8 1 0 9 289
4 9 0 0 290
4 9 4 0 290
2 2 8 0 290
1 4 8 2 290
1 4 8 6 290
1 4 9 2 290
1 4 9 6 290
8 1 0 9 290
4 9 0 0 291
4 9 4 0 291
2 2 8 0 291
2 2 8 2 291
2 2 8 4 291
1 4 8 6 291
1 4 9 6 291
8 1 0 9 291
4 9 0 0 292
4 9 4 0 292
2 2 8 0 292
2 2 8 2 292
2 2 8 4 292
2 2 8 6 292
2 2 8 8 292
8 1 0 9 292
4 9 0 0 293
4 9 4 0 293
1 4 8 0 293
1 4 8 4 293
2 2 8 8 293
1 4 9 0 293
1 4 9 4 293
8 1 0 9 293
4 9 0 0 294
4 9 4 0 294
2 2 8 0 294
2 2 8 2 294
1 4 8 4 294
1 4 9 4 294
2 2 8 8 294
8 1 0 9 294
4 9 0 0 295
4 9 4 0 295
2 2 8 0 295
1 4 8 2 295
2 2 8 6 295
2 2 8 8 295
1 4 9 2 295
8 1 0 9 295
4 9 0 0 296
4 9 4 0 296
2 2 8 0 296
2 2 8 2 296
2 2 8 4 296
1 4 8 6 296
1 4 9 6 296
8 1 0 9 296
4 9 0 0 297
4 9 4 0 297
1 4 8 0 297
1 4 8 4 297
2 2 8 8 297
1 4 9 0 297
1 4 9 4 297
8 1 0 9 297
4 9 0 0 298
4 9 4 0 298
2 2 8 0 298
2 2 8 2 298
1 4 8 4 298
1 4 9 4 298
2 2 8 8 298
8 1 0 9 298
4 9 0 0 299
4 9 4 0 299
1 4 8 0 299
2 2 8 4 299
1 4 9 0 299
2 2 8 6 299
2 2 8 8 299
8 1 0 9 299
4 9 0 0 300
4 9 4 0 300
2 2 8 0 300
2 2 8 2 300
1 4 8 4 300
2 2 8 8 300
1 4 9 4 300
8 1 0 9 300
4 9 0 0 301
4 9 4 0 301
1 4 8 0 301
1 4 8 4 301
1 4 9 0 301
2 2 8 8 301
1 4 9 4 301
8 1 0 9 301
4 9 0 0 302
4 9 4 0 302
2 2 8 0 302
1 4 8 2 302
2 2 8 6 302
1 4 9 2 302
2 2 8 8 302
8 1 0 9 302
4 9 0 0 303
4 9 4 0 303
1 4 8 0 303
2 2 8 4 303
1 4 9 0 303
2 2 8 6 303
2 2 8 8 303
8 1 0 9 303
4 9 0 0 304
4 9 4 0 304
2 2 8 0 304
2 2 8 2 304
2 2 8 4 304
2 2 8 6 304
2 2 8 8 304
8 1 0 9 304
4 9 0 0 305
4 9 4 0 305
1 4 8 0 305
2 2 8 4 305
2 2 8 6 305
2 2 8 8 305
1 4 9 0 305
8 1 0 9 305
4 9 0 0 306
4 9 4 0 306
2 2 8 0 306
2 2 8 2 306
2 2 8 4 306
1 4 8 6 306
1 4 9 6 306
8 1 0 9 306
4 9 0 0 307
4 9 4 0 307
1 4 8 0 307
2 2 8 4 307
1 4 9 0 307
1 4 8 6 307
1 4 9 6 307
8 1 0 9 307
4 9 0 0 308
4 9 4 0 308
1 4 8 0 308
2 2 8 4 308
1 4 9 0 308
2 2 8 6 308
2 2 8 8 308
8 1 0 9 308
4 9 0 0 309
4 9 4 0 309
1 4 8 0 309
1 4 8 4 309
2 2 8 8 309
1 4 9 0 309
1 4 9 4 309
8 1 0 9 309
4 9 0 0 310
4 9 4 0 310
2 2 8 0 310
2 2 8 2 310
1 4 8 4 310
2 2 8 8 310
1 4 9 4 310
8 1 0 9 310
4 9 0 0 311
4 9 4 0 311
1 4 8 0 311
2 2 8 4 311
2 2 8 6 311
2 2 8 8 311
1 4 9 0 311
8 1 0 9 311
4 9 0 0 312
4 9 4 0 312
2 2 8 0 312
1 4 8 2 312
2 2 8 6 312
1 4 9 2 312
2 2 8 8 312
8 1 0 9 312
4 9 0 0 313
4 9 4 0 313
1 4 8 0 313
1 4 8 4 313
1 4 9 0 313
1 4 9 4 313
2 2 8 8 313
8 1 0 9 313
4 9 0 0 314
4 9 4 0 314
1 4 8 0 314
2 2 8 4 314
2 2 8 6 314
2 2 8 8 314
1 4 9 0 314
8 1 0 9 314
4 9 0 0 315
4 9 4 0 315
2 2 8 0 315
1 4 8 2 315
1 4 8 6 315
1 4 9 2 315
1 4 9 6 315
8 1 0 9 315
4 9 0 0 316
4 9 4 0 316
1 4 8 0 316
1 4 8 4 316
1 4 9 0 316
2 2 8 8 316
1 4 9 4 316
8 1 0 9 316
4 9 0 0 317
4 9 4 0 317
1 4 8 0 317
2 2 8 4 317
2 2 8 6 317
1 4 9 0 317
2 2 8 8 317
8 1 0 9 317
4 9 0 0 318
4 9 4 0 318
2 2 8 0 318
2 2 8 2 318
2 2 8 4 318
1 4 8 6 318
1 4 9 6 318
8 1 0 9 318
4 9 0 0 319
4 9 4 0 319
1 4 8 0 319
2 2 8 4 319
1 4 9 0 319
1 4 8 6 319
1 4 9 6 319
8 1 0 9 319
4 9 0 0 320
4 9 4 0 320
2 2 8 0 320
2 2 8 2 320
2 2 8 4 320
1 4 8 6 320
1 4 9 6 320
8 1 0 9 320
4 9 0 0 321
4 9 4 0 321
2 2 8 0 321
2 2 8 2 321
2 2 8 4 321
1 4 8 6 321
1 4 9 6 321
8 1 0 9 321
4 9 0 0 322
4 9 4 0 322
2 2 8 0 322
1 4 8 2 322
1 4 8 6 322
1 4 9 2 322
1 4 9 6 322
8 1 0 9 322
4 9 0 0 323
4 9 4 0 323
1 4 8 0 323
1 4 8 4 323
1 4 9 0 323
1 4 9 4 323
2 2 8 8 323
8 1 0 9 323
4 9 0 0 324
4 9 4 0 324
1 4 8 0 324
2 2 8 4 324
2 2 8 6 324
2 2 8 8 324
1 4 9 0 324
8 1 0 9 324
4 9 0 0 325
4 9 4 0 325
2 2 8 0 325
1 4 8 2 325
1 4 8 6 325
1 4 9 2 325
1 4 9 6 325
8 1 0 9 325
4 9 0 0 326
4 9 4 0 326
2 2 8 0 326
2 2 8 2 326
1 4 8 4 326
2 2 8 8 326
1 4 9 4 326
8 1 0 9 326
4 9 0 0 327
4 9 4 0 327
2 2 8 0 327
2 2 8 2 327
1 4 8 4 327
2 2 8 8 327
1 4 9 4 327
8 1 0 9 327
4 9 0 0 328
4 9 4 0 328
2 2 8 0 328
2 2 8 2 328
1 4 8 4 328
1 4 9 4 328
2 2 8 8 328
8 1 0 9 328
4 9 0 0 329
4 9 4 0 329
1 4 8 0 329
2 2 8 4 329
1 4 9 0 329
2 2 8 6 329
2 2 8 8 329
8 1 0 9 329
4 9 0 0 330
4 9 4 0 330
2 2 8 0 330
1 4 8 2 330
1 4 8 6 330
1 4 9 2 330
1 4 9 6 330
8 1 0 9 330
4 9 0 0 331
4 9 4 0 331
1 4 8 0 331
1 4 8 4 331
2 2 8 8 331
1 4 9 0 331
1 4 9 4 331
8 1 0 9 331
4 9 0 0 332
4 9 4 0 332
2 2 8 0 332
1 4 8 2 332
1 4 8 6 332
1 4 9 2 332
1 4 9 6 332
8 1 0 9 332
4 9 0 0 333
4 9 4 0 333
1 4 8 0 333
2 2 8 4 333
2 2 8 6 333
2 2 8 8 333
1 4 9 0 333
8 1 0 9 333
4 9 0 0 334
4 9 4 0 334
1 4 8 0 334
1 4 8 4 334
1 4 9 0 334
1 4 9 4 334
2 2 8 8 334
8 1 0 9 334
4 9 0 0 335
4 9 4 0 335
1 4 8 0 335
2 2 8 4 335
2 2 8 6 335
2 2 8 8 335
1 4 9 0 335
8 1 0 9 335
4 9 0 0 336
4 9 4 0 336
2 2 8 0 336
2 2 8 2 336
2 2 8 4 336
1 4 8 6 336
1 4 9 6 336
8 1 0 9 336
4 9 0 0 337
4 9 4 0 337
2 2 8 0 337
1 4 8 2 337
1 4 8 6 337
1 4 9 2 337
1 4 9 6 337
8 1 0 9 337
4 9 0 0 338
4 9 4 0 338
2 2 8 0 338
1 4 8 2 338
2 2 8 6 338
2 2 8 8 338
1 4 9 2 338
8 1 0 9 338
4 9 0 0 339
4 9 4 0 339
2 2 8 0 339
2 2 8 2 339
1 4 8 4 339
1 4 9 4 339
2 2 8 8 339
8 1 0 9 339
4 9 0 0 340
4 9 4 0 340
2 2 8 0 340
1 4 8 2 340
1 4 8 6 340
1 4 9 2 340
1 4 9 6 340
8 1 0 9 340
4 9 0 0 341
4 9 4 0 341
2 2 8 0 341
1 4 8 2 341
1 4 8 6 341
1 4 9 2 341
1 4 9 6 341
8 1 0 9 341
4 9 0 0 342
4 9 4 0 342
2 2 8 0 342
2 2 8 2 342
1 4 8 4 342
2 2 8 8 342
1 4 9 4 342
8 1 0 9 342
4 9 0 0 343
4 9 4 0 343
1 4 8 0 343
2 2 8 4 343
1 4 9 0 343
1 4 8 6 343
1 4 9 6 343
8 1 0 9 343
4 9 0 0 344
4 9 4 0 344
2 2 8 0 344
2 2 8 2 344
2 2 8 4 344
2 2 8 6 344
2 2 8 8 344
8 1 0 9 344
4 9 0 0 345
4 9 4 0 345
1 4 8 0 345
1 4 8 4 345
1 4 9 0 345
1 4 9 4 345
2 2 8 8 345
8 1 0 9 345
4 9 0 0 346
4 9 4 0 346
1 4 8 0 346
2 2 8 4 346
2 2 8 6 346
1 4 9 0 346
2 2 8 8 346
8 1 0 9 346
4 9 0 0 347
4 9 4 0 347
1 4 8 0 347
1 4 8 4 347
2 2 8 8 347
1 4 9 0 347
1 4 9 4 347
8 1 0 9 347
4 9 0 0 348
4 9 4 0 348
2 2 8 0 348
2 2 8 2 348
1 4 8 4 348
1 4 9 4 348
2 2 8 8 348
8 1 0 9 348
4 9 0 0 349
4 9 4 0 349
1 4 8 0 349
1 4 8 4 349
2 2 8 8 349
1 4 9 0 349
1 4 9 4 349
8 1 0 9 349
4 9 0 0 350
4 9 4 0 350
2 2 8 0 350
2 2 8 2 350
1 4 8 4 350
1 4 9 4 350
2 2 8 8 350
8 1 0 9 350
4 9 0 0 351
4 9 4 0 351
1 4 8 0 351
1 4 8 4 351
1 4 9 0 351
2 2 8 8 351
1 4 9 4 351
8 1 0 9 351
4 9 0 0 352
4 9 4 0 352
1 4 8 0 352
1 4 8 4 352
1 4 9 0 352
1 4 9 4 352
2 2 8 8 352
8 1 0 9 352
4 9 0 0 353
4 9 4 0 353
2 2 8 0 353
2 2 8 2 353
1 4 8 4 353
2 2 8 8 353
1 4 9 4 353
8 1 0 9 353
4 9 0 0 354
4 9 4 0 354
2 2 8 0 354
2 2 8 2 354
1 4 8 4 354
2 2 8 8 354
1 4 9 4 354
8 1 0 9 354
4 9 0 0 355
4 9 4 0 355
2 2 8 0 355
1 4 8 2 355
1 4 8 6 355
1 4 9 2 355
1 4 9 6 355
8 1 0 9 355
4 9 0 0 356
4 9 4 0 356
2 2 8 0 356
1 4 8 2 356
1 4 8 6 356
1 4 9 2 356
1 4 9 6 356
8 1 0 9 356
4 9 0 0 357
4 9 4 0 357
2 2 8 0 357
2 2 8 2 357
2 2 8 4 357
1 4 8 6 357
1 4 9 6 357
8 1 0 9 357
4 9 0 0 358
4 9 4 0 358
2 2 8 0 358
2 2 8 2 358
2 2 8 4 358
2 2 8 6 358
2 2 8 8 358
8 1 0 9 358
4 9 0 0 359
4 9 4 0 359
1 4 8 0 359
1 4 8 4 359
2 2 8 8 359
1 4 9 0 359
1 4 9 4 359
8 1 0 9 359
4 9 0 0 360
4 9 4 0 360
2 2 8 0 360
1 4 8 2 360
2 2 8 6 360
1 4 9 2 360
2 2 8 8 360
8 1 0 9 360
4 9 0 0 361
4 9 4 0 361
2 2 8 0 361
1 4 8 2 361
2 2 8 6 361
1 4 9 2 361
2 2 8 8 361
8 1 0 9 361
4 9 0 0 362
4 9 4 0 362
1 4 8 0 362
2 2 8 4 362
2 2 8 6 362
2 2 8 8 362
1 4 9 0 362
8 1 0 9 362
4 9 0 0 363
4 9 4 0 363
1 4 8 0 363
1 4 8 4 363
2 2 8 8 363
1 4 9 0 363
1 4 9 4 363
8 1 0 9 363
4 9 0 0 364
4 9 4 0 364
2 2 8 0 364
2 2 8 2 364
2 2 8 4 364
2 2 8 6 364
2 2 8 8 364
8 1 0 9 364
4 9 0 0 365
4 9 4 0 365
2 2 8 0 365
2 2 8 2 365
1 4 8 4 365
1 4 9 4 365
2 2 8 8 365
8 1 0 9 365
4 9 0 0 366
4 9 4 0 366
1 4 8 0 366
1 4 8 4 366
1 4 9 0 366
1 4 9 4 366
2 2 8 8 366
8 1 0 9 366
4 9 0 0 367
4 9 4 0 367
1 4 8 0 367
2 2 8 4 367
2 2 8 6 367
2 2 8 8 367
1 4 9 0 367
8 1 0 9 367
4 9 0 0 368
4 9 4 0 368
1 4 8 0 368
1 4 8 4 368
2 2 8 8 368
1 4 9 0 368
1 4 9 4 368
8 1 0 9 368
4 9 0 0 369
4 9 4 0 369
1 4 8 0 369
2 2 8 4 369
1 4 9 0 369
2 2 8 6 369
2 2 8 8 369
8 1 0 9 369
4 9 0 0 370
4 9 4 0 370
1 4 8 0 370
2 2 8 4 370
2 2 8 6 370
2 2 8 8 370
1 4 9 0 370
8 1 0 9 370
4 9 0 0 371
4 9 4 0 371
1 4 8 0 371
1 4 8 4 371
2 2 8 8 371
1 4 9 0 371
1 4 9 4 371
8 1 0 9 371
4 9 0 0 372
4 9 4 0 372
2 2 8 0 372
2 2 8 2 372
2 2 8 4 372
2 2 8 6 372
2 2 8 8 372
8 1 0 9 372
4 9 0 0 373
4 9 4 0 373
1 4 8 0 373
1 4 8 4 373
1 4 9 0 373
2 2 8 8 373
1 4 9 4 373
8 1 0 9 373
4 9 0 0 374
4 9 4 0 374
2 2 8 0 374
2 2 8 2 374
2 2 8 4 374
2 2 8 6 374
2 2 8 8 374
8 1 0 9 374
4 9 0 0 375
4 9 4 0 375
2 2 8 0 375
2 2 8 2 375
2 2 8 4 375
2 2 8 6 375
2 2 8 8 375
8 1 0 9 375
4 9 0 0 376
4 9 4 0 376
2 2 8 0 376
2 2 8 2 376
2 2 8 4 376
1 4 8 6 376
1 4 9 6 376
8 1 0 9 376
4 9 0 0 377
4 9 4 0 377
1 4 8 0 377
1 4 8 4 377
2 2 8 8 377
1 4 9 0 377
1 4 9 4 377
8 1 0 9 377
4 9 0 0 378
4 9 4 0 378
2 2 8 0 378
1 4 8 2 378
2 2 8 6 378
1 4 9 2 378
2 2 8 8 378
8 1 0 9 378
4 9 0 0 379
4 9 4 0 379
1 4 8 0 379
1 4 8 4 379
1 4 9 0 379
2 2 8 8 379
1 4 9 4 379
8 1 0 9 379
4 9 0 0 380
4 9 4 0 380
1 4 8 0 380
2 2 8 4 380
2 2 8 6 380
1 4 9 0 380
2 2 8 8 380
8 1 0 9 380
4 9 0 0 381
4 9 4 0 381
1 4 8 0 381
1 4 8 4 381
1 4 9 0 381
2 2 8 8 381
1 4 9 4 381
8 1 0 9 381
4 9 0 0 382
4 9 4 0 382
2 2 8 0 382
1 4 8 2 382
2 2 8 6 382
2 2 8 8 382
1 4 9 2 382
8 1 0 9 382
4 9 0 0 383
4 9 4 0 383
2 2 8 0 383
2 2 8 2 383
2 2 8 4 383
2 2 8 6 383
2 2 8 8 383
8 1 0 9 383
4 9 0 0 384
4 9 4 0 384
2 2 8 0 384
1 4 8 2 384
1 4 8 6 384
1 4 9 2 384
1 4 9 6 384
8 1 0 9 384
4 9 0 0 385
4 9 4 0 385
1 4 8 0 385
2 2 8 4 385
1 4 9 0 385
1 4 8 6 385
1 4 9 6 385
8 1 0 9 385
4 9 0 0 386
4 9 4 0 386
2 2 8 0 386
2 2 8 2 386
1 4 8 4 386
1 4 9 4 386
2 2 8 8 386
8 1 0 9 386
4 9 0 0 387
4 9 4 0 387
2 2 8 0 387
2 2 8 2 387
1 4 8 4 387
1 4 9 4 387
2 2 8 8 387
8 1 0 9 387
4 9 0 0 388
4 9 4 0 388
1 4 8 0 388
1 4 8 4 388
1 4 9 0 388
1 4 9 4 388
2 2 8 8 388
8 1 0 9 388
4 9 0 0 389
4 9 4 0 389
2 2 8 0 389
1 4 8 2 389
1 4 8 6 389
1 4 9 2 389
1 4 9 6 389
8 1 0 9 389
4 9 0 0 390
4 9 4 0 390
2 2 8 0 390
2 2 8 2 390
1 4 8 4 390
1 4 9 4 390
2 2 8 8 390
8 1 0 9 390
4 9 0 0 391
4 9 4 0 391
2 2 8 0 391
2 2 8 2 391
1 4 8 4 391
1 4 9 4 391
2 2 8 8 391
8 1 0 9 391
4 9 0 0 392
4 9 4 0 392
1 4 8 0 392
1 4 8 4 392
1 4 9 0 392
2 2 8 8 392
1 4 9 4 392
8 1 0 9 392
4 9 0 0 393
4 9 4 0 393
2 2 8 0 393
2 2 8 2 393
2 2 8 4 393
2 2 8 6 393
2 2 8 8 393
8 1 0 9 393
4 9 0 0 394
4 9 4 0 394
1 5 8 0 394
1 5 8 5 394
1 5 9 0 394
1 5 9 5 394
8 1 0 9 394
4 9 0 0 395
4 9 4 0 395
1 5 8 0 395
1 5 8 5 395
1 5 9 0 395
1 5 9 5 395
8 1 0 9 395
4 9 0 0 396
4 9 4 0 396
1 5 8 0 396
1 5 8 5 396
1 5 9 0 396
1 5 9 5 396
8 1 0 9 396
4 9 0 0 397
4 9 4 0 397
1 5 8 0 397
1 5 8 5 397
1 5 9 0 397
1 5 9 5 397
8 1 0 9 397
4 9 0 0 398
4 9 4 0 398
1 5 8 0 398
1 5 8 5 398
1 5 9 0 398
1 5 9 5 398
8 1 0 9 398
4 9 0 0 399
4 9 4 0 399
1 5 8 0 399
1 5 8 5 399
1 5 9 0 399
1 5 9 5 399
8 1 0 9 399
4 6 0 0 400
4 6 4 0 400
1 5 8 0 400
1 5 8 5 400
1 5 9 0 400
1 5 9 5 400
2 3 0 6 400
3 2 2 6 400
3 2 5 6 400
3 2 2 8 400
3 2 5 8 400
4 6 0 0 401
4 6 4 0 401
1 5 8 0 401
1 5 8 5 401
1 5 9 0 401
1 5 9 5 401
2 3 0 6 401
3 2 2 6 401
2 3 5 6 401
3 2 2 8 401
4 6 0 0 402
4 6 4 0 402
1 5 8 0 402
1 5 8 5 402
1 5 9 0 402
1 5 9 5 402
2 3 0 6 402
2 3 2 6 402
2 3 4 6 402
2 3 6 6 402
8 1 0 9 402
4 6 0 0 403
4 6 4 0 403
1 5 8 0 403
1 5 8 5 403
1 5 9 0 403
1 5 9 5 403
3 2 0 6 403
2 3 3 6 403
3 2 0 8 403
2 3 5 6 403
4 6 0 0 404
4 6 4 0 404
1 5 8 0 404
1 5 8 5 404
1 5 9 0 404
1 5 9 5 404
2 3 0 6 404
2 3 2 6 404
3 2 4 6 404
3 2 4 8 404
4 6 0 0 405
4 6 4 0 405
1 5 8 0 405
1 5 8 5 405
1 5 9 0 405
1 5 9 5 405
2 3 0 6 405
2 3 2 6 405
2 3 4 6 405
2 3 6 6 405
8 1 0 9 405
4 6 0 0 406
4 6 4 0 406
1 5 8 0 406
1 5 8 5 406
1 5 9 0 406
1 5 9 5 406
3 2 0 6 406
3 2 3 6 406
3 2 0 8 406
3 2 3 8 406
2 3 6 6 406
4 6 0 0 407
4 6 4 0 407
1 5 8 0 407
1 5 8 5 407
1 5 9 0 407
1 5 9 5 407
3 2 0 6 407
3 2 3 6 407
2 3 6 6 407
3 2 0 8 407
3 2 3 8 407
4 6 0 0 408
4 6 4 0 408
1 5 8 0 408
1 5 8 5 408
1 5 9 0 408
1 5 9 5 408
2 3 0 6 408
2 3 2 6 408
2 3 4 6 408
2 3 6 6 408
8 1 0 9 408
4 6 0 0 409
4 6 4 0 409
1 5 8 0 409
1 5 8 5 409
1 5 9 0 409
1 5 9 5 409
2 3 0 6 409
2 3 2 6 409
2 3 4 6 409
2 3 6 6 409
8 1 0 9 409
4 6 0 0 410
4 6 4 0 410
1 5 8 0 410
1 5 8 5 410
1 5 9 0 410
1 5 9 5 410
3 2 0 6 410
3 2 3 6 410
2 3 6 6 410
3 2 0 8 410
3 2 3 8 410
4 6 0 0 411
4 6 4 0 411
1 5 8 0 411
1 5 8 5 411
1 5 9 0 411
1 5 9 5 411
3 2 0 6 411
2 3 3 6 411
2 3 5 6 411
3 2 0 8 411
4 6 0 0 412
4 6 4 0 412
1 5 8 0 412
1 5 8 5 412
1 5 9 0 412
1 5 9 5 412
2 3 0 6 412
2 3 2 6 412
2 3 4 6 412
2 3 6 6 412
8 1 0 9 412
4 6 0 0 413
4 6 4 0 413
1 5 8 0 413
1 5 8 5 413
1 5 9 0 413
1 5 9 5 413
2 3 0 6 413
2 3 2 6 413
2 3 4 6 413
2 3 6 6 413
8 1 0 9 413
4 6 0 0 414
4 6 4 0 414
1 5 8 0 414
1 5 8 5 414
1 5 9 0 414
1 5 9 5 414
3 2 0 6 414
3 2 3 6 414
3 2 0 8 414
3 2 3 8 414
2 3 6 6 414
4 6 0 0 415
4 6 4 0 415
1 5 8 0 415
1 5 8 5 415
1 5 9 0 415
1 5 9 5 415
3 2 0 6 415
2 3 3 6 415
3 2 0 8 415
3 2 5 6 415
3 2 5 8 415
4 6 0 0 416
4 6 4 0 416
1 5 8 0 416
1 5 8 5 416
1 5 9 0 416
1 5 9 5 416
2 3 0 6 416
2 3 2 6 416
3 2 4 6 416
3 2 4 8 416
4 6 0 0 417
4 6 4 0 417
1 5 8 0 417
1 5 8 5 417
1 5 9 0 417
1 5 9 5 417
2 3 0 6 417
2 3 2 6 417
2 3 4 6 417
2 3 6 6 417
8 1 0 9 417
4 6 0 0 418
4 6 4 0 418
1 5 8 0 418
1 5 8 5 418
1 5 9 0 418
1 5 9 5 418
3 2 0 6 418
3 2 3 6 418
3 2 0 8 418
3 2 3 8 418
2 3 6 6 418
4 6 0 0 419
4 6 4 0 419
1 5 8 0 419
1 5 8 5 419
1 5 9 0 419
1 5 9 5 419
2 3 0 6 419
3 2 2 6 419
3 2 5 6 419
3 2 2 8 419
3 2 5 8 419
4 6 0 0 420
4 6 4 0 420
1 5 8 0 420
1 5 8 5 420
1 5 9 0 420
1 5 9 5 420
2 3 0 6 420
2 3 2 6 420
2 3 4 6 420
2 3 6 6 420
8 1 0 9 420
4 6 0 0 421
4 6 4 0 421
1 5 8 0 421
1 5 8 5 421
1 5 9 0 421
1 5 9 5 421
2 3 0 6 421
2 3 2 6 421
2 3 4 6 421
2 3 6 6 421
8 1 0 9 421
4 6 0 0 422
4 6 4 0 422
1 5 8 0 422
1 5 8 5 422
1 5 9 0 422
1 5 9 5 422
2 3 0 6 422
2 3 2 6 422
3 2 4 6 422
3 2 4 8 422
4 6 0 0 423
4 6 4 0 423
1 5 8 0 423
1 5 8 5 423
1 5 9 0 423
1 5 9 5 423
2 3 0 6 423
2 3 2 6 423
2 3 4 6 423
2 3 6 6 423
8 1 0 9 423
4 6 0 0 424
4 6 4 0 424
1 5 8 0 424
1 5 8 5 424
1 5 9 0 424
1 5 9 5 424
3 2 0 6 424
3 2 3 6 424
3 2 0 8 424
2 3 6 6 424
3 2 3 8 424
4 6 0 0 425
4 6 4 0 425
1 5 8 0 425
1 5 8 5 425
1 5 9 0 425
1 5 9 5 425
2 3 0 6 425
2 3 2 6 425
2 3 4 6 425
2 3 6 6 425
8 1 0 9 425
4 6 0 0 426
4 6 4 0 426
1 5 8 0 426
1 5 8 5 426
1 5 9 0 426
1 5 9 5 426
3 2 0 6 426
3 2 3 6 426
3 2 0 8 426
2 3 6 6 426
3 2 3 8 426
4 6 0 0 427
4 6 4 0 427
1 5 8 0 427
1 5 8 5 427
1 5 9 0 427
1 5 9 5 427
3 2 0 6 427
3 2 3 6 427
2 3 6 6 427
3 2 0 8 427
3 2 3 8 427
4 6 0 0 428
4 6 4 0 428
1 5 8 0 428
1 5 8 5 428
1 5 9 0 428
1 5 9 5 428
2 3 0 6 428
2 3 2 6 428
2 3 4 6 428
2 3 6 6 428
8 1 0 9 428
4 6 0 0 429
4 6 4 0 429
1 5 8 0 429
1 5 8 5 429
1 5 9 0 429
1 5 9 5 429
2 3 0 6 429
2 3 2 6 429
3 2 4 6 429
3 2 4 8 429
4 6 0 0 430
4 6 4 0 430
1 5 8 0 430
1 5 8 5 430
1 5 9 0 430
1 5 9 5 430
2 3 0 6 430
2 3 2 6 430
2 3 4 6 430
2 3 6 6 430
8 1 0 9 430
4 6 0 0 431
4 6 4 0 431
1 5 8 0 431
1 5 8 5 431
1 5 9 0 431
1 5 9 5 431
3 2 0 6 431
3 2 3 6 431
2 3 6 6 431
3 2 0 8 431
3 2 3 8 431
4 6 0 0 432
4 6 4 0 432
1 5 8 0 432
1 5 8 5 432
1 5 9 0 432
1 5 9 5 432
2 3 0 6 432
3 2 2 6 432
3 2 5 6 432
3 2 2 8 432
3 2 5 8 432
4 6 0 0 433
4 6 4 0 433
1 5 8 0 433
1 5 8 5 433
1 5 9 0 433
1 5 9 5 433
3 2 0 6 433
2 3 3 6 433
2 3 5 6 433
3 2 0 8 433
4 6 0 0 434
4 6 4 0 434
1 5 8 0 434
1 5 8 5 434
1 5 9 0 434
1 5 9 5 434
2 3 0 6 434
2 3 2 6 434
3 2 4 6 434
3 2 4 8 434
4 6 0 0 435
4 6 4 0 435
1 5 8 0 435
1 5 8 5 435
1 5 9 0 435
1 5 9 5 435
2 3 0 6 435
2 3 2 6 435
2 3 4 6 435
2 3 6 6 435
8 1 0 9 435
4 6 0 0 436
4 6 4 0 436
1 5 8 0 436
1 5 8 5 436
1 5 9 0 436
1 5 9 5 436
2 3 0 6 436
3 2 2 6 436
2 3 5 6 436
3 2 2 8 436
4 6 0 0 437
4 6 4 0 437
1 5 8 0 437
1 5 8 5 437
1 5 9 0 437
1 5 9 5 437
2 3 0 6 437
3 2 2 6 437
3 2 5 6 437
3 2 2 8 437
3 2 5 8 437
4 6 0 0 438
4 6 4 0 438
1 5 8 0 438
1 5 8 5 438
1 5 9 0 438
1 5 9 5 438
2 3 0 6 438
2 3 2 6 438
3 2 4 6 438
3 2 4 8 438
4 6 0 0 439
4 6 4 0 439
1 5 8 0 439
1 5 8 5 439
1 5 9 0 439
1 5 9 5 439
2 3 0 6 439
2 3 2 6 439
2 3 4 6 439
2 3 6 6 439
8 1 0 9 439
4 6 0 0 440
4 6 4 0 440
1 5 8 0 440
1 5 8 5 440
1 5 9 0 440
1 5 9 5 440
2 3 0 6 440
2 3 2 6 440
3 2 4 6 440
3 2 4 8 440
4 6 0 0 441
4 6 4 0 441
1 5 8 0 441
1 5 8 5 441
1 5 9 0 441
1 5 9 5 441
2 3 0 6 441
2 3 2 6 441
3 2 4 6 441
3 2 4 8 441
4 6 0 0 442
4 6 4 0 442
1 5 8 0 442
1 5 8 5 442
1 5 9 0 442
1 5 9 5 442
2 3 0 6 442
3 2 2 6 442
3 2 5 6 442
3 2 2 8 442
3 2 5 8 442
4 6 0 0 443
4 6 4 0 443
1 5 8 0 443
1 5 8 5 443
1 5 9 0 443
1 5 9 5 443
2 3 0 6 443
2 3 2 6 443
3 2 4 6 443
3 2 4 8 443
4 6 0 0 444
4 6 4 0 444
1 5 8 0 444
1 5 8 5 444
1 5 9 0 444
1 5 9 5 444
2 3 0 6 444
2 3 2 6 444
2 3 4 6 444
2 3 6 6 444
8 1 0 9 444
4 6 0 0 445
4 6 4 0 445
1 5 8 0 445
1 5 8 5 445
1 5 9 0 445
1 5 9 5 445
3 2 0 6 445
3 2 3 6 445
3 2 0 8 445
3 2 3 8 445
2 3 6 6 445
4 6 0 0 446
4 6 4 0 446
1 5 8 0 446
1 5 8 5 446
1 5 9 0 446
1 5 9 5 446
3 2 0 6 446
3 2 3 6 446
2 3 6 6 446
3 2 0 8 446
3 2 3 8 446
4 6 0 0 447
4 6 4 0 447
1 5 8 0 447
1 5 8 5 447
1 5 9 0 447
1 5 9 5 447
3 2 0 6 447
2 3 3 6 447
3 2 0 8 447
3 2 5 6 447
3 2 5 8 447
4 6 0 0 448
4 6 4 0 448
1 5 8 0 448
1 5 8 5 448
1 5 9 0 448
1 5 9 5 448
2 3 0 6 448
3 2 2 6 448
2 3 5 6 448
3 2 2 8 448
4 6 0 0 449
4 6 4 0 449
1 5 8 0 449
1 5 8 5 449
1 5 9 0 449
1 5 9 5 449
2 3 0 6 449
2 3 2 6 449
3 2 4 6 449
3 2 4 8 449
4 6 0 0 450
4 6 4 0 450
1 5 8 0 450
1 5 8 5 450
1 5 9 0 450
1 5 9 5 450
2 3 0 6 450
2 3 2 6 450
2 3 4 6 450
2 3 6 6 450
8 1 0 9 450
4 6 0 0 451
4 6 4 0 451
1 5 8 0 451
1 5 8 5 451
1 5 9 0 451
1 5 9 5 451
3 2 0 6 451
2 3 3 6 451
3 2 0 8 451
3 2 5 6 451
3 2 5 8 451
4 6 0 0 452
4 6 4 0 452
1 5 8 0 452
1 5 8 5 452
1 5 9 0 452
1 5 9 5 452
2 3 0 6 452
3 2 2 6 452
2 3 5 6 452
3 2 2 8 452
4 6 0 0 453
4 6 4 0 453
1 5 8 0 453
1 5 8 5 453
1 5 9 0 453
1 5 9 5 453
2 3 0 6 453
2 3 2 6 453
3 2 4 6 453
3 2 4 8 453
4 6 0 0 454
4 6 4 0 454
1 5 8 0 454
1 5 8 5 454
1 5 9 0 454
1 5 9 5 454
2 3 0 6 454
2 3 2 6 454
3 2 4 6 454
3 2 4 8 454
4 6 0 0 455
4 6 4 0 455
1 5 8 0 455
1 5 8 5 455
1 5 9 0 455
1 5 9 5 455
3 2 0 6 455
2 3 3 6 455
2 3 5 6 455
3 2 0 8 455
4 6 0 0 456
4 6 4 0 456
1 5 8 0 456
1 5 8 5 456
1 5 9 0 456
1 5 9 5 456
2 3 0 6 456
3 2 2 6 456
2 3 5 6 456
3 2 2 8 456
4 6 0 0 457
4 6 4 0 457
1 5 8 0 457
1 5 8 5 457
1 5 9 0 457
1 5 9 5 457
2 3 0 6 457
2 3 2 6 457
2 3 4 6 457
2 3 6 6 457
8 1 0 9 457
4 6 0 0 458
4 6 4 0 458
1 5 8 0 458
1 5 8 5 458
1 5 9 0 458
1 5 9 5 458
2 3 0 6 458
2 3 2 6 458
3 2 4 6 458
3 2 4 8 458
4 6 0 0 459
4 6 4 0 459
1 5 8 0 459
1 5 8 5 459
1 5 9 0 459
1 5 9 5 459
3 2 0 6 459
2 3 3 6 459
2 3 5 6 459
3 2 0 8 459
4 6 0 0 460
4 6 4 0 460
1 5 8 0 460
1 5 8 5 460
1 5 9 0 460
1 5 9 5 460
2 3 0 6 460
3 2 2 6 460
3 2 5 6 460
3 2 2 8 460
3 2 5 8 460
4 6 0 0 461
4 6 4 0 461
1 5 8 0 461
1 5 8 5 461
1 5 9 0 461
1 5 9 5 461
3 2 0 6 461
3 2 3 6 461
3 2 0 8 461
3 2 3 8 461
2 3 6 6 461
4 6 0 0 462
4 6 4 0 462
1 5 8 0 462
1 5 8 5 462
1 5 9 0 462
1 5 9 5 462
3 2 0 6 462
2 3 3 6 462
2 3 5 6 462
3 2 0 8 462
4 6 0 0 463
4 6 4 0 463
1 5 8 0 463
1 5 8 5 463
1 5 9 0 463
1 5 9 5 463
3 2 0 6 463
3 2 3 6 463
2 3 6 6 463
3 2 0 8 463
3 2 3 8 463
4 6 0 0 464
4 6 4 0 464
1 5 8 0 464
1 5 8 5 464
1 5 9 0 464
1 5 9 5 464
2 3 0 6 464
2 3 2 6 464
3 2 4 6 464
3 2 4 8 464
4 6 0 0 465
4 6 4 0 465
1 5 8 0 465
1 5 8 5 465
1 5 9 0 465
1 5 9 5 465
2 3 0 6 465
2 3 2 6 465
2 3 4 6 465
2 3 6 6 465
8 1 0 9 465
4 6 0 0 466
4 6 4 0 466
1 5 8 0 466
1 5 8 5 466
1 5 9 0 466
1 5 9 5 466
3 2 0 6 466
3 2 3 6 466
3 2 0 8 466
3 2 3 8 466
2 3 6 6 466
4 6 0 0 467
4 6 4 0 467
1 5 8 0 467
1 5 8 5 467
1 5 9 0 467
1 5 9 5 467
3 2 0 6 467
3 2 3 6 467
2 3 6 6 467
3 2 0 8 467
3 2 3 8 467
4 6 0 0 468
4 6 4 0 468
1 5 8 0 468
1 5 8 5 468
1 5 9 0 468
1 5 9 5 468
2 3 0 6 468
2 3 2 6 468
2 3 4 6 468
2 3 6 6 468
8 1 0 9 468
4 6 0 0 469
4 6 4 0 469
1 5 8 0 469
1 5 8 5 469
1 5 9 0 469
1 5 9 5 469
2 3 0 6 469
3 2 2 6 469
3 2 5 6 469
3 2 2 8 469
3 2 5 8 469
4 6 0 0 470
4 6 4 0 470
1 5 8 0 470
1 5 8 5 470
1 5 9 0 470
1 5 9 5 470
2 3 0 6 470
2 3 2 6 470
2 3 4 6 470
2 3 6 6 470
8 1 0 9 470
4 6 0 0 471
4 6 4 0 471
1 5 8 0 471
1 5 8 5 471
1 5 9 0 471
1 5 9 5 471
2 3 0 6 471
2 3 2 6 471
3 2 4 6 471
3 2 4 8 471
4 6 0 0 472
4 6 4 0 472
1 5 8 0 472
1 5 8 5 472
1 5 9 0 472
1 5 9 5 472
3 2 0 6 472
2 3 3 6 472
3 2 0 8 472
3 2 5 6 472
3 2 5 8 472
4 6 0 0 473
4 6 4 0 473
1 5 8 0 473
1 5 8 5 473
1 5 9 0 473
1 5 9 5 473
2 3 0 6 473
2 3 2 6 473
3 2 4 6 473
3 2 4 8 473
4 6 0 0 474
4 6 4 0 474
3 2 0 6 474
3 2 3 6 474
2 3 6 6 474
2 3 8 0 474
2 3 8 3 474
3 2 0 8 474
2 3 8 6 474
3 2 3 8 474
4 6 0 0 475
4 6 4 0 475
2 3 8 0 475
2 3 8 3 475
3 2 0 6 475
2 3 3 6 475
2 3 5 6 475
2 3 7 6 475
3 2 0 8 475
4 6 0 0 476
4 6 4 0 476
3 2 0 6 476
3 2 3 6 476
3 2 6 6 476
2 3 8 0 476
3 2 0 8 476
3 2 3 8 476
2 3 8 3 476
3 2 6 8 476
4 6 0 0 477
4 6 4 0 477
2 3 8 0 477
3 2 0 6 477
2 3 8 3 477
2 3 3 6 477
3 2 0 8 477
3 2 5 6 477
3 2 5 8 477
2 3 8 6 477
4 6 0 0 478
4 6 4 0 478
2 3 8 0 478
2 3 8 3 478
2 3 0 6 478
3 2 2 6 478
2 3 5 6 478
3 2 2 8 478
2 3 7 6 478
4 6 0 0 479
4 6 4 0 479
3 2 0 6 479
3 2 3 6 479
3 2 6 6 479
2 3 8 0 479
2 3 8 3 479
3 2 0 8 479
3 2 3 8 479
3 2 6 8 479
4 6 0 0 480
4 6 4 0 480
2 3 8 0 480
2 3 8 3 480
2 3 0 6 480
3 2 2 6 480
3 2 5 6 480
2 3 8 6 480
3 2 2 8 480
3 2 5 8 480
4 6 0 0 481
4 6 4 0 481
2 3 8 0 481
3 2 0 6 481
2 3 8 3 481
3 2 3 6 481
2 3 6 6 481
3 2 0 8 481
3 2 3 8 481
2 3 8 6 481
4 6 0 0 482
4 6 4 0 482
3 2 0 6 482
3 2 3 6 482
3 2 6 6 482
3 2 0 8 482
3 2 3 8 482
2 3 8 0 482
2 3 8 3 482
3 2 6 8 482
4 6 0 0 483
4 6 4 0 483
2 3 8 0 483
3 2 0 6 483
2 3 8 3 483
3 2 3 6 483
3 2 6 6 483
3 2 0 8 483
3 2 3 8 483
3 2 6 8 483
4 6 0 0 484
4 6 4 0 484
2 3 8 0 484
2 3 8 3 484
2 3 0 6 484
2 3 2 6 484
2 3 4 6 484
2 3 6 6 484
2 3 8 6 484
8 1 0 9 484
4 6 0 0 485
4 6 4 0 485
3 2 0 6 485
3 2 3 6 485
2 3 6 6 485
3 2 0 8 485
2 3 8 0 485
3 2 3 8 485
2 3 8 3 485
2 3 8 6 485
4 6 0 0 486
4 6 4 0 486
3 2 0 6 486
3 2 3 6 486
2 3 6 6 486
2 3 8 0 486
2 3 8 3 486
2 3 8 6 486
3 2 0 8 486
3 2 3 8 486
4 6 0 0 487
4 6 4 0 487
2 3 8 0 487
3 2 0 6 487
2 3 8 3 487
3 2 3 6 487
2 3 6 6 487
2 3 8 6 487
3 2 0 8 487
3 2 3 8 487
4 6 0 0 488
4 6 4 0 488
3 2 0 6 488
2 3 3 6 488
2 3 5 6 488
2 3 7 6 488
3 2 0 8 488
2 3 8 0 488
2 3 8 3 488
4 6 0 0 489
4 6 4 0 489
3 2 0 6 489
3 2 3 6 489
3 2 6 6 489
3 2 0 8 489
2 3 8 0 489
3 2 3 8 489
2 3 8 3 489
3 2 6 8 489
4 6 0 0 490
4 6 4 0 490
2 3 8 0 490
2 3 8 3 490
2 3 0 6 490
3 2 2 6 490
2 3 5 6 490
3 2 2 8 490
3 2 7 6 490
3 2 7 8 490
4 6 0 0 491
4 6 4 0 491
2 3 8 0 491
2 3 8 3 491
3 2 0 6 491
3 2 3 6 491
3 2 6 6 491
3 2 0 8 491
3 2 3 8 491
3 2 6 8 491
4 6 0 0 492
4 6 4 0 492
2 3 8 0 492
2 3 8 3 492
2 3 0 6 492
3 2 2 6 492
3 2 5 6 492
2 3 8 6 492
3 2 2 8 492
3 2 5 8 492
4 6 0 0 493
4 6 4 0 493
2 3 8 0 493
2 3 8 3 493
2 3 0 6 493
2 3 2 6 493
2 3 4 6 493
3 2 6 6 493
3 2 6 8 493
4 6 0 0 494
4 6 4 0 494
3 2 0 6 494
3 2 3 6 494
3 2 6 6 494
3 2 0 8 494
3 2 3 8 494
2 3 8 0 494
3 2 6 8 494
2 3 8 3 494
4 6 0 0 495
4 6 4 0 495
2 3 8 0 495
3 2 0 6 495
2 3 8 3 495
2 3 3 6 495
3 2 0 8 495
3 2 5 6 495
3 2 5 8 495
2 3 8 6 495
4 6 0 0 496
4 6 4 0 496
3 2 0 6 496
3 2 3 6 496
3 2 6 6 496
3 2 0 8 496
3 2 3 8 496
2 3 8 0 496
3 2 6 8 496
2 3 8 3 496
4 6 0 0 497
4 6 4 0 497
2 3 8 0 497
2 3 8 3 497
3 2 0 6 497
2 3 3 6 497
3 2 0 8 497
2 3 5 6 497
3 2 7 6 497
3 2 7 8 497
4 6 0 0 498
4 6 4 0 498
3 2 0 6 498
3 2 3 6 498
3 2 6 6 498
3 2 0 8 498
3 2 3 8 498
2 3 8 0 498
2 3 8 3 498
3 2 6 8 498
4 6 0 0 499
4 6 4 0 499
3 2 0 6 499
3 2 3 6 499
3 2 6 6 499
3 2 0 8 499
3 2 3 8 499
2 3 8 0 499
3 2 6 8 499
2 3 8 3 499
4 6 0 0 500
4 6 4 0 500
2 3 8 0 500
3 2 0 6 500
3 2 3 6 500
2 3 6 6 500
3 2 0 8 500
3 2 3 8 500
2 3 8 3 500
2 3 8 6 500
4 6 0 0 501
4 6 4 0 501
2 3 8 0 501
2 3 8 3 501
3 2 0 6 501
2 3 3 6 501
3 2 0 8 501
2 3 5 6 501
2 3 7 6 501
4 6 0 0 502
4 6 4 0 502
3 2 0 6 502
3 2 3 6 502
3 2 6 6 502
2 3 8 0 502
2 3 8 3 502
3 2 0 8 502
3 2 3 8 502
3 2 6 8 502
4 6 0 0 503
4 6 4 0 503
2 3 8 0 503
3 2 0 6 503
3 2 3 6 503
2 3 6 6 503
2 3 8 3 503
2 3 8 6 503
3 2 0 8 503
3 2 3 8 503
4 6 0 0 504
4 6 4 0 504
2 3 8 0 504
2 3 8 3 504
2 3 0 6 504
3 2 2 6 504
3 2 5 6 504
3 2 2 8 504
2 3 8 6 504
3 2 5 8 504
4 6 0 0 505
4 6 4 0 505
2 3 8 0 505
3 2 0 6 505
2 3 8 3 505
3 2 3 6 505
2 3 6 6 505
3 2 0 8 505
3 2 3 8 505
2 3 8 6 505
4 6 0 0 506
4 6 4 0 506
3 2 0 6 506
2 3 3 6 506
3 2 0 8 506
2 3 5 6 506
3 2 7 6 506
2 3 8 0 506
3 2 7 8 506
2 3 8 3 506
4 6 0 0 507
4 6 4 0 507
2 3 8 0 507
3 2 0 6 507
2 3 8 3 507
3 2 3 6 507
2 3 6 6 507
3 2 0 8 507
2 3 8 6 507
3 2 3 8 507
4 6 0 0 508
4 6 4 0 508
3 2 0 6 508
3 2 3 6 508
2 3 6 6 508
3 2 0 8 508
3 2 3 8 508
2 3 8 0 508
2 3 8 3 508
2 3 8 6 508
4 6 0 0 509
4 6 4 0 509
2 3 8 0 509
3 2 0 6 509
2 3 8 3 509
3 2 3 6 509
2 3 6 6 509
2 3 8 6 509
3 2 0 8 509
3 2 3 8 509
4 6 0 0 510
4 6 4 0 510
2 3 8 0 510
2 3 8 3 510
3 2 0 6 510
2 3 3 6 510
3 2 0 8 510
2 3 5 6 510
3 2 7 6 510
3 2 7 8 510
4 6 0 0 511
4 6 4 0 511
2 3 8 0 511
2 3 8 3 511
3 2 0 6 511
3 2 3 6 511
2 3 6 6 511
2 3 8 6 511
3 2 0 8 511
3 2 3 8 511
4 6 0 0 512
4 6 4 0 512
3 2 0 6 512
3 2 3 6 512
3 2 6 6 512
2 3 8 0 512
3 2 0 8 512
3 2 3 8 512
2 3 8 3 512
3 2 6 8 512
4 6 0 0 513
4 6 4 0 513
3 2 0 6 513
2 3 3 6 513
3 2 0 8 513
2 3 5 6 513
2 3 7 6 513
2 3 8 0 513
2 3 8 3 513
4 6 0 0 514
4 6 4 0 514
3 2 0 6 514
2 3 3 6 514
3 2 0 8 514
3 2 5 6 514
2 3 8 0 514
3 2 5 8 514
2 3 8 3 514
2 3 8 6 514
4 6 0 0 515
4 6 4 0 515
3 2 0 6 515
2 3 3 6 515
2 3 5 6 515
3 2 0 8 515
3 2 7 6 515
2 3 8 0 515
2 3 8 3 515
3 2 7 8 515
4 6 0 0 516
4 6 4 0 516
2 3 8 0 516
2 3 8 3 516
2 3 0 6 516
2 3 2 6 516
3 2 4 6 516
2 3 7 6 516
3 2 4 8 516
4 6 0 0 517
4 6 4 0 517
2 3 8 0 517
3 2 0 6 517
3 2 3 6 517
2 3 6 6 517
3 2 0 8 517
2 3 8 3 517
2 3 8 6 517
3 2 3 8 517
4 6 0 0 518
4 6 4 0 518
3 2 0 6 518
3 2 3 6 518
2 3 6 6 518
2 3 8 0 518
2 3 8 3 518
2 3 8 6 518
3 2 0 8 518
3 2 3 8 518
4 6 0 0 519
4 6 4 0 519
3 2 0 6 519
3 2 3 6 519
2 3 6 6 519
3 2 0 8 519
2 3 8 0 519
2 3 8 3 519
2 3 8 6 519
3 2 3 8 519
4 6 0 0 520
4 6 4 0 520
3 2 0 6 520
3 2 3 6 520
2 3 6 6 520
2 3 8 0 520
3 2 0 8 520
2 3 8 3 520
3 2 3 8 520
2 3 8 6 520
4 6 0 0 521
4 6 4 0 521
2 3 8 0 521
3 2 0 6 521
3 2 3 6 521
2 3 6 6 521
2 3 8 3 521
3 2 0 8 521
2 3 8 6 521
3 2 3 8 521
4 6 0 0 522
4 6 4 0 522
2 3 8 0 522
2 3 8 3 522
2 3 0 6 522
2 3 2 6 522
3 2 4 6 522
2 3 7 6 522
3 2 4 8 522
4 6 0 0 523
4 6 4 0 523
2 3 8 0 523
2 3 8 3 523
2 3 0 6 523
2 3 2 6 523
2 3 4 6 523
3 2 6 6 523
3 2 6 8 523
4 6 0 0 524
4 6 4 0 524
2 3 8 0 524
3 2 0 6 524
2 3 8 3 524
3 2 3 6 524
2 3 6 6 524
2 3 8 6 524
3 2 0 8 524
3 2 3 8 524
4 6 0 0 525
4 6 4 0 525
2 3 8 0 525
2 3 8 3 525
2 3 0 6 525
3 2 2 6 525
3 2 5 6 525
2 3 8 6 525
3 2 2 8 525
3 2 5 8 525
4 6 0 0 526
4 6 4 0 526
2 3 8 0 526
2 3 8 3 526
2 3 0 6 526
3 2 2 6 526
2 3 5 6 526
3 2 2 8 526
2 3 7 6 526
4 6 0 0 527
4 6 4 0 527
3 2 0 6 527
2 3 3 6 527
2 3 5 6 527
2 3 7 6 527
3 2 0 8 527
2 3 8 0 527
2 3 8 3 527
4 6 0 0 528
4 6 4 0 528
2 3 8 0 528
3 2 0 6 528
3 2 3 6 528
8 1 0 8 528
8 1 0 9 528
2 7 8 3 528
4 6 0 0 529
4 6 4 0 529
8 1 0 6 529
8 1 0 7 529
8 1 0 8 529
8 1 0 9 529
2 7 8 0 529
4 6 0 0 530
4 6 4 0 530
8 1 0 6 530
8 1 0 7 530
8 1 0 8 530
8 1 0 9 530
2 7 8 0 530
4 6 0 0 531
4 6 4 0 531
8 1 0 6 531
8 1 0 7 531
8 1 0 8 531
8 1 0 9 531
2 7 8 0 531
4 6 0 0 532
4 6 4 0 532
8 1 0 6 532
8 1 0 7 532
8 1 0 8 532
8 1 0 9 532
2 7 8 0 532
4 6 0 0 533
6 3 0 6 533
6 3 4 0 533
6 3 4 3 533
8 1 0 9 533
3 3 6 6 533
6 3 0 0 534
6 3 0 3 534
6 3 0 6 534
8 1 0 9 534
2 7 6 0 534
2 7 8 0 534
6 3 0 0 535
6 3 0 3 535
6 3 0 6 535
8 1 0 9 535
2 7 6 0 535
2 7 8 0 535
6 3 0 0 536
6 3 0 3 536
6 3 0 6 536
8 1 0 9 536
2 7 6 0 536
2 7 8 0 536
6 3 0 0 537
6 3 0 3 537
6 3 0 6 537
8 1 0 9 537
2 7 6 0 537
2 7 8 0 537
6 3 0 0 538
6 3 0 3 538
6 3 0 6 538
8 1 0 9 538
2 7 6 0 538
2 7 8 0 538
6 3 0 0 539
6 3 0 3 539
6 3 0 6 539
8 1 0 9 539
2 7 6 0 539
2 7 8 0 539
6 3 0 0 540
6 3 0 3 540
6 3 0 6 540
8 1 0 9 540
2 7 6 0 540
2 7 8 0 540
6 3 0 0 541
6 3 0 3 541
6 3 0 6 541
8 1 0 9 541
2 7 6 0 541
2 7 8 0 541
6 3 0 0 542
6 3 0 3 542
6 3 0 6 542
8 1 0 9 542
2 7 6 0 542
2 7 8 0 542
6 3 0 0 543
6 3 0 3 543
6 3 0 6 543
8 1 0 9 543
2 7 6 0 543
2 7 8 0 543
6 3 0 0 544
6 3 0 3 544
6 3 0 6 544
8 1 0 9 544
2 7 6 0 544
2 7 8 0 544
6 3 0 0 545
6 3 0 3 545
6 3 0 6 545
8 1 0 9 545
2 7 6 0 545
2 7 8 0 545
6 3 0 0 546
6 3 0 3 546
6 3 0 6 546
8 1 0 9 546
2 7 6 0 546
2 7 8 0 546
6 3 0 0 547
6 3 0 3 547
6 3 0 6 547
8 1 0 9 547
2 7 6 0 547
2 7 8 0 547
6 3 0 0 548
6 3 0 3 548
6 3 0 6 548
8 1 0 9 548
2 7 6 0 548
2 7 8 0 548
6 3 0 0 549
6 3 0 3 549
6 3 0 6 549
8 1 0 9 549
2 7 6 0 549
2 7 8 0 549
6 3 0 0 550
6 3 0 3 550
6 3 0 6 550
8 1 0 9 550
2 7 6 0 550
2 7 8 0 550
6 3 0 0 551
6 3 0 3 551
6 3 0 6 551
8 1 0 9 551
2 7 6 0 551
2 7 8 0 551
6 3 0 0 552
6 3 0 3 552
6 3 0 6 552
8 1 0 9 552
2 7 6 0 552
2 7 8 0 552
6 3 0 0 553
6 3 0 3 553
6 3 0 6 553
8 1 0 9 553
2 7 6 0 553
2 7 8 0 553
6 3 0 0 554
6 3 0 3 554
6 3 0 6 554
8 1 0 9 554
2 7 6 0 554
2 7 8 0 554
6 3 0 0 555
6 3 0 3 555
6 3 0 6 555
8 1 0 9 555
2 7 6 0 555
2 7 8 0 555
6 3 0 0 556
6 3 0 3 556
6 3 0 6 556
8 1 0 9 556
2 7 6 0 556
2 7 8 0 556
6 3 0 0 557
6 3 0 3 557
6 3 0 6 557
8 1 0 9 557
2 7 6 0 557
2 7 8 0 557
6 3 0 0 558
6 3 0 3 558
6 3 0 6 558
8 1 0 9 558
2 7 6 0 558
2 7 8 0 558
6 3 0 0 559
6 3 0 3 559
6 3 0 6 559
8 1 0 9 559
2 7 6 0 559
2 7 8 0 559
6 3 0 0 560
6 3 0 3 560
6 3 0 6 560
8 1 0 9 560
2 7 6 0 560
2 7 8 0 560
6 3 0 0 561
6 3 0 3 561
6 3 0 6 561
8 1 0 9 561
2 7 6 0 561
2 7 8 0 561
6 3 0 0 562
6 3 0 3 562
6 3 0 6 562
8 1 0 9 562
2 7 6 0 562
2 7 8 0 562
6 3 0 0 563
6 3 0 3 563
6 3 0 6 563
8 1 0 9 563
2 7 6 0 563
2 7 8 0 563
6 3 0 0 564
6 3 0 3 564
6 3 0 6 564
8 1 0 9 564
2 7 6 0 564
2 7 8 0 564
6 3 0 0 565
6 3 0 3 565
6 3 0 6 565
8 1 0 9 565
2 7 6 0 565
2 7 8 0 565
6 3 0 0 566
6 3 0 3 566
6 3 0 6 566
8 1 0 9 566
2 7 6 0 566
2 7 8 0 566
6 3 0 0 567
6 3 0 3 567
6 3 0 6 567
8 1 0 9 567
2 7 6 0 567
2 7 8 0 567
6 3 0 0 568
6 3 0 3 568
6 3 0 6 568
8 1 0 9 568
2 7 6 0 568
2 7 8 0 568
6 3 0 0 569
6 3 0 3 569
6 3 0 6 569
8 1 0 9 569
2 7 6 0 569
2 7 8 0 569
6 3 0 0 570
6 3 0 3 570
6 3 0 6 570
8 1 0 9 570
2 7 6 0 570
2 7 8 0 570
6 3 0 0 571
6 3 0 3 571
6 3 0 6 571
8 1 0 9 571
2 7 6 0 571
2 7 8 0 571
6 3 0 0 572
6 3 0 3 572
6 3 0 6 572
8 1 0 9 572
2 7 6 0 572
2 7 8 0 572
6 3 0 0 573
6 3 0 3 573
6 3 0 6 573
8 1 0 9 573
2 7 6 0 573
2 7 8 0 573
6 3 0 0 574
6 3 0 3 574
6 3 0 6 574
8 1 0 9 574
2 7 6 0 574
2 7 8 0 574
6 3 0 0 575
6 3 0 3 575
6 3 0 6 575
8 1 0 9 575
2 7 6 0 575
2 7 8 0 575
6 3 0 0 576
6 3 0 3 576
6 3 0 6 576
8 1 0 9 576
2 7 6 0 576
2 7 8 0 576
6 3 0 0 577
6 3 0 3 577
6 3 0 6 577
8 1 0 9 577
2 7 6 0 577
2 7 8 0 577
6 3 0 0 578
6 3 0 3 578
6 3 0 6 578
8 1 0 9 578
2 7 6 0 578
2 7 8 0 578
6 3 0 0 579
6 3 0 3 579
6 3 0 6 579
8 1 0 9 579
2 7 6 0 579
2 7 8 0 579
6 3 0 0 580
6 3 0 3 580
6 3 0 6 580
8 1 0 9 580
2 7 6 0 580
2 7 8 0 580
6 3 0 0 581
6 3 0 3 581
6 3 0 6 581
8 1 0 9 581
2 7 6 0 581
2 7 8 0 581
6 3 0 0 582
6 3 0 3 582
6 3 0 6 582
8 1 0 9 582
2 7 6 0 582
2 7 8 0 582
6 3 0 0 583
6 3 0 3 583
6 3 0 6 583
8 1 0 9 583
2 7 6 0 583
2 7 8 0 583
6 3 0 0 584
6 3 0 3 584
6 3 0 6 584
8 1 0 9 584
2 7 6 0 584
2 7 8 0 584
6 3 0 0 585
6 3 0 3 585
6 3 0 6 585
8 1 0 9 585
2 7 6 0 585
2 7 8 0 585
6 3 0 0 586
6 3 0 3 586
6 3 0 6 586
8 1 0 9 586
2 7 6 0 586
2 7 8 0 586
6 3 0 0 587
6 3 0 3 587
6 3 0 6 587
8 1 0 9 587
2 7 6 0 587
2 7 8 0 587
6 3 0 0 588
6 3 0 3 588
6 3 0 6 588
8 1 0 9 588
2 7 6 0 588
2 7 8 0 588
6 3 0 0 589
6 3 0 3 589
6 3 0 6 589
8 1 0 9 589
2 7 6 0 589
2 7 8 0 589
6 3 0 0 590
6 3 0 3 590
6 3 0 6 590
8 1 0 9 590
2 7 6 0 590
2 7 8 0 590
6 3 0 0 591
6 3 0 3 591
6 3 0 6 591
8 1 0 9 591
2 7 6 0 591
2 7 8 0 591
6 3 0 0 592
6 3 0 3 592
6 3 0 6 592
8 1 0 9 592
2 7 6 0 592
2 7 8 0 592
6 3 0 0 593
6 3 0 3 593
6 3 0 6 593
8 1 0 9 593
2 7 6 0 593
2 7 8 0 593
6 3 0 0 594
6 3 0 3 594
6 3 0 6 594
8 1 0 9 594
2 7 6 0 594
2 7 8 0 594
6 3 0 0 595
6 3 0 3 595
6 3 0 6 595
8 1 0 9 595
2 7 6 0 595
2 7 8 0 595
6 3 0 0 596
6 3 0 3 596
6 3 0 6 596
8 1 0 9 596
2 7 6 0 596
2 7 8 0 596
6 3 0 0 597
6 3 0 3 597
6 3 0 6 597
8 1 0 9 597
2 7 6 0 597
2 7 8 0 597
6 3 0 0 598
6 3 0 3 598
6 3 0 6 598
8 1 0 9 598
2 7 6 0 598
2 7 8 0 598
6 3 0 0 599
6 3 0 3 599
6 3 0 6 599
8 1 0 9 599
2 7 6 0 599
2 7 8 0 599
6 3 0 0 600
6 3 0 3 600
6 3 0 6 600
8 1 0 9 600
2 7 6 0 600
2 7 8 0 600
6 3 0 0 601
6 3 0 3 601
6 3 0 6 601
8 1 0 9 601
2 7 6 0 601
2 7 8 0 601
6 3 0 0 602
6 3 0 3 602
6 3 0 6 602
8 1 0 9 602
2 7 6 0 602
2 7 8 0 602
6 3 0 0 603
6 3 0 3 603
6 3 0 6 603
8 1 0 9 603
2 7 6 0 603
2 7 8 0 603
6 3 0 0 604
6 3 0 3 604
6 3 0 6 604
8 1 0 9 604
2 7 6 0 604
2 7 8 0 604
6 3 0 0 605
6 3 0 3 605
6 3 0 6 605
8 1 0 9 605
2 7 6 0 605
2 7 8 0 605
6 3 0 0 606
6 3 0 3 606
6 3 0 6 606
8 1 0 9 606
2 7 6 0 606
2 7 8 0 606
6 3 0 0 607
6 3 0 3 607
6 3 0 6 607
8 1 0 9 607
2 7 6 0 607
2 7 8 0 607
6 3 0 0 608
6 3 0 3 608
6 3 0 6 608
8 1 0 9 608
2 7 6 0 608
2 7 8 0 608
6 3 0 0 609
6 3 0 3 609
6 3 0 6 609
8 1 0 9 609
2 7 6 0 609
2 7 8 0 609
6 3 0 0 610
6 3 0 3 610
6 3 0 6 610
8 1 0 9 610
2 7 6 0 610
2 7 8 0 610
6 3 0 0 611
6 3 0 3 611
6 3 0 6 611
8 1 0 9 611
2 7 6 0 611
2 7 8 0 611
6 3 0 0 612
6 3 0 3 612
6 3 0 6 612
8 1 0 9 612
2 7 6 0 612
2 7 8 0 612
6 3 0 0 613
6 3 0 3 613
6 3 0 6 613
8 1 0 9 613
2 7 6 0 613
2 7 8 0 613
6 3 0 0 614
6 3 0 3 614
6 3 0 6 614
8 1 0 9 614
2 7 6 0 614
2 7 8 0 614
6 3 0 0 615
6 3 0 3 615
6 3 0 6 615
8 1 0 9 615
2 7 6 0 615
2 7 8 0 615
6 3 0 0 616
6 3 0 3 616
6 3 0 6 616
8 1 0 9 616
2 7 6 0 616
2 7 8 0 616
6 3 0 0 617
6 3 0 3 617
6 3 0 6 617
8 1 0 9 617
2 7 6 0 617
2 7 8 0 617
6 3 0 0 618
6 3 0 3 618
6 3 0 6 618
8 1 0 9 618
2 7 6 0 618
2 7 8 0 618
6 3 0 0 619
6 3 0 3 619
6 3 0 6 619
8 1 0 9 619
2 7 6 0 619
2 7 8 0 619
6 3 0 0 620
6 3 0 3 620
6 3 0 6 620
8 1 0 9 620
2 7 6 0 620
2 7 8 0 620
6 3 0 0 621
6 3 0 3 621
6 3 0 6 621
8 1 0 9 621
2 7 6 0 621
2 7 8 0 621
6 3 0 0 622
6 3 0 3 622
6 3 0 6 622
8 1 0 9 622
2 7 6 0 622
2 7 8 0 622
6 3 0 0 623
6 3 0 3 623
6 3 0 6 623
8 1 0 9 623
2 7 6 0 623
2 7 8 0 623
6 3 0 0 624
6 3 0 3 624
6 3 0 6 624
8 1 0 9 624
2 7 6 0 624
2 7 8 0 624
6 3 0 0 625
6 3 0 3 625
6 3 0 6 625
8 1 0 9 625
2 7 6 0 625
2 7 8 0 625
6 3 0 0 626
6 3 0 3 626
6 3 0 6 626
8 1 0 9 626
2 7 6 0 626
2 7 8 0 626
6 3 0 0 627
6 3 0 3 627
6 3 0 6 627
8 1 0 9 627
2 7 6 0 627
2 7 8 0 627
6 3 0 0 628
6 3 0 3 628
6 3 0 6 628
8 1 0 9 628
2 7 6 0 628
2 7 8 0 628
6 3 0 0 629
6 3 0 3 629
6 3 0 6 629
8 1 0 9 629
2 7 6 0 629
2 7 8 0 629
6 3 0 0 630
6 3 0 3 630
6 3 0 6 630
8 1 0 9 630
2 7 6 0 630
2 7 8 0 630
6 3 0 0 631
6 3 0 3 631
6 3 0 6 631
8 1 0 9 631
2 7 6 0 631
2 7 8 0 631
6 3 0 0 632
6 3 0 3 632
6 3 0 6 632
8 1 0 9 632
2 7 6 0 632
2 7 8 0 632
6 3 0 0 633
6 3 0 3 633
6 3 0 6 633
8 1 0 9 633
2 7 6 0 633
2 7 8 0 633
6 3 0 0 634
6 3 0 3 634
6 3 0 6 634
8 1 0 9 634
2 7 6 0 634
2 7 8 0 634
6 3 0 0 635
6 3 0 3 635
6 3 0 6 635
8 1 0 9 635
2 7 6 0 635
2 7 8 0 635
6 3 0 0 636
6 3 0 3 636
6 3 0 6 636
8 1 0 9 636
2 7 6 0 636
2 7 8 0 636
6 3 0 0 637
6 3 0 3 637
6 3 0 6 637
8 1 0 9 637
2 7 6 0 637
2 7 8 0 637
6 3 0 0 638
6 3 0 3 638
6 3 0 6 638
8 1 0 9 638
2 7 6 0 638
2 7 8 0 638
6 3 0 0 639
6 3 0 3 639
6 3 0 6 639
8 1 0 9 639
2 7 6 0 639
2 7 8 0 639
6 3 0 0 640
6 3 0 3 640
6 3 0 6 640
8 1 0 9 640
2 7 6 0 640
2 7 8 0 640
6 3 0 0 641
6 3 0 3 641
6 3 0 6 641
8 1 0 9 641
2 7 6 0 641
2 7 8 0 641
6 3 0 0 642
6 3 0 3 642
6 3 0 6 642
8 1 0 9 642
2 7 6 0 642
2 7 8 0 642
6 3 0 0 643
6 3 0 3 643
6 3 0 6 643
8 1 0 9 643
2 7 6 0 643
2 7 8 0 643
6 3 0 0 644
6 3 0 3 644
6 3 0 6 644
8 1 0 9 644
2 7 6 0 644
2 7 8 0 644
6 3 0 0 645
6 3 0 3 645
6 3 0 6 645
8 1 0 9 645
2 7 6 0 645
2 7 8 0 645
6 3 0 0 646
6 3 0 3 646
6 3 0 6 646
8 1 0 9 646
2 7 6 0 646
2 7 8 0 646
6 3 0 0 647
6 3 0 3 647
6 3 0 6 647
8 1 0 9 647
2 7 6 0 647
2 7 8 0 647
6 3 0 0 648
6 3 0 3 648
6 3 0 6 648
8 1 0 9 648
2 7 6 0 648
2 7 8 0 648
6 3 0 0 649
6 3 0 3 649
6 3 0 6 649
8 1 0 9 649
2 7 6 0 649
2 7 8 0 649
6 3 0 0 650
6 3 0 3 650
6 3 0 6 650
8 1 0 9 650
2 7 6 0 650
2 7 8 0 650
6 3 0 0 651
6 3 0 3 651
6 3 0 6 651
8 1 0 9 651
2 7 6 0 651
2 7 8 0 651
6 3 0 0 652
6 3 0 3 652
6 3 0 6 652
8 1 0 9 652
2 7 6 0 652
2 7 8 0 652
6 3 0 0 653
6 3 0 3 653
6 3 0 6 653
8 1 0 9 653
2 7 6 0 653
2 7 8 0 653
6 3 0 0 654
6 3 0 3 654
6 3 0 6 654
8 1 0 9 654
2 7 6 0 654
2 7 8 0 654
6 3 0 0 655
6 3 0 3 655
6 3 0 6 655
8 1 0 9 655
2 7 6 0 655
2 7 8 0 655
6 3 0 0 656
6 3 0 3 656
6 3 0 6 656
8 1 0 9 656
2 7 6 0 656
2 7 8 0 656
6 3 0 0 657
6 3 0 3 657
6 3 0 6 657
8 1 0 9 657
2 7 6 0 657
2 7 8 0 657
6 3 0 0 658
6 3 0 3 658
6 3 0 6 658
8 1 0 9 658
2 7 6 0 658
2 7 8 0 658
6 3 0 0 659
6 3 0 3 659
6 3 0 6 659
8 1 0 9 659
2 7 6 0 659
2 7 8 0 659
6 3 0 0 660
6 3 0 3 660
6 3 0 6 660
8 1 0 9 660
2 7 6 0 660
2 7 8 0 660
6 3 0 0 661
6 3 0 3 661
6 3 0 6 661
8 1 0 9 661
2 7 6 0 661
2 7 8 0 661
6 3 0 0 662
6 3 0 3 662
6 3 0 6 662
8 1 0 9 662
2 7 6 0 662
2 7 8 0 662
6 3 0 0 663
6 3 0 3 663
6 3 0 6 663
8 1 0 9 663
2 7 6 0 663
2 7 8 0 663
6 3 0 0 664
6 3 0 3 664
6 3 0 6 664
8 1 0 9 664
2 7 6 0 664
2 7 8 0 664
6 3 0 0 665
6 3 0 3 665
6 3 0 6 665
8 1 0 9 665
2 7 6 0 665
2 7 8 0 665
6 3 0 0 666
6 3 0 3 666
6 3 0 6 666
8 1 0 9 666
2 7 6 0 666
2 7 8 0 666
6 3 0 0 667
6 3 0 3 667
6 3 0 6 667
8 1 0 9 667
2 7 6 0 667
2 7 8 0 667
6 3 0 0 668
6 3 0 3 668
6 3 0 6 668
8 1 0 9 668
2 7 6 0 668
2 7 8 0 668
6 3 0 0 669
6 3 0 3 669
6 3 0 6 669
8 1 0 9 669
2 7 6 0 669
2 7 8 0 669
6 3 0 0 670
6 3 0 3 670
6 3 0 6 670
8 1 0 9 670
2 7 6 0 670
2 7 8 0 670
6 3 0 0 671
6 3 0 3 671
6 3 0 6 671
8 1 0 9 671
2 7 6 0 671
2 7 8 0 671
6 3 0 0 672
6 3 0 3 672
6 3 0 6 672
8 1 0 9 672
2 7 6 0 672
2 7 8 0 672
6 3 0 0 673
6 3 0 3 673
6 3 0 6 673
8 1 0 9 673
2 7 6 0 673
2 7 8 0 673
6 3 0 0 674
6 3 0 3 674
6 3 0 6 674
8 1 0 9 674
2 7 6 0 674
2 7 8 0 674
6 3 0 0 675
6 3 0 3 675
6 3 0 6 675
8 1 0 9 675
2 7 6 0 675
2 7 8 0 675
6 3 0 0 676
6 3 0 3 676
6 3 0 6 676
8 1 0 9 676
2 7 6 0 676
2 7 8 0 676
6 3 0 0 677
6 3 0 3 677
6 3 0 6 677
8 1 0 9 677
2 7 6 0 677
2 7 8 0 677
6 3 0 0 678
6 3 0 3 678
6 3 0 6 678
8 1 0 9 678
2 7 6 0 678
2 7 8 0 678
6 3 0 0 679
6 3 0 3 679
6 3 0 6 679
8 1 0 9 679
2 7 6 0 679
2 7 8 0 679
6 3 0 0 680
6 3 0 3 680
6 3 0 6 680
8 1 0 9 680
2 7 6 0 680
2 7 8 0 680
6 3 0 0 681
6 3 0 3 681
6 3 0 6 681
8 1 0 9 681
2 7 6 0 681
2 7 8 0 681
6 3 0 0 682
6 3 0 3 682
6 3 0 6 682
8 1 0 9 682
2 7 6 0 682
2 7 8 0 682
6 3 0 0 683
6 3 0 3 683
6 3 0 6 683
8 1 0 9 683
2 7 6 0 683
2 7 8 0 683
6 3 0 0 684
6 3 0 3 684
6 3 0 6 684
8 1 0 9 684
2 7 6 0 684
2 7 8 0 684
6 3 0 0 685
6 3 0 3 685
6 3 0 6 685
8 1 0 9 685
2 7 6 0 685
2 7 8 0 685
6 3 0 0 686
6 3 0 3 686
6 3 0 6 686
8 1 0 9 686
2 7 6 0 686
2 7 8 0 686
6 3 0 0 687
6 3 0 3 687
6 3 0 6 687
8 1 0 9 687
2 7 6 0 687
2 7 8 0 687
6 3 0 0 688
6 3 0 3 688
6 3 0 6 688
8 1 0 9 688
2 7 6 0 688
2 7 8 0 688
6 3 0 0 689
6 3 0 3 689
6 3 0 6 689
8 1 0 9 689
2 7 6 0 689
2 7 8 0 689
6 3 0 0 690
6 3 0 3 690
6 3 0 6 690
8 1 0 9 690
2 7 6 0 690
2 7 8 0 690
6 3 0 0 691
6 3 0 3 691
6 3 0 6 691
8 1 0 9 691
2 7 6 0 691
2 7 8 0 691
6 3 0 0 692
6 3 0 3 692
6 3 0 6 692
8 1 0 9 692
2 7 6 0 692
2 7 8 0 692
6 3 0 0 693
6 3 0 3 693
6 3 0 6 693
8 1 0 9 693
2 7 6 0 693
2 7 8 0 693
6 3 0 0 694
6 3 0 3 694
6 3 0 6 694
8 1 0 9 694
2 7 6 0 694
2 7 8 0 694
6 3 0 0 695
6 3 0 3 695
6 3 0 6 695
8 1 0 9 695
2 7 6 0 695
2 7 8 0 695
6 3 0 0 696
6 3 0 3 696
6 3 0 6 696
8 1 0 9 696
2 7 6 0 696
2 7 8 0 696
6 3 0 0 697
6 3 0 3 697
6 3 0 6 697
8 1 0 9 697
2 7 6 0 697
2 7 8 0 697
6 3 0 0 698
6 3 0 3 698
6 3 0 6 698
8 1 0 9 698
2 7 6 0 698
2 7 8 0 698
6 3 0 0 699
6 3 0 3 699
6 3 0 6 699
8 1 0 9 699
2 7 6 0 699
2 7 8 0 699
6 3 0 0 700
6 3 0 3 700
6 3 0 6 700
8 1 0 9 700
2 7 6 0 700
2 7 8 0 700
6 3 0 0 701
6 3 0 3 701
6 3 0 6 701
8 1 0 9 701
2 7 6 0 701
2 7 8 0 701
6 3 0 0 702
6 3 0 3 702
6 3 0 6 702
8 1 0 9 702
2 7 6 0 702
2 7 8 0 702
6 3 0 0 703
6 3 0 3 703
6 3 0 6 703
8 1 0 9 703
2 7 6 0 703
2 7 8 0 703
6 3 0 0 704
6 3 0 3 704
6 3 0 6 704
8 1 0 9 704
2 7 6 0 704
2 7 8 0 704
6 3 0 0 705
6 3 0 3 705
6 3 0 6 705
8 1 0 9 705
2 7 6 0 705
2 7 8 0 705
6 3 0 0 706
6 3 0 3 706
6 3 0 6 706
8 1 0 9 706
2 7 6 0 706
2 7 8 0 706
6 3 0 0 707
6 3 0 3 707
6 3 0 6 707
8 1 0 9 707
2 7 6 0 707
2 7 8 0 707
6 3 0 0 708
6 3 0 3 708
6 3 0 6 708
8 1 0 9 708
2 7 6 0 708
2 7 8 0 708
6 3 0 0 709
6 3 0 3 709
6 3 0 6 709
8 1 0 9 709
2 7 6 0 709
2 7 8 0 709
6 3 0 0 710
6 3 0 3 710
6 3 0 6 710
8 1 0 9 710
2 7 6 0 710
2 7 8 0 710
6 3 0 0 711
6 3 0 3 711
6 3 0 6 711
8 1 0 9 711
2 7 6 0 711
2 7 8 0 711
6 3 0 0 712
6 3 0 3 712
6 3 0 6 712
8 1 0 9 712
2 7 6 0 712
2 7 8 0 712
6 3 0 0 713
6 3 0 3 713
6 3 0 6 713
8 1 0 9 713
2 7 6 0 713
2 7 8 0 713
6 3 0 0 714
6 3 0 3 714
6 3 0 6 714
8 1 0 9 714
2 7 6 0 714
2 7 8 0 714
6 3 0 0 715
6 3 0 3 715
6 3 0 6 715
8 1 0 9 715
2 7 6 0 715
2 7 8 0 715
6 3 0 0 716
6 3 0 3 716
6 3 0 6 716
8 1 0 9 716
2 7 6 0 716
2 7 8 0 716
6 3 0 0 717
6 3 0 3 717
6 3 0 6 717
8 1 0 9 717
2 7 6 0 717
2 7 8 0 717
6 3 0 0 718
6 3 0 3 718
6 3 0 6 718
8 1 0 9 718
2 7 6 0 718
2 7 8 0 718
6 3 0 0 719
6 3 0 3 719
6 3 0 6 719
8 1 0 9 719
2 7 6 0 719
2 7 8 0 719
6 3 0 0 720
6 3 0 3 720
6 3 0 6 720
8 1 0 9 720
2 7 6 0 720
2 7 8 0 720
6 3 0 0 721
6 3 0 3 721
6 3 0 6 721
8 1 0 9 721
2 7 6 0 721
2 7 8 0 721
6 3 0 0 722
6 3 0 3 722
6 3 0 6 722
8 1 0 9 722
2 7 6 0 722
2 7 8 0 722
6 3 0 0 723
6 3 0 3 723
6 3 0 6 723
8 1 0 9 723
2 7 6 0 723
2 7 8 0 723
6 3 0 0 724
6 3 0 3 724
6 3 0 6 724
8 1 0 9 724
2 7 6 0 724
2 7 8 0 724
6 3 0 0 725
6 3 0 3 725
6 3 0 6 725
8 1 0 9 725
2 7 6 0 725
2 7 8 0 725
6 3 0 0 726
6 3 0 3 726
6 3 0 6 726
8 1 0 9 726
2 7 6 0 726
2 7 8 0 726
6 3 0 0 727
6 3 0 3 727
6 3 0 6 727
8 1 0 9 727
2 7 6 0 727
2 7 8 0 727
6 3 0 0 728
6 3 0 3 728
6 3 0 6 728
8 1 0 9 728
2 7 6 0 728
2 7 8 0 728
6 3 0 0 729
6 3 0 3 729
6 3 0 6 729
8 1 0 9 729
2 7 6 0 729
2 7 8 0 729
6 3 0 0 730
6 3 0 3 730
6 3 0 6 730
8 1 0 9 730
2 7 6 0 730
2 7 8 0 730
6 3 0 0 731
6 3 0 3 731
6 3 0 6 731
8 1 0 9 731
2 7 6 0 731
2 7 8 0 731
6 3 0 0 732
6 3 0 3 732
6 3 0 6 732
8 1 0 9 732
2 7 6 0 732
2 7 8 0 732
6 3 0 0 733
6 3 0 3 733
6 3 0 6 733
8 1 0 9 733
2 7 6 0 733
2 7 8 0 733
6 3 0 0 734
6 3 0 3 734
6 3 0 6 734
8 1 0 9 734
2 7 6 0 734
2 7 8 0 734
6 3 0 0 735
6 3 0 3 735
6 3 0 6 735
8 1 0 9 735
2 7 6 0 735
2 7 8 0 735
6 3 0 0 736
6 3 0 3 736
6 3 0 6 736
8 1 0 9 736
2 7 6 0 736
2 7 8 0 736
6 3 0 0 737
6 3 0 3 737
6 3 0 6 737
8 1 0 9 737
2 7 6 0 737
2 7 8 0 737
6 3 0 0 738
6 3 0 3 738
6 3 0 6 738
8 1 0 9 738
2 7 6 0 738
2 7 8 0 738
6 3 0 0 739
6 3 0 3 739
6 3 0 6 739
8 1 0 9 739
2 7 6 0 739
2 7 8 0 739
6 3 0 0 740
6 3 0 3 740
6 3 0 6 740
8 1 0 9 740
2 7 6 0 740
2 7 8 0 740
6 3 0 0 741
6 3 0 3 741
6 3 0 6 741
8 1 0 9 741
2 7 6 0 741
2 7 8 0 741
6 3 0 0 742
6 3 0 3 742
6 3 0 6 742
8 1 0 9 742
2 7 6 0 742
2 7 8 0 742
6 3 0 0 743
6 3 0 3 743
6 3 0 6 743
8 1 0 9 743
2 7 6 0 743
2 7 8 0 743
6 3 0 0 744
6 3 0 3 744
6 3 0 6 744
8 1 0 9 744
2 7 6 0 744
2 7 8 0 744
6 3 0 0 745
6 3 0 3 745
6 3 0 6 745
8 1 0 9 745
2 7 6 0 745
2 7 8 0 745
6 3 0 0 746
6 3 0 3 746
6 3 0 6 746
8 1 0 9 746
2 7 6 0 746
2 7 8 0 746
6 3 0 0 747
6 3 0 3 747
6 3 0 6 747
8 1 0 9 747
2 7 6 0 747
2 7 8 0 747
6 3 0 0 748
6 3 0 3 748
6 3 0 6 748
8 1 0 9 748
2 7 6 0 748
2 7 8 0 748
6 3 0 0 749
6 3 0 3 749
6 3 0 6 749
8 1 0 9 749
2 7 6 0 749
2 7 8 0 749
6 3 0 0 750
6 3 0 3 750
6 3 0 6 750
8 1 0 9 750
2 7 6 0 750
2 7 8 0 750
6 3 0 0 751
6 3 0 3 751
6 3 0 6 751
8 1 0 9 751
2 7 6 0 751
2 7 8 0 751
6 3 0 0 752
6 3 0 3 752
6 3 0 6 752
8 1 0 9 752
2 7 6 0 752
2 7 8 0 752
6 3 0 0 753
6 3 0 3 753
6 3 0 6 753
8 1 0 9 753
2 7 6 0 753
2 7 8 0 753
6 3 0 0 754
6 3 0 3 754
6 3 0 6 754
8 1 0 9 754
2 7 6 0 754
2 7 8 0 754
6 3 0 0 755
6 3 0 3 755
6 3 0 6 755
8 1 0 9 755
2 7 6 0 755
2 7 8 0 755
6 3 0 0 756
6 3 0 3 756
6 3 0 6 756
8 1 0 9 756
2 7 6 0 756
2 7 8 0 756
6 3 0 0 757
6 3 0 3 757
6 3 0 6 757
8 1 0 9 757
2 7 6 0 757
2 7 8 0 757
6 3 0 0 758
6 3 0 3 758
6 3 0 6 758
8 1 0 9 758
2 7 6 0 758
2 7 8 0 758
6 3 0 0 759
6 3 0 3 759
6 3 0 6 759
8 1 0 9 759
2 7 6 0 759
2 7 8 0 759
6 3 0 0 760
6 3 0 3 760
6 3 0 6 760
8 1 0 9 760
2 7 6 0 760
2 7 8 0 760
6 3 0 0 761
6 3 0 3 761
6 3 0 6 761
8 1 0 9 761
2 7 6 0 761
2 7 8 0 761
6 3 0 0 762
6 3 0 3 762
6 3 0 6 762
8 1 0 9 762
2 7 6 0 762
2 7 8 0 762
6 3 0 0 763
6 3 0 3 763
6 3 0 6 763
8 1 0 9 763
2 7 6 0 763
2 7 8 0 763
6 3 0 0 764
6 3 0 3 764
6 3 0 6 764
8 1 0 9 764
2 7 6 0 764
2 7 8 0 764
6 3 0 0 765
6 3 0 3 765
6 3 0 6 765
8 1 0 9 765
2 7 6 0 765
2 7 8 0 765
6 3 0 0 766
6 3 0 3 766
6 3 0 6 766
8 1 0 9 766
2 7 6 0 766
2 7 8 0 766
6 3 0 0 767
6 3 0 3 767
6 3 0 6 767
8 1 0 9 767
2 7 6 0 767
2 7 8 0 767
6 3 0 0 768
6 3 0 3 768
6 3 0 6 768
8 1 0 9 768
2 7 6 0 768
2 7 8 0 768
6 3 0 0 769
6 3 0 3 769
6 3 0 6 769
8 1 0 9 769
2 7 6 0 769
2 7 8 0 769
6 3 0 0 770
6 3 0 3 770
6 3 0 6 770
8 1 0 9 770
2 7 6 0 770
2 7 8 0 770
6 3 0 0 771
6 3 0 3 771
6 3 0 6 771
8 1 0 9 771
2 7 6 0 771
2 7 8 0 771
6 3 0 0 772
6 3 0 3 772
6 3 0 6 772
8 1 0 9 772
2 7 6 0 772
2 7 8 0 772
6 3 0 0 773
6 3 0 3 773
6 3 0 6 773
8 1 0 9 773
2 7 6 0 773
2 7 8 0 773
6 3 0 0 774
6 3 0 3 774
6 3 0 6 774
8 1 0 9 774
2 7 6 0 774
2 7 8 0 774
6 3 0 0 775
6 3 0 3 775
6 3 0 6 775
8 1 0 9 775
2 7 6 0 775
2 7 8 0 775
6 3 0 0 776
6 3 0 3 776
6 3 0 6 776
8 1 0 9 776
2 7 6 0 776
2 7 8 0 776
6 3 0 0 777
6 3 0 3 777
6 3 0 6 777
8 1 0 9 777
2 7 6 0 777
2 7 8 0 777
6 3 0 0 778
6 3 0 3 778
6 3 0 6 778
8 1 0 9 778
2 7 6 0 778
2 7 8 0 778
6 3 0 0 779
6 3 0 3 779
6 3 0 6 779
8 1 0 9 779
2 7 6 0 779
2 7 8 0 779
6 3 0 0 780
6 3 0 3 780
6 3 0 6 780
8 1 0 9 780
2 7 6 0 780
2 7 8 0 780
6 3 0 0 781
6 3 0 3 781
6 3 0 6 781
8 1 0 9 781
2 7 6 0 781
2 7 8 0 781
6 3 0 0 782
6 3 0 3 782
6 3 0 6 782
8 1 0 9 782
2 7 6 0 782
2 7 8 0 782
6 3 0 0 783
6 3 0 3 783
6 3 0 6 783
8 1 0 9 783
2 7 6 0 783
2 7 8 0 783
6 3 0 0 784
6 3 0 3 784
6 3 0 6 784
8 1 0 9 784
2 7 6 0 784
2 7 8 0 784
6 3 0 0 785
6 3 0 3 785
6 3 0 6 785
8 1 0 9 785
2 7 6 0 785
2 7 8 0 785
6 3 0 0 786
6 3 0 3 786
6 3 0 6 786
8 1 0 9 786
2 7 6 0 786
2 7 8 0 786
6 3 0 0 787
6 3 0 3 787
6 3 0 6 787
8 1 0 9 787
2 7 6 0 787
2 7 8 0 787
6 3 0 0 788
6 3 0 3 788
6 3 0 6 788
8 1 0 9 788
2 7 6 0 788
2 7 8 0 788
6 3 0 0 789
6 3 0 3 789
6 3 0 6 789
8 1 0 9 789
2 7 6 0 789
2 7 8 0 789
6 3 0 0 790
6 3 0 3 790
6 3 0 6 790
8 1 0 9 790
2 7 6 0 790
2 7 8 0 790
6 3 0 0 791
6 3 0 3 791
6 3 0 6 791
8 1 0 9 791
2 7 6 0 791
2 7 8 0 791
6 3 0 0 792
6 3 0 3 792
6 3 0 6 792
8 1 0 9 792
2 7 6 0 792
2 7 8 0 792
6 3 0 0 793
6 3 0 3 793
6 3 0 6 793
8 1 0 9 793
2 7 6 0 793
2 7 8 0 793
6 3 0 0 794
6 3 0 3 794
6 3 0 6 794
8 1 0 9 794
2 7 6 0 794
2 7 8 0 794
6 3 0 0 795
6 3 0 3 795
6 3 0 6 795
8 1 0 9 795
2 7 6 0 795
2 7 8 0 795
6 3 0 0 796
6 3 0 3 796
6 3 0 6 796
8 1 0 9 796
2 7 6 0 796
2 7 8 0 796
6 3 0 0 797
6 3 0 3 797
6 3 0 6 797
8 1 0 9 797
2 7 6 0 797
2 7 8 0 797
6 3 0 0 798
6 3 0 3 798
6 3 0 6 798
8 1 0 9 798
2 7 6 0 798
2 7 8 0 798
6 3 0 0 799
6 3 0 3 799
6 3 0 6 799
8 1 0 9 799
2 7 6 0 799
2 7 8 0 799
6 3 0 0 800
6 3 0 3 800
6 3 0 6 800
8 1 0 9 800
2 7 6 0 800
2 7 8 0 800
6 3 0 0 801
6 3 0 3 801
6 3 0 6 801
8 1 0 9 801
2 7 6 0 801
2 7 8 0 801
6 3 0 0 802
6 3 0 3 802
6 3 0 6 802
8 1 0 9 802
2 7 6 0 802
2 7 8 0 802
6 3 0 0 803
6 3 0 3 803
6 3 0 6 803
8 1 0 9 803
2 7 6 0 803
2 7 8 0 803
6 3 0 0 804
6 3 0 3 804
6 3 0 6 804
8 1 0 9 804
2 7 6 0 804
2 7 8 0 804
6 3 0 0 805
6 3 0 3 805
6 3 0 6 805
8 1 0 9 805
2 7 6 0 805
2 7 8 0 805
6 3 0 0 806
6 3 0 3 806
6 3 0 6 806
8 1 0 9 806
2 7 6 0 806
2 7 8 0 806
6 3 0 0 807
6 3 0 3 807
6 3 0 6 807
8 1 0 9 807
2 7 6 0 807
2 7 8 0 807
6 3 0 0 808
6 3 0 3 808
6 3 0 6 808
8 1 0 9 808
2 7 6 0 808
2 7 8 0 808
6 3 0 0 809
6 3 0 3 809
6 3 0 6 809
8 1 0 9 809
2 7 6 0 809
2 7 8 0 809
6 3 0 0 810
6 3 0 3 810
6 3 0 6 810
8 1 0 9 810
2 7 6 0 810
2 7 8 0 810
6 3 0 0 811
6 3 0 3 811
6 3 0 6 811
8 1 0 9 811
2 7 6 0 811
2 7 8 0 811
6 3 0 0 812
6 3 0 3 812
6 3 0 6 812
8 1 0 9 812
2 7 6 0 812
2 7 8 0 812
6 3 0 0 813
6 3 0 3 813
6 3 0 6 813
8 1 0 9 813
2 7 6 0 813
2 7 8 0 813
6 3 0 0 814
6 3 0 3 814
6 3 0 6 814
8 1 0 9 814
2 7 6 0 814
2 7 8 0 814
6 3 0 0 815
6 3 0 3 815
6 3 0 6 815
8 1 0 9 815
2 7 6 0 815
2 7 8 0 815
6 3 0 0 816
6 3 0 3 816
6 3 0 6 816
8 1 0 9 816
2 7 6 0 816
2 7 8 0 816
6 3 0 0 817
6 3 0 3 817
6 3 0 6 817
8 1 0 9 817
2 7 6 0 817
2 7 8 0 817
6 3 0 0 818
6 3 0 3 818
6 3 0 6 818
8 1 0 9 818
2 7 6 0 818
2 7 8 0 818
6 3 0 0 819
6 3 0 3 819
6 3 0 6 819
8 1 0 9 819
2 7 6 0 819
2 7 8 0 819
6 3 0 0 820
6 3 0 3 820
6 3 0 6 820
8 1 0 9 820
2 7 6 0 820
2 7 8 0 820
6 3 0 0 821
6 3 0 3 821
6 3 0 6 821
8 1 0 9 821
2 7 6 0 821
2 7 8 0 821
6 3 0 0 822
6 3 0 3 822
6 3 0 6 822
8 1 0 9 822
2 7 6 0 822
2 7 8 0 822
6 3 0 0 823
6 3 0 3 823
6 3 0 6 823
8 1 0 9 823
2 7 6 0 823
2 7 8 0 823
6 3 0 0 824
6 3 0 3 824
6 3 0 6 824
8 1 0 9 824
2 7 6 0 824
2 7 8 0 824
6 3 0 0 825
6 3 0 3 825
6 3 0 6 825
8 1 0 9 825
2 7 6 0 825
2 7 8 0 825
6 3 0 0 826
6 3 0 3 826
6 3 0 6 826
8 1 0 9 826
2 7 6 0 826
2 7 8 0 826
6 3 0 0 827
6 3 0 3 827
6 3 0 6 827
8 1 0 9 827
2 7 6 0 827
2 7 8 0 827
6 3 0 0 828
6 3 0 3 828
6 3 0 6 828
8 1 0 9 828
2 7 6 0 828
2 7 8 0 828
6 3 0 0 829
6 3 0 3 829
6 3 0 6 829
8 1 0 9 829
2 7 6 0 829
2 7 8 0 829
6 3 0 0 830
6 3 0 3 830
6 3 0 6 830
8 1 0 9 830
2 7 6 0 830
2 7 8 0 830
6 3 0 0 831
6 3 0 3 831
6 3 0 6 831
8 1 0 9 831
2 7 6 0 831
2 7 8 0 831
6 3 0 0 832
6 3 0 3 832
6 3 0 6 832
8 1 0 9 832
2 7 6 0 832
2 7 8 0 832
2 7 0 0 833
2 7 2 0 833
2 7 4 0 833
2 7 6 0 833
2 7 8 0 833
8 1 0 7 833
8 1 0 8 833
8 1 0 9 833
2 7 0 0 834
2 7 2 0 834
2 7 4 0 834
2 7 6 0 834
2 7 8 0 834
8 1 0 7 834
8 1 0 8 834
8 1 0 9 834
2 7 0 0 835
2 7 2 0 835
2 7 4 0 835
2 7 6 0 835
2 7 8 0 835
8 1 0 7 835
8 1 0 8 835
8 1 0 9 835
2 7 0 0 836
2 7 2 0 836
2 7 4 0 836
2 7 6 0 836
2 7 8 0 836
8 1 0 7 836
8 1 0 8 836
8 1 0 9 836
2 7 0 0 837
2 7 2 0 837
2 7 4 0 837
2 7 6 0 837
2 7 8 0 837
8 1 0 7 837
8 1 0 8 837
8 1 0 9 837
2 7 0 0 838
2 7 2 0 838
2 7 4 0 838
2 7 6 0 838
2 7 8 0 838
8 1 0 7 838
8 1 0 8 838
8 1 0 9 838
2 7 0 0 839
2 7 2 0 839
2 7 4 0 839
2 7 6 0 839
2 7 8 0 839
8 1 0 7 839
8 1 0 8 839
8 1 0 9 839
2 7 0 0 840
2 7 2 0 840
2 7 4 0 840
2 7 6 0 840
2 7 8 0 840
8 1 0 7 840
8 1 0 8 840
8 1 0 9 840
2 7 0 0 841
2 7 2 0 841
2 7 4 0 841
2 7 6 0 841
2 7 8 0 841
8 1 0 7 841
8 1 0 8 841
8 1 0 9 841
2 7 0 0 842
2 7 2 0 842
2 7 4 0 842
2 7 6 0 842
2 7 8 0 842
8 1 0 7 842
8 1 0 8 842
8 1 0 9 842
2 7 0 0 843
2 7 2 0 843
2 7 4 0 843
2 7 6 0 843
2 7 8 0 843
8 1 0 7 843
8 1 0 8 843
8 1 0 9 843
2 7 0 0 844
2 7 2 0 844
2 7 4 0 844
2 7 6 0 844
2 7 8 0 844
8 1 0 7 844
8 1 0 8 844
8 1 0 9 844
2 7 0 0 845
2 7 2 0 845
2 7 4 0 845
2 7 6 0 845
2 7 8 0 845
8 1 0 7 845
8 1 0 8 845
8 1 0 9 845
2 7 0 0 846
2 7 2 0 846
2 7 4 0 846
2 7 6 0 846
2 7 8 0 846
8 1 0 7 846
8 1 0 8 846
8 1 0 9 846
2 7 0 0 847
2 7 2 0 847
2 7 4 0 847
2 7 6 0 847
2 7 8 0 847
8 1 0 7 847
8 1 0 8 847
8 1 0 9 847
2 7 0 0 848
2 7 2 0 848
2 7 4 0 848
2 7 6 0 848
2 7 8 0 848
8 1 0 7 848
8 1 0 8 848
8 1 0 9 848
2 7 0 0 849
2 7 2 0 849
2 7 4 0 849
2 7 6 0 849
2 7 8 0 849
8 1 0 7 849
8 1 0 8 849
8 1 0 9 849
2 7 0 0 850
2 7 2 0 850
2 7 4 0 850
2 7 6 0 850
2 7 8 0 850
8 1 0 7 850
8 1 0 8 850
8 1 0 9 850
2 7 0 0 851
2 7 2 0 851
2 7 4 0 851
2 7 6 0 851
2 7 8 0 851
8 1 0 7 851
8 1 0 8 851
8 1 0 9 851
2 7 0 0 852
2 7 2 0 852
2 7 4 0 852
2 7 6 0 852
2 7 8 0 852
8 1 0 7 852
8 1 0 8 852
8 1 0 9 852
2 7 0 0 853
2 7 2 0 853
2 7 4 0 853
2 7 6 0 853
2 7 8 0 853
8 1 0 7 853
8 1 0 8 853
8 1 0 9 853
2 7 0 0 854
2 7 2 0 854
2 7 4 0 854
2 7 6 0 854
2 7 8 0 854
8 1 0 7 854
8 1 0 8 854
8 1 0 9 854
2 7 0 0 855
2 7 2 0 855
2 7 4 0 855
2 7 6 0 855
2 7 8 0 855
8 1 0 7 855
8 1 0 8 855
8 1 0 9 855
2 7 0 0 856
2 7 2 0 856
2 7 4 0 856
2 7 6 0 856
2 7 8 0 856
8 1 0 7 856
8 1 0 8 856
8 1 0 9 856
2 7 0 0 857
2 7 2 0 857
2 7 4 0 857
2 7 6 0 857
2 7 8 0 857
8 1 0 7 857
8 1 0 8 857
8 1 0 9 857
2 7 0 0 858
2 7 2 0 858
2 7 4 0 858
2 7 6 0 858
2 7 8 0 858
8 1 0 7 858
8 1 0 8 858
8 1 0 9 858
2 7 0 0 859
2 7 2 0 859
2 7 4 0 859
2 7 6 0 859
2 7 8 0 859
8 1 0 7 859
8 1 0 8 859
8 1 0 9 859
2 7 0 0 860
2 7 2 0 860
2 7 4 0 860
2 7 6 0 860
2 7 8 0 860
8 1 0 7 860
8 1 0 8 860
8 1 0 9 860
2 7 0 0 861
2 7 2 0 861
2 7 4 0 861
2 7 6 0 861
2 7 8 0 861
8 1 0 7 861
8 1 0 8 861
8 1 0 9 861
2 7 0 0 862
2 7 2 0 862
2 7 4 0 862
2 7 6 0 862
2 7 8 0 862
8 1 0 7 862
8 1 0 8 862
8 1 0 9 862
2 7 0 0 863
2 7 2 0 863
2 7 4 0 863
2 7 6 0 863
2 7 8 0 863
8 1 0 7 863
8 1 0 8 863
8 1 0 9 863
2 7 0 0 864
2 7 2 0 864
2 7 4 0 864
2 7 6 0 864
2 7 8 0 864
8 1 0 7 864
8 1 0 8 864
8 1 0 9 864
2 7 0 0 865
2 7 2 0 865
2 7 4 0 865
2 7 6 0 865
2 7 8 0 865
8 1 0 7 865
8 1 0 8 865
8 1 0 9 865
2 7 0 0 866
2 7 2 0 866
2 7 4 0 866
2 7 6 0 866
2 7 8 0 866
8 1 0 7 866
8 1 0 8 866
8 1 0 9 866
2 7 0 0 867
2 7 2 0 867
2 7 4 0 867
2 7 6 0 867
2 7 8 0 867
8 1 0 7 867
8 1 0 8 867
8 1 0 9 867
2 7 0 0 868
2 7 2 0 868
2 7 4 0 868
2 7 6 0 868
2 7 8 0 868
8 1 0 7 868
8 1 0 8 868
8 1 0 9 868
2 7 0 0 869
2 7 2 0 869
2 7 4 0 869
2 7 6 0 869
2 7 8 0 869
8 1 0 7 869
8 1 0 8 869
8 1 0 9 869
2 7 0 0 870
2 7 2 0 870
2 7 4 0 870
2 7 6 0 870
2 7 8 0 870
8 1 0 7 870
8 1 0 8 870
8 1 0 9 870
2 7 0 0 871
2 7 2 0 871
2 7 4 0 871
2 7 6 0 871
2 7 8 0 871
8 1 0 7 871
8 1 0 8 871
8 1 0 9 871
2 7 0 0 872
2 7 2 0 872
2 7 4 0 872
2 7 6 0 872
2 7 8 0 872
8 1 0 7 872
8 1 0 8 872
8 1 0 9 872
2 7 0 0 873
2 7 2 0 873
2 7 4 0 873
2 7 6 0 873
2 7 8 0 873
8 1 0 7 873
8 1 0 8 873
8 1 0 9 873
2 7 0 0 874
2 7 2 0 874
2 7 4 0 874
2 7 6 0 874
2 7 8 0 874
8 1 0 7 874
8 1 0 8 874
8 1 0 9 874
2 7 0 0 875
2 7 2 0 875
2 7 4 0 875
2 7 6 0 875
2 7 8 0 875
8 1 0 7 875
8 1 0 8 875
8 1 0 9 875
2 7 0 0 876
2 7 2 0 876
2 7 4 0 876
2 7 6 0 876
2 7 8 0 876
8 1 0 7 876
8 1 0 8 876
8 1 0 9 876
2 7 0 0 877
2 7 2 0 877
2 7 4 0 877
2 7 6 0 877
2 7 8 0 877
8 1 0 7 877
8 1 0 8 877
8 1 0 9 877
2 7 0 0 878
2 7 2 0 878
2 7 4 0 878
2 7 6 0 878
2 7 8 0 878
8 1 0 7 878
8 1 0 8 878
8 1 0 9 878
2 7 0 0 879
2 7 2 0 879
2 7 4 0 879
2 7 6 0 879
2 7 8 0 879
8 1 0 7 879
8 1 0 8 879
8 1 0 9 879
2 7 0 0 880
2 7 2 0 880
2 7 4 0 880
2 7 6 0 880
2 7 8 0 880
8 1 0 7 880
8 1 0 8 880
8 1 0 9 880
2 7 0 0 881
2 7 2 0 881
2 7 4 0 881
2 7 6 0 881
2 7 8 0 881
8 1 0 7 881
8 1 0 8 881
8 1 0 9 881
2 7 0 0 882
2 7 2 0 882
2 7 4 0 882
2 7 6 0 882
2 7 8 0 882
8 1 0 7 882
8 1 0 8 882
8 1 0 9 882
2 7 0 0 883
2 7 2 0 883
2 7 4 0 883
2 7 6 0 883
2 7 8 0 883
8 1 0 7 883
8 1 0 8 883
8 1 0 9 883
2 7 0 0 884
2 7 2 0 884
2 7 4 0 884
2 7 6 0 884
2 7 8 0 884
8 1 0 7 884
8 1 0 8 884
8 1 0 9 884
2 7 0 0 885
2 7 2 0 885
2 7 4 0 885
2 7 6 0 885
2 7 8 0 885
8 1 0 7 885
8 1 0 8 885
8 1 0 9 885
2 7 0 0 886
2 7 2 0 886
2 7 4 0 886
2 7 6 0 886
2 7 8 0 886
8 1 0 7 886
8 1 0 8 886
8 1 0 9 886
2 7 0 0 887
2 7 2 0 887
2 7 4 0 887
2 7 6 0 887
2 7 8 0 887
8 1 0 7 887
8 1 0 8 887
8 1 0 9 887
2 7 0 0 888
2 7 2 0 888
2 7 4 0 888
2 7 6 0 888
2 7 8 0 888
8 1 0 7 888
8 1 0 8 888
8 1 0 9 888
2 7 0 0 889
2 7 2 0 889
2 7 4 0 889
2 7 6 0 889
2 7 8 0 889
8 1 0 7 889
8 1 0 8 889
8 1 0 9 889
2 7 0 0 890
2 7 2 0 890
2 7 4 0 890
2 7 6 0 890
2 7 8 0 890
8 1 0 7 890
8 1 0 8 890
8 1 0 9 890
2 7 0 0 891
2 7 2 0 891
2 7 4 0 891
2 7 6 0 891
2 7 8 0 891
8 1 0 7 891
8 1 0 8 891
8 1 0 9 891
2 7 0 0 892
2 7 2 0 892
2 7 4 0 892
2 7 6 0 892
2 7 8 0 892
8 1 0 7 892
8 1 0 8 892
8 1 0 9 892
2 7 0 0 893
2 7 2 0 893
2 7 4 0 893
2 7 6 0 893
2 7 8 0 893
8 1 0 7 893
8 1 0 8 893
8 1 0 9 893
2 7 0 0 894
2 7 2 0 894
2 7 4 0 894
2 7 6 0 894
2 7 8 0 894
8 1 0 7 894
8 1 0 8 894
8 1 0 9 894
2 7 0 0 895
2 7 2 0 895
2 7 4 0 895
2 7 6 0 895
2 7 8 0 895
8 1 0 7 895
8 1 0 8 895
8 1 0 9 895
2 7 0 0 896
2 7 2 0 896
2 7 4 0 896
2 7 6 0 896
2 7 8 0 896
8 1 0 7 896
8 1 0 8 896
8 1 0 9 896
2 7 0 0 897
2 7 2 0 897
2 7 4 0 897
2 7 6 0 897
2 7 8 0 897
8 1 0 7 897
8 1 0 8 897
8 1 0 9 897
2 7 0 0 898
2 7 2 0 898
2 7 4 0 898
2 7 6 0 898
2 7 8 0 898
8 1 0 7 898
8 1 0 8 898
8 1 0 9 898
2 7 0 0 899
2 7 2 0 899
2 7 4 0 899
2 7 6 0 899
2 7 8 0 899
8 1 0 7 899
8 1 0 8 899
8 1 0 9 899
2 7 0 0 900
2 7 2 0 900
2 7 4 0 900
2 7 6 0 900
2 7 8 0 900
8 1 0 7 900
8 1 0 8 900
8 1 0 9 900
2 7 0 0 901
2 7 2 0 901
2 7 4 0 901
2 7 6 0 901
2 7 8 0 901
8 1 0 7 901
8 1 0 8 901
8 1 0 9 901
2 7 0 0 902
2 7 2 0 902
2 7 4 0 902
2 7 6 0 902
2 7 8 0 902
8 1 0 7 902
8 1 0 8 902
8 1 0 9 902
2 7 0 0 903
2 7 2 0 903
2 7 4 0 903
2 7 6 0 903
2 7 8 0 903
8 1 0 7 903
8 1 0 8 903
8 1 0 9 903
2 7 0 0 904
2 7 2 0 904
2 7 4 0 904
2 7 6 0 904
2 7 8 0 904
8 1 0 7 904
8 1 0 8 904
8 1 0 9 904
2 7 0 0 905
2 7 2 0 905
2 7 4 0 905
2 7 6 0 905
2 7 8 0 905
8 1 0 7 905
8 1 0 8 905
8 1 0 9 905
2 7 0 0 906
2 7 2 0 906
2 7 4 0 906
2 7 6 0 906
2 7 8 0 906
8 1 0 7 906
8 1 0 8 906
8 1 0 9 906
2 7 0 0 907
2 7 2 0 907
2 7 4 0 907
2 7 6 0 907
2 7 8 0 907
8 1 0 7 907
8 1 0 8 907
8 1 0 9 907
2 7 0 0 908
2 7 2 0 908
2 7 4 0 908
2 7 6 0 908
2 7 8 0 908
8 1 0 7 908
8 1 0 8 908
8 1 0 9 908
2 7 0 0 909
2 7 2 0 909
2 7 4 0 909
2 7 6 0 909
2 7 8 0 909
8 1 0 7 909
8 1 0 8 909
8 1 0 9 909
2 7 0 0 910
2 7 2 0 910
2 7 4 0 910
2 7 6 0 910
2 7 8 0 910
8 1 0 7 910
8 1 0 8 910
8 1 0 9 910
2 7 0 0 911
2 7 2 0 911
2 7 4 0 911
2 7 6 0 911
2 7 8 0 911
8 1 0 7 911
8 1 0 8 911
8 1 0 9 911
2 7 0 0 912
2 7 2 0 912
2 7 4 0 912
2 7 6 0 912
2 7 8 0 912
8 1 0 7 912
8 1 0 8 912
8 1 0 9 912
2 7 0 0 913
2 7 2 0 913
2 7 4 0 913
2 7 6 0 913
2 7 8 0 913
8 1 0 7 913
8 1 0 8 913
8 1 0 9 913
2 7 0 0 914
2 7 2 0 914
2 7 4 0 914
2 7 6 0 914
2 7 8 0 914
8 1 0 7 914
8 1 0 8 914
8 1 0 9 914
2 7 0 0 915
2 7 2 0 915
2 7 4 0 915
2 7 6 0 915
2 7 8 0 915
8 1 0 7 915
8 1 0 8 915
8 1 0 9 915
2 7 0 0 916
2 7 2 0 916
2 7 4 0 916
2 7 6 0 916
2 7 8 0 916
8 1 0 7 916
8 1 0 8 916
8 1 0 9 916
2 7 0 0 917
2 7 2 0 917
2 7 4 0 917
2 7 6 0 917
2 7 8 0 917
8 1 0 7 917
8 1 0 8 917
8 1 0 9 917
2 7 0 0 918
2 7 2 0 918
2 7 4 0 918
2 7 6 0 918
2 7 8 0 918
8 1 0 7 918
8 1 0 8 918
8 1 0 9 918
2 7 0 0 919
2 7 2 0 919
2 7 4 0 919
2 7 6 0 919
2 7 8 0 919
8 1 0 7 919
8 1 0 8 919
8 1 0 9 919
2 7 0 0 920
2 7 2 0 920
2 7 4 0 920
2 7 6 0 920
2 7 8 0 920
8 1 0 7 920
8 1 0 8 920
8 1 0 9 920
2 7 0 0 921
2 7 2 0 921
2 7 4 0 921
2 7 6 0 921
2 7 8 0 921
8 1 0 7 921
8 1 0 8 921
8 1 0 9 921
2 7 0 0 922
2 7 2 0 922
2 7 4 0 922
2 7 6 0 922
2 7 8 0 922
8 1 0 7 922
8 1 0 8 922
8 1 0 9 922
2 7 0 0 923
2 7 2 0 923
2 7 4 0 923
2 7 6 0 923
2 7 8 0 923
8 1 0 7 923
8 1 0 8 923
8 1 0 9 923
2 7 0 0 924
2 7 2 0 924
2 7 4 0 924
2 7 6 0 924
2 7 8 0 924
8 1 0 7 924
8 1 0 8 924
8 1 0 9 924
2 7 0 0 925
2 7 2 0 925
2 7 4 0 925
2 7 6 0 925
2 7 8 0 925
8 1 0 7 925
8 1 0 8 925
8 1 0 9 925
2 7 0 0 926
2 7 2 0 926
2 7 4 0 926
2 7 6 0 926
2 7 8 0 926
8 1 0 7 926
8 1 0 8 926
8 1 0 9 926
2 7 0 0 927
2 7 2 0 927
2 7 4 0 927
2 7 6 0 927
2 7 8 0 927
8 1 0 7 927
8 1 0 8 927
8 1 0 9 927
2 7 0 0 928
2 7 2 0 928
2 7 4 0 928
2 7 6 0 928
2 7 8 0 928
8 1 0 7 928
8 1 0 8 928
8 1 0 9 928
2 7 0 0 929
2 7 2 0 929
2 7 4 0 929
2 7 6 0 929
2 7 8 0 929
8 1 0 7 929
8 1 0 8 929
8 1 0 9 929
2 7 0 0 930
2 7 2 0 930
2 7 4 0 930
2 7 6 0 930
2 7 8 0 930
8 1 0 7 930
8 1 0 8 930
8 1 0 9 930
2 7 0 0 931
2 7 2 0 931
2 7 4 0 931
2 7 6 0 931
2 7 8 0 931
3 3 0 7 931
3 3 3 7 931
3 3 6 7 931
2 7 0 0 932
2 7 2 0 932
3 3 4 0 932
3 3 4 3 932
3 3 4 6 932
3 3 0 7 932
3 3 7 0 932
3 3 7 3 932
3 3 7 6 932
3 3 0 0 933
3 3 3 0 933
3 3 6 0 933
3 3 0 3 933
3 3 3 3 933
3 3 6 3 933
3 3 0 6 933
3 3 3 6 933
3 3 6 6 933
3 3 0 0 934
3 3 3 0 934
3 3 6 0 934
3 3 0 3 934
3 3 3 3 934
3 3 6 3 934
3 3 0 6 934
3 3 3 6 934
3 3 6 6 934
3 3 0 0 935
3 3 3 0 935
3 3 6 0 935
3 3 0 3 935
3 3 3 3 935
3 3 6 3 935
3 3 0 6 935
3 3 3 6 935
3 3 6 6 935
3 3 0 0 936
3 3 3 0 936
3 3 6 0 936
3 3 0 3 936
3 3 3 3 936
3 3 6 3 936
3 3 0 6 936
3 3 3 6 936
3 3 6 6 936
3 3 0 0 937
3 3 3 0 937
3 3 6 0 937
3 3 0 3 937
3 3 3 3 937
3 3 6 3 937
3 3 0 6 937
3 3 3 6 937
3 3 6 6 937
3 3 0 0 938
3 3 3 0 938
3 3 6 0 938
3 3 0 3 938
3 3 3 3 938
3 3 6 3 938
3 3 0 6 938
3 3 3 6 938
3 3 6 6 938
3 3 0 0 939
3 3 3 0 939
3 3 6 0 939
3 3 0 3 939
3 3 3 3 939
3 3 6 3 939
3 3 0 6 939
3 3 3 6 939
3 3 6 6 939
3 3 0 0 940
3 3 3 0 940
3 3 6 0 940
3 3 0 3 940
3 3 3 3 940
3 3 6 3 940
3 3 0 6 940
3 3 3 6 940
3 3 6 6 940
3 3 0 0 941
3 3 3 0 941
3 3 6 0 941
3 3 0 3 941
3 3 3 3 941
3 3 6 3 941
3 3 0 6 941
3 3 3 6 941
3 3 6 6 941
3 3 0 0 942
3 3 3 0 942
3 3 6 0 942
3 3 0 3 942
3 3 3 3 942
3 3 6 3 942
3 3 0 6 942
3 3 3 6 942
3 3 6 6 942
3 3 0 0 943
3 3 3 0 943
3 3 6 0 943
3 3 0 3 943
3 3 3 3 943
3 3 6 3 943
3 3 0 6 943
3 3 3 6 943
3 3 6 6 943
3 3 0 0 944
3 3 3 0 944
3 3 6 0 944
3 3 0 3 944
3 3 3 3 944
3 3 6 3 944
3 3 0 6 944
3 3 3 6 944
3 3 6 6 944
3 3 0 0 945
3 3 3 0 945
3 3 6 0 945
3 3 0 3 945
3 3 3 3 945
3 3 6 3 945
3 3 0 6 945
3 3 3 6 945
3 3 6 6 945
3 3 0 0 946
3 3 3 0 946
3 3 6 0 946
3 3 0 3 946
3 3 3 3 946
3 3 6 3 946
3 3 0 6 946
3 3 3 6 946
3 3 6 6 946
3 3 0 0 947
3 3 3 0 947
3 3 6 0 947
3 3 0 3 947
3 3 3 3 947
3 3 6 3 947
3 3 0 6 947
3 3 3 6 947
3 3 6 6 947
3 3 0 0 948
3 3 3 0 948
3 3 6 0 948
3 3 0 3 948
3 3 3 3 948
3 3 6 3 948
3 3 0 6 948
3 3 3 6 948
3 3 6 6 948
3 3 0 0 949
3 3 3 0 949
3 3 6 0 949
3 3 0 3 949
3 3 3 3 949
3 3 6 3 949
3 3 0 6 949
3 3 3 6 949
3 3 6 6 949
3 3 0 0 950
3 3 3 0 950
3 3 6 0 950
3 3 0 3 950
3 3 3 3 950
3 3 6 3 950
3 3 0 6 950
3 3 3 6 950
3 3 6 6 950
3 3 0 0 951
3 3 3 0 951
3 3 6 0 951
3 3 0 3 951
3 3 3 3 951
3 3 6 3 951
3 3 0 6 951
3 3 3 6 951
3 3 6 6 951
3 3 0 0 952
3 3 3 0 952
3 3 6 0 952
3 3 0 3 952
3 3 3 3 952
3 3 6 3 952
3 3 0 6 952
3 3 3 6 952
3 3 6 6 952
3 3 0 0 953
3 3 3 0 953
3 3 6 0 953
3 3 0 3 953
3 3 3 3 953
3 3 6 3 953
3 3 0 6 953
3 3 3 6 953
3 3 6 6 953
3 3 0 0 954
3 3 3 0 954
3 3 6 0 954
3 3 0 3 954
3 3 3 3 954
3 3 6 3 954
3 3 0 6 954
3 3 3 6 954
3 3 6 6 954
3 3 0 0 955
3 3 3 0 955
3 3 6 0 955
3 3 0 3 955
3 3 3 3 955
3 3 6 3 955
3 3 0 6 955
3 3 3 6 955
3 3 6 6 955
3 3 0 0 956
3 3 3 0 956
3 3 6 0 956
3 3 0 3 956
3 3 3 3 956
3 3 6 3 956
3 3 0 6 956
3 3 3 6 956
3 3 6 6 956
3 3 0 0 957
3 3 3 0 957
3 3 6 0 957
3 3 0 3 957
3 3 3 3 957
3 3 6 3 957
3 3 0 6 957
3 3 3 6 957
3 3 6 6 957
3 3 0 0 958
3 3 3 0 958
3 3 6 0 958
3 3 0 3 958
3 3 3 3 958
3 3 6 3 958
3 3 0 6 958
3 3 3 6 958
3 3 6 6 958
3 3 0 0 959
3 3 3 0 959
3 3 6 0 959
3 3 0 3 959
3 3 3 3 959
3 3 6 3 959
3 3 0 6 959
3 3 3 6 959
3 3 6 6 959
3 3 0 0 960
3 3 3 0 960
3 3 6 0 960
3 3 0 3 960
3 3 3 3 960
3 3 6 3 960
3 3 0 6 960
3 3 3 6 960
3 3 6 6 960
3 3 0 0 961
3 3 3 0 961
3 3 6 0 961
3 3 0 3 961
3 3 3 3 961
3 3 6 3 961
3 3 0 6 961
3 3 3 6 961
3 3 6 6 961
3 3 0 0 962
3 3 3 0 962
3 3 6 0 962
3 3 0 3 962
3 3 3 3 962
3 3 6 3 962
3 3 0 6 962
3 3 3 6 962
3 3 6 6 962
3 3 0 0 963
3 3 3 0 963
3 3 6 0 963
3 3 0 3 963
3 3 3 3 963
3 3 6 3 963
3 3 0 6 963
3 3 3 6 963
3 3 6 6 963
3 3 0 0 964
3 3 3 0 964
3 3 6 0 964
3 3 0 3 964
3 3 3 3 964
3 3 6 3 964
3 3 0 6 964
3 3 3 6 964
3 3 6 6 964
3 3 0 0 965
3 3 3 0 965
3 3 6 0 965
3 3 0 3 965
3 3 3 3 965
3 3 6 3 965
3 3 0 6 965
3 3 3 6 965
3 3 6 6 965
3 3 0 0 966
3 3 3 0 966
3 3 6 0 966
3 3 0 3 966
3 3 3 3 966
3 3 6 3 966
3 3 0 6 966
3 3 3 6 966
3 3 6 6 966
3 3 0 0 967
3 3 3 0 967
3 3 6 0 967
3 3 0 3 967
3 3 3 3 967
3 3 6 3 967
3 3 0 6 967
3 3 3 6 967
3 3 6 6 967
