% State of a bin packing problem:
%
% Bin number: 175
% Total uncovered points: 2395
% Total covered points: 15105
% Number of boxes: 788
% Unused boxes: 0
% Runtime: None
%
% Bin size:
10 10
%
% Boxes (width, height) not in some bins:
%
% Boxes (width, height, x_position, y_position, bin_id) in bins:
7 9 0 0 0
3 1 0 9 0
3 1 3 9 0
1 5 7 0 0
1 5 8 0 0
1 5 9 0 0
3 2 7 5 0
3 2 7 7 0
8 7 0 0 1
1 5 8 0 1
1 5 9 0 1
3 2 0 7 1
2 3 3 7 1
3 2 5 7 1
2 3 8 5 1
6 9 0 0 2
2 1 0 9 2
3 1 2 9 2
4 2 6 0 2
4 2 6 2 2
4 2 6 4 2
4 2 6 6 2
4 2 6 8 2
6 9 0 0 3
3 1 0 9 3
3 1 3 9 3
4 2 6 0 3
4 2 6 2 3
2 4 6 4 3
2 4 8 4 3
4 2 6 8 3
7 7 0 0 4
5 1 0 7 4
5 1 0 8 4
2 3 5 7 4
1 6 7 0 4
2 3 7 6 4
2 3 8 0 4
2 3 8 3 4
7 7 0 0 5
6 1 0 7 5
6 1 0 8 5
6 1 0 9 5
1 6 7 0 5
3 2 7 6 5
3 2 7 8 5
2 3 8 0 5
2 3 8 3 5
7 7 0 0 6
2 3 0 7 6
2 3 2 7 6
2 3 4 7 6
3 2 7 0 6
3 2 7 2 6
2 3 7 4 6
3 2 6 7 6
7 7 0 0 7
3 2 0 7 7
3 2 3 7 7
6 1 0 9 7
1 8 7 0 7
2 4 8 0 7
2 4 8 4 7
7 7 0 0 8
2 3 0 7 8
2 3 2 7 8
3 2 4 7 8
2 4 7 0 8
2 4 7 4 8
1 8 9 0 8
8 6 0 0 9
1 3 8 0 9
1 3 9 0 9
1 3 8 3 9
6 1 0 6 9
3 2 6 6 9
3 2 6 8 9
3 2 0 7 9
3 3 3 7 9
6 8 0 0 10
3 1 0 8 10
3 1 0 9 10
2 2 3 8 10
4 2 6 0 10
4 2 6 2 10
4 2 6 4 10
2 4 6 6 10
2 4 8 6 10
8 6 0 0 11
1 4 8 0 11
2 2 8 4 11
1 4 9 0 11
7 1 0 6 11
7 1 0 7 11
4 2 0 8 11
2 4 7 6 11
8 6 0 0 12
1 4 8 0 12
1 4 9 0 12
2 2 8 4 12
8 1 0 6 12
4 2 0 7 12
4 2 4 7 12
8 1 0 9 12
2 4 8 6 12
6 8 0 0 13
4 1 0 8 13
2 2 4 8 13
4 1 0 9 13
1 8 6 0 13
2 4 7 0 13
2 4 7 4 13
4 2 6 8 13
6 8 0 0 14
4 1 0 8 14
4 1 0 9 14
2 2 4 8 14
4 2 6 0 14
2 4 6 2 14
2 4 8 2 14
2 4 6 6 14
2 4 8 6 14
6 8 0 0 15
4 1 0 8 15
2 2 4 8 15
4 1 0 9 15
2 4 6 0 15
2 4 8 0 15
2 4 6 4 15
2 5 8 4 15
6 8 0 0 16
4 1 0 8 16
4 1 0 9 16
4 2 6 0 16
3 3 6 2 16
3 3 6 5 16
5 2 4 8 16
8 6 0 0 17
1 4 8 0 17
1 4 9 0 17
3 3 0 6 17
3 3 3 6 17
3 3 6 6 17
6 8 0 0 18
5 1 0 8 18
5 1 0 9 18
3 3 6 0 18
3 3 6 3 18
3 3 6 6 18
6 8 0 0 19
5 1 0 8 19
5 1 0 9 19
3 3 6 0 19
3 3 6 3 19
3 3 6 6 19
5 9 0 0 20
1 1 0 9 20
1 1 1 9 20
2 1 2 9 20
3 3 5 0 20
3 3 5 3 20
3 3 5 6 20
2 5 8 0 20
2 5 8 5 20
9 5 0 0 21
9 5 0 5 21
1 2 9 0 21
1 3 9 2 21
1 3 9 5 21
6 7 0 0 22
3 3 0 7 22
3 3 3 7 22
2 5 6 0 22
2 5 8 0 22
2 5 6 5 22
2 5 8 5 22
6 7 0 0 23
3 3 0 7 23
3 3 3 7 23
2 5 6 0 23
2 5 8 0 23
4 3 6 5 23
7 6 0 0 24
3 3 7 0 24
5 2 0 6 24
5 2 0 8 24
5 2 5 6 24
5 2 5 8 24
6 7 0 0 25
5 2 0 7 25
4 3 6 0 25
3 4 6 3 25
4 3 5 7 25
7 6 0 0 26
2 5 7 0 26
5 2 0 6 26
5 2 0 8 26
5 2 5 6 26
5 2 5 8 26
6 7 0 0 27
5 2 0 7 27
3 4 6 0 27
3 4 6 4 27
7 6 0 0 28
2 5 7 0 28
5 2 0 6 28
5 2 0 8 28
5 2 5 6 28
5 2 5 8 28
6 7 0 0 29
5 2 0 7 29
4 3 6 0 29
4 3 6 3 29
4 3 6 6 29
7 6 0 0 30
2 5 7 0 30
5 2 0 6 30
5 2 0 8 30
5 2 5 6 30
5 2 5 8 30
7 6 0 0 31
2 5 7 0 31
5 2 0 6 31
5 2 0 8 31
5 2 5 6 31
7 6 0 0 32
2 5 7 0 32
6 2 0 6 32
3 4 6 6 32
6 2 0 8 32
6 7 0 0 33
5 2 0 7 33
3 4 6 0 33
3 4 6 4 33
7 6 0 0 34
2 5 7 0 34
3 4 0 6 34
4 3 3 6 34
3 4 7 6 34
8 5 0 0 35
8 5 0 5 35
2 5 8 0 35
2 5 8 5 35
6 6 0 0 36
3 4 0 6 36
3 4 3 6 36
2 6 6 0 36
4 3 6 6 36
2 6 8 0 36
6 6 0 0 37
3 4 0 6 37
3 4 3 6 37
3 4 6 0 37
3 4 6 4 37
9 4 0 0 38
6 6 0 4 38
4 3 6 4 38
4 3 6 7 38
6 6 0 0 39
6 2 0 6 39
6 2 0 8 39
3 4 6 0 39
3 4 6 4 39
6 6 0 0 40
6 2 0 6 40
6 2 0 8 40
4 3 6 0 40
3 4 6 3 40
4 3 6 7 40
6 6 0 0 41
3 4 0 6 41
3 4 3 6 41
4 3 6 0 41
4 3 6 3 41
4 3 6 6 41
6 6 0 0 42
4 3 0 6 42
4 3 6 0 42
4 3 6 3 42
4 3 4 6 42
6 6 0 0 43
3 4 0 6 43
3 4 3 6 43
4 3 6 0 43
4 3 6 3 43
3 4 6 6 43
6 6 0 0 44
4 3 0 6 44
4 3 6 0 44
3 4 6 3 44
4 3 6 7 44
6 6 0 0 45
6 2 0 6 45
6 2 0 8 45
4 3 6 0 45
2 6 6 3 45
2 6 8 3 45
6 6 0 0 46
4 3 0 6 46
4 3 6 0 46
3 4 6 3 46
4 3 6 7 46
6 6 0 0 47
4 3 0 6 47
3 4 6 0 47
3 5 6 4 47
6 6 0 0 48
4 3 0 6 48
2 7 6 0 48
2 7 8 0 48
7 5 0 0 49
7 5 0 5 49
2 6 7 0 49
3 4 7 6 49
5 7 0 0 50
5 7 5 0 50
4 3 0 7 50
4 3 4 7 50
5 7 0 0 51
5 7 5 0 51
6 2 0 7 51
4 3 6 7 51
7 5 0 0 52
7 5 0 5 52
3 4 7 0 52
3 4 7 4 52
7 5 0 0 53
7 5 0 5 53
3 4 7 0 53
3 4 7 4 53
5 7 0 0 54
5 7 5 0 54
6 2 0 7 54
4 3 6 7 54
5 7 0 0 55
4 3 0 7 55
5 7 5 0 55
5 3 4 7 55
7 5 0 0 56
7 5 0 5 56
3 4 7 0 56
3 4 7 4 56
7 5 0 0 57
7 5 0 5 57
2 7 7 0 57
7 5 0 0 58
7 5 0 5 58
3 5 7 0 58
3 5 7 5 58
7 5 0 0 59
7 5 0 5 59
3 5 7 0 59
3 5 7 5 59
5 7 0 0 60
4 8 5 0 60
5 3 0 7 60
4 8 0 0 61
5 3 4 0 61
5 3 4 3 61
5 3 4 6 61
8 4 0 0 62
8 4 0 4 62
2 7 8 0 62
7 2 0 8 62
6 5 0 0 63
6 5 0 5 63
3 5 6 0 63
3 5 6 5 63
5 6 0 0 64
5 6 5 0 64
5 3 0 6 64
5 3 5 6 64
5 6 0 0 65
5 6 5 0 65
5 3 0 6 65
5 3 5 6 65
6 5 0 0 66
6 5 0 5 66
3 5 6 0 66
3 5 6 5 66
6 5 0 0 67
6 5 0 5 67
3 5 6 0 67
3 5 6 5 67
6 5 0 0 68
6 5 0 5 68
3 5 6 0 68
3 5 6 5 68
5 6 0 0 69
5 6 5 0 69
5 3 0 6 69
5 3 5 6 69
6 5 0 0 70
6 5 0 5 70
3 5 6 0 70
3 5 6 5 70
5 6 0 0 71
5 6 5 0 71
5 3 0 6 71
5 3 5 6 71
5 6 0 0 72
5 6 5 0 72
5 3 0 6 72
5 3 5 6 72
5 6 0 0 73
5 3 0 6 73
3 5 5 0 73
3 5 5 5 73
2 8 8 0 73
6 5 0 0 74
6 5 0 5 74
3 5 6 0 74
3 5 6 5 74
5 6 0 0 75
5 6 5 0 75
5 3 0 6 75
5 3 5 6 75
5 6 0 0 76
5 6 5 0 76
5 3 0 6 76
5 3 5 6 76
6 5 0 0 77
6 5 0 5 77
3 5 6 0 77
3 5 6 5 77
5 6 0 0 78
5 6 5 0 78
5 3 0 6 78
5 3 5 6 78
5 6 0 0 79
5 6 5 0 79
5 3 0 6 79
5 3 5 6 79
6 5 0 0 80
6 5 0 5 80
3 5 6 0 80
3 5 6 5 80
5 6 0 0 81
5 6 5 0 81
5 3 0 6 81
5 3 5 6 81
6 5 0 0 82
6 5 0 5 82
3 5 6 0 82
3 5 6 5 82
6 5 0 0 83
3 5 6 0 83
5 3 0 5 83
3 5 5 5 83
5 6 0 0 84
5 6 5 0 84
5 3 0 6 84
5 3 5 6 84
5 6 0 0 85
5 6 5 0 85
5 3 0 6 85
5 3 5 6 85
6 5 0 0 86
3 5 6 0 86
3 5 0 5 86
3 5 3 5 86
3 5 6 5 86
5 6 0 0 87
5 6 5 0 87
5 3 0 6 87
5 3 5 6 87
6 5 0 0 88
3 5 6 0 88
3 5 0 5 88
3 5 3 5 88
3 5 6 5 88
5 6 0 0 89
5 6 5 0 89
5 3 0 6 89
5 3 5 6 89
6 5 0 0 90
3 5 6 0 90
5 3 0 5 90
3 5 5 5 90
5 6 0 0 91
5 6 5 0 91
5 3 0 6 91
5 3 5 6 91
5 6 0 0 92
5 6 5 0 92
5 3 0 6 92
4 4 5 6 92
5 6 0 0 93
4 7 5 0 93
4 4 0 6 93
6 5 0 0 94
6 5 0 5 94
4 7 6 0 94
7 4 0 0 95
7 4 0 4 95
3 8 7 0 95
4 7 0 0 96
4 4 4 0 96
4 4 4 4 96
2 8 8 0 96
4 7 0 0 97
4 7 4 0 97
8 3 0 7 97
7 4 0 0 98
7 4 0 4 98
3 6 7 0 98
7 4 0 0 99
7 4 0 4 99
3 6 7 0 99
4 7 0 0 100
4 7 4 0 100
6 3 0 7 100
7 4 0 0 101
4 4 0 4 101
4 4 4 4 101
4 7 0 0 102
4 7 4 0 102
6 3 0 7 102
7 4 0 0 103
7 4 0 4 103
3 6 7 0 103
7 4 0 0 104
7 4 0 4 104
3 8 7 0 104
4 7 0 0 105
4 4 4 0 105
4 4 4 4 105
7 4 0 0 106
7 4 0 4 106
3 6 7 0 106
4 7 0 0 107
4 4 4 0 107
4 4 4 4 107
4 7 0 0 108
4 7 4 0 108
6 3 0 7 108
7 4 0 0 109
7 4 0 4 109
3 6 7 0 109
4 7 0 0 110
4 4 4 0 110
4 4 4 4 110
7 4 0 0 111
7 4 0 4 111
3 6 7 0 111
5 5 0 0 112
5 5 0 5 112
5 5 5 0 112
5 5 5 5 112
5 5 0 0 113
5 5 0 5 113
5 5 5 0 113
5 5 5 5 113
5 5 0 0 114
5 5 0 5 114
5 5 5 0 114
5 5 5 5 114
5 5 0 0 115
5 5 0 5 115
5 5 5 0 115
5 5 5 5 115
5 5 0 0 116
5 5 0 5 116
5 5 5 0 116
5 5 5 5 116
5 5 0 0 117
5 5 0 5 117
5 5 5 0 117
5 5 5 5 117
5 5 0 0 118
5 5 0 5 118
5 5 5 0 118
5 5 5 5 118
5 5 0 0 119
5 5 0 5 119
5 5 5 0 119
5 5 5 5 119
5 5 0 0 120
5 5 0 5 120
5 5 5 0 120
5 5 5 5 120
5 5 0 0 121
5 5 0 5 121
5 5 5 0 121
5 5 5 5 121
5 5 0 0 122
5 5 0 5 122
5 5 5 0 122
5 5 5 5 122
5 5 0 0 123
5 5 0 5 123
5 5 5 0 123
5 5 5 5 123
5 5 0 0 124
5 5 0 5 124
5 5 5 0 124
5 5 5 5 124
5 5 0 0 125
5 5 0 5 125
5 5 5 0 125
5 5 5 5 125
6 4 0 0 126
4 6 0 4 126
6 4 4 4 126
4 4 6 0 126
4 6 0 0 127
4 6 4 0 127
6 4 0 6 127
4 4 6 6 127
6 4 0 0 128
4 6 0 4 128
4 6 4 4 128
4 4 6 0 128
4 6 0 0 129
6 4 4 0 129
4 6 4 4 129
4 4 0 6 129
4 6 0 0 130
4 6 4 0 130
6 4 0 6 130
4 4 6 6 130
6 4 0 0 131
4 6 0 4 131
4 6 4 4 131
4 4 6 0 131
4 6 0 0 132
4 6 4 0 132
6 4 0 6 132
4 4 6 6 132
4 6 0 0 133
6 4 4 0 133
4 6 4 4 133
4 4 0 6 133
6 4 0 0 134
6 4 0 4 134
4 4 6 0 134
4 4 6 4 134
4 6 0 0 135
4 6 4 0 135
4 4 0 6 135
4 4 4 6 135
6 4 0 0 136
6 4 0 4 136
4 6 6 0 136
4 4 6 6 136
4 6 0 0 137
4 6 4 0 137
6 3 0 6 137
4 6 0 0 138
6 4 4 0 138
6 4 4 4 138
4 6 0 0 139
6 4 4 0 139
4 6 4 4 139
6 4 0 0 140
4 6 0 4 140
6 4 4 4 140
6 4 0 0 141
6 4 0 4 141
4 6 6 0 141
4 6 0 0 142
6 4 4 0 142
6 4 4 4 142
6 4 0 0 143
4 6 0 4 143
6 4 4 4 143
6 4 0 0 144
8 3 0 4 144
8 3 0 7 144
4 6 0 0 145
4 6 4 0 145
6 4 0 6 145
3 7 0 0 146
7 3 3 0 146
3 7 3 3 146
3 7 6 3 146
3 7 0 0 147
3 7 3 0 147
3 6 6 0 147
6 3 0 7 147
3 7 0 0 148
7 3 3 0 148
3 7 3 3 148
3 6 6 3 148
7 3 0 0 149
3 7 0 3 149
3 7 3 3 149
3 7 6 3 149
7 3 0 0 150
5 4 0 3 150
5 4 5 3 150
6 3 0 7 150
4 5 0 0 151
4 5 0 5 151
5 4 4 0 151
4 5 4 4 151
5 4 0 0 152
4 5 0 4 152
5 4 5 0 152
4 5 4 4 152
4 5 0 0 153
4 5 0 5 153
5 4 4 0 153
5 4 4 4 153
4 5 0 0 154
4 5 0 5 154
4 5 4 0 154
5 4 4 5 154
5 4 0 0 155
5 4 5 0 155
5 4 0 4 155
4 5 5 4 155
4 5 0 0 156
5 4 4 0 156
5 4 4 4 156
4 5 0 5 156
4 5 0 0 157
4 5 0 5 157
4 5 4 0 157
5 4 4 5 157
4 5 0 0 158
5 4 4 0 158
4 5 0 5 158
5 4 4 4 158
5 4 0 0 159
5 4 5 0 159
5 4 0 4 159
4 5 5 4 159
5 4 0 0 160
5 4 5 0 160
5 4 0 4 160
4 5 5 4 160
5 4 0 0 161
5 4 5 0 161
4 5 0 4 161
5 4 4 4 161
5 4 0 0 162
5 4 5 0 162
4 5 0 4 162
4 5 4 4 162
5 4 0 0 163
5 4 5 0 163
4 5 0 4 163
5 4 4 4 163
5 4 0 0 164
4 5 0 4 164
5 4 5 0 164
4 5 4 4 164
4 5 0 0 165
4 5 0 5 165
5 4 4 0 165
5 4 4 4 165
4 5 0 0 166
4 5 0 5 166
4 5 4 0 166
4 5 4 5 166
4 5 0 0 167
5 4 4 0 167
5 4 4 4 167
4 5 0 5 167
4 5 0 0 168
5 4 4 0 168
4 5 0 5 168
5 4 4 4 168
5 4 0 0 169
5 4 5 0 169
5 4 0 4 169
5 4 5 4 169
5 4 0 0 170
5 4 5 0 170
5 4 0 4 170
5 4 5 4 170
4 5 0 0 171
4 5 0 5 171
5 4 4 0 171
4 5 4 4 171
4 5 0 0 172
4 5 0 5 172
5 4 4 0 172
4 5 4 4 172
5 4 0 0 173
5 4 5 0 173
4 5 0 4 173
4 5 4 4 173
5 4 0 0 174
5 4 5 0 174
5 4 0 4 174
5 4 5 4 174
