% State of a bin packing problem:
%
% Bin number: 63
% Total uncovered points: 272
% Total covered points: 6028
% Number of boxes: 879
% Unused boxes: 0
% Runtime: None
%
% Bin size:
10 10
%
% Boxes (width, height) not in some bins:
%
% Boxes (width, height, x_position, y_position, bin_id) in bins:
8 8 0 0 0
1 1 0 8 0
1 1 0 9 0
1 1 1 8 0
1 1 1 9 0
1 1 2 8 0
1 1 2 9 0
1 1 3 8 0
1 1 3 9 0
1 1 4 8 0
1 1 4 9 0
1 1 5 8 0
1 1 5 9 0
1 1 6 8 0
1 1 6 9 0
1 1 7 8 0
1 1 7 9 0
1 1 8 0 0
1 1 9 0 0
1 1 8 1 0
1 1 9 1 0
1 1 8 2 0
1 1 9 2 0
1 1 8 3 0
1 1 9 3 0
1 1 8 4 0
1 1 9 4 0
1 1 8 5 0
1 1 9 5 0
1 1 8 6 0
1 1 9 6 0
1 1 8 7 0
1 1 9 7 0
1 1 8 8 0
1 1 8 9 0
1 1 9 8 0
1 1 9 9 0
7 9 0 0 1
1 1 0 9 1
1 1 1 9 1
1 1 2 9 1
1 1 3 9 1
1 1 4 9 1
1 1 5 9 1
1 1 6 9 1
1 1 7 0 1
1 1 8 0 1
1 1 9 0 1
1 1 7 1 1
1 1 8 1 1
1 1 9 1 1
1 1 7 2 1
1 1 8 2 1
1 1 9 2 1
1 1 7 3 1
1 1 8 3 1
1 1 9 3 1
1 1 7 4 1
1 1 8 4 1
1 1 9 4 1
1 1 7 5 1
1 1 8 5 1
1 1 9 5 1
1 1 7 6 1
1 1 8 6 1
1 1 9 6 1
1 1 7 7 1
1 1 7 8 1
1 1 7 9 1
1 1 8 7 1
1 1 9 7 1
1 1 8 8 1
1 1 8 9 1
1 1 9 8 1
8 6 0 0 2
1 1 8 0 2
1 1 9 0 2
1 1 8 1 2
1 1 9 1 2
1 1 8 2 2
1 1 9 2 2
1 1 8 3 2
1 1 9 3 2
1 1 8 4 2
1 1 8 5 2
1 1 9 4 2
1 1 9 5 2
2 1 0 6 2
1 2 0 7 2
2 1 2 6 2
1 2 1 7 2
1 2 2 7 2
1 2 3 7 2
2 1 0 9 2
2 1 2 9 2
2 1 4 6 2
1 2 4 7 2
2 1 6 6 2
1 2 5 7 2
2 1 8 6 2
2 1 4 9 2
1 2 6 7 2
2 1 7 7 2
1 2 7 8 2
1 2 8 8 2
1 2 9 7 2
9 5 0 0 3
8 5 0 5 3
1 1 9 0 3
1 1 9 1 3
1 1 9 2 3
1 1 9 3 3
1 1 9 4 3
1 1 8 5 3
1 1 9 5 3
1 1 8 6 3
1 1 9 6 3
1 1 8 7 3
1 1 9 7 3
1 1 8 8 3
1 1 8 9 3
1 1 9 8 3
1 1 9 9 3
7 6 0 0 4
1 1 7 0 4
1 1 8 0 4
1 1 9 0 4
1 1 7 1 4
1 1 8 1 4
1 1 9 1 4
1 1 7 2 4
1 1 8 2 4
1 1 9 2 4
1 1 7 3 4
1 1 7 4 4
1 1 7 5 4
1 1 8 3 4
1 1 9 3 4
1 1 8 4 4
1 1 8 5 4
1 1 9 4 4
1 1 9 5 4
1 2 0 6 4
2 1 1 6 4
1 2 0 8 4
2 1 1 7 4
2 1 1 8 4
2 1 1 9 4
1 2 3 6 4
2 1 4 6 4
2 1 4 7 4
1 2 3 8 4
2 1 4 8 4
1 2 6 6 4
2 1 4 9 4
1 2 6 8 4
2 1 7 6 4
1 2 7 7 4
1 2 8 7 4
1 2 9 6 4
1 2 9 8 4
2 1 7 9 4
5 8 0 0 5
1 1 0 8 5
1 1 0 9 5
1 1 1 8 5
1 1 1 9 5
1 1 2 8 5
1 1 2 9 5
1 1 3 8 5
1 1 3 9 5
1 1 4 8 5
1 1 4 9 5
1 2 5 0 5
1 2 6 0 5
1 2 7 0 5
1 2 8 0 5
1 2 9 0 5
1 2 5 2 5
2 1 6 2 5
1 2 8 2 5
1 2 9 2 5
2 1 6 3 5
2 1 5 4 5
1 2 5 5 5
2 1 7 4 5
2 1 6 5 5
1 2 5 7 5
2 1 8 5 5
1 2 6 6 5
2 1 7 6 5
1 2 6 8 5
1 2 7 7 5
2 1 8 7 5
1 2 8 8 5
1 2 9 8 5
6 6 0 0 6
2 1 0 6 6
1 2 0 7 6
2 1 2 6 6
1 2 1 7 6
2 1 4 6 6
2 1 0 9 6
2 1 2 7 6
2 1 2 8 6
2 1 2 9 6
1 2 4 7 6
1 2 5 7 6
2 1 4 9 6
1 2 6 0 6
1 2 7 0 6
1 2 8 0 6
2 1 6 2 6
1 2 9 0 6
2 1 8 2 6
2 1 6 3 6
2 1 8 3 6
1 2 6 4 6
2 1 7 4 6
2 1 7 5 6
2 1 6 6 6
1 2 9 4 6
1 2 6 7 6
2 1 8 6 6
1 2 7 7 6
2 1 6 9 6
2 1 8 7 6
2 1 8 8 6
2 1 8 9 6
6 6 0 0 7
1 2 0 6 7
1 2 0 8 7
1 2 1 6 7
1 2 1 8 7
1 2 2 6 7
1 2 2 8 7
2 1 3 6 7
1 2 3 7 7
1 2 4 7 7
1 2 5 6 7
2 1 3 9 7
1 2 5 8 7
1 2 6 0 7
1 2 7 0 7
1 2 8 0 7
1 2 9 0 7
1 2 6 2 7
3 1 7 2 7
3 1 7 3 7
1 3 6 4 7
1 3 6 7 7
3 1 7 4 7
1 3 7 5 7
1 3 8 5 7
3 1 7 8 7
1 3 9 5 7
3 1 7 9 7
6 6 0 0 8
2 1 0 6 8
1 2 0 7 8
2 1 2 6 8
2 1 4 6 8
2 1 1 7 8
1 2 1 8 8
2 1 3 7 8
2 1 2 8 8
1 2 4 8 8
1 2 5 7 8
2 1 2 9 8
1 3 6 0 8
3 1 7 0 8
3 1 7 1 8
3 1 7 2 8
1 3 6 3 8
3 1 7 3 8
3 1 7 4 8
1 3 6 6 8
1 3 7 5 8
1 3 8 5 8
1 3 9 5 8
3 1 7 8 8
3 1 5 9 8
6 6 0 0 9
1 2 0 6 9
1 2 0 8 9
2 1 1 6 9
2 1 1 7 9
1 2 1 8 9
2 1 3 6 9
1 2 2 8 9
1 2 3 7 9
1 2 4 7 9
1 2 5 6 9
2 1 3 9 9
1 2 5 8 9
1 3 6 0 9
1 3 7 0 9
1 3 8 0 9
3 1 6 3 9
3 1 6 4 9
1 3 9 0 9
3 1 6 5 9
1 3 9 3 9
1 3 6 6 9
1 3 7 6 9
1 3 8 6 9
1 3 9 6 9
3 1 6 9 9
7 5 0 0 10
7 5 0 5 10
2 1 7 0 10
1 2 7 1 10
2 1 8 1 10
1 2 7 3 10
2 1 8 2 10
2 1 8 3 10
1 2 7 5 10
1 2 8 4 10
1 2 9 4 10
2 1 8 6 10
1 2 7 7 10
2 1 8 7 10
2 1 8 8 10
2 1 7 9 10
5 7 0 0 11
4 8 5 0 11
3 1 5 8 11
3 1 5 9 11
3 1 0 7 11
3 1 0 8 11
1 3 3 7 11
3 1 0 9 11
1 3 4 7 11
1 3 9 0 11
1 3 9 3 11
2 2 8 8 11
8 4 0 0 12
3 1 0 4 12
1 3 8 0 12
1 3 9 0 12
1 3 0 5 12
1 3 1 5 12
3 1 0 8 12
3 1 0 9 12
1 3 2 5 12
3 1 3 4 12
3 1 6 4 12
1 3 3 5 12
1 3 4 5 12
3 1 5 5 12
1 3 5 6 12
3 1 6 6 12
3 1 6 7 12
3 1 6 8 12
1 3 9 6 12
3 1 5 9 12
2 2 3 8 12
8 4 0 0 13
5 6 0 4 13
5 6 5 4 13
1 3 8 0 13
1 3 9 0 13
6 5 0 0 14
6 5 0 5 14
3 1 6 0 14
3 1 6 1 14
3 1 6 2 14
1 3 9 0 14
3 1 6 3 14
1 3 6 4 14
3 1 7 4 14
3 1 7 5 14
1 3 6 7 14
1 3 7 6 14
1 4 8 6 14
1 4 9 6 14
5 6 0 0 15
5 6 5 0 15
7 4 0 6 15
3 1 7 6 15
3 1 7 7 15
3 1 7 8 15
3 1 7 9 15
7 4 0 0 16
7 4 0 4 16
4 1 0 8 16
2 2 4 8 16
4 1 0 9 16
1 4 7 0 16
2 2 8 0 16
2 2 8 2 16
2 2 7 4 16
2 2 7 6 16
2 2 6 8 16
1 4 9 4 16
2 2 8 8 16
4 7 0 0 17
4 7 4 0 17
1 4 8 0 17
1 4 9 0 17
2 2 8 4 17
4 1 0 7 17
2 2 0 8 17
2 2 2 8 17
2 2 4 7 17
4 1 6 7 17
4 1 6 8 17
4 1 4 9 17
7 4 0 0 18
5 5 0 4 18
5 5 5 4 18
1 4 7 0 18
2 2 8 0 18
2 2 8 2 18
4 1 0 9 18
4 1 4 9 18
4 7 0 0 19
4 7 4 0 19
2 2 8 0 19
2 2 8 2 19
2 2 8 4 19
4 1 0 7 19
2 2 0 8 19
4 1 4 7 19
2 2 8 6 19
4 1 2 8 19
2 2 6 8 19
4 1 2 9 19
2 2 8 8 19
5 5 0 0 20
5 5 0 5 20
4 6 5 0 20
1 4 9 0 20
2 2 5 6 20
2 2 5 8 20
2 2 7 6 20
2 2 7 8 20
1 4 9 4 20
6 4 0 0 21
8 3 0 4 21
1 4 6 0 21
1 4 7 0 21
1 4 8 0 21
4 1 0 7 21
2 2 8 4 21
1 4 9 0 21
4 1 0 8 21
4 1 0 9 21
2 2 4 7 21
2 2 6 7 21
2 2 8 6 21
4 1 4 9 21
2 2 8 8 21
4 6 0 0 22
6 4 4 0 22
1 4 0 6 22
1 4 1 6 22
4 1 4 4 22
4 1 4 5 22
4 1 2 6 22
1 4 6 6 22
4 1 2 7 22
4 1 2 8 22
4 1 2 9 22
1 4 7 6 22
1 4 8 4 22
2 2 8 8 22
1 4 9 4 22
4 6 0 0 23
4 6 4 0 23
4 1 0 6 23
4 1 0 7 23
4 1 0 8 23
4 1 0 9 23
4 1 4 6 23
2 2 8 0 23
4 1 4 7 23
4 1 4 8 23
2 2 8 2 23
1 4 8 4 23
2 2 8 8 23
4 1 4 9 23
1 4 9 4 23
6 4 0 0 24
6 4 0 4 24
1 4 6 0 24
1 4 7 0 24
2 2 8 0 24
4 1 0 8 24
1 4 6 4 24
1 4 7 4 24
4 1 0 9 24
2 2 4 8 24
1 4 8 2 24
2 2 6 8 24
2 2 8 6 24
1 4 9 2 24
2 2 8 8 24
6 4 0 0 25
4 6 0 4 25
4 6 4 4 25
4 1 6 0 25
2 2 8 4 25
4 1 6 1 25
4 1 6 2 25
2 2 8 6 25
4 1 6 3 25
2 2 8 8 25
7 3 0 0 26
3 7 0 3 26
7 3 3 3 26
1 4 3 6 26
1 4 4 6 26
1 4 5 6 26
4 1 6 6 26
4 1 6 7 26
4 1 6 8 26
4 1 6 9 26
2 2 7 0 26
7 3 0 0 27
7 3 0 3 27
7 3 0 6 27
3 7 7 0 27
4 1 0 9 27
2 2 7 7 27
5 1 4 9 27
3 7 0 0 28
4 5 3 0 28
5 4 3 5 28
1 5 8 5 28
5 1 3 9 28
1 5 9 5 28
1 5 7 0 28
1 5 8 0 28
1 5 9 0 28
3 2 0 7 28
5 4 0 0 29
4 5 0 4 29
5 4 5 0 29
4 5 4 4 29
1 5 8 4 29
1 5 9 4 29
5 1 0 9 29
5 1 5 9 29
5 4 0 0 30
5 4 5 0 30
5 4 0 4 30
5 4 5 4 30
5 1 0 8 30
5 1 0 9 30
5 1 5 8 30
5 1 5 9 30
6 3 0 0 31
6 3 0 3 31
3 6 6 0 31
6 3 0 6 31
5 1 0 9 31
1 5 9 0 31
4 4 6 6 31
6 3 0 0 32
9 2 0 3 32
6 3 0 5 32
5 1 0 8 32
1 5 6 5 32
1 5 7 5 32
1 5 8 5 32
1 5 9 3 32
5 1 0 9 32
3 2 6 0 32
3 6 0 0 33
3 6 3 0 33
5 1 0 6 33
1 5 6 0 33
1 5 7 0 33
5 1 0 7 33
1 5 8 0 33
1 5 9 0 33
5 1 0 8 33
5 1 0 9 33
1 5 6 5 33
1 5 7 5 33
1 5 8 5 33
1 5 9 5 33
6 3 0 0 34
3 6 0 3 34
6 3 3 3 34
5 1 3 6 34
5 1 3 7 34
5 1 3 8 34
5 1 0 9 34
2 3 8 6 34
2 3 6 0 34
2 3 8 0 34
4 4 0 0 35
4 4 0 4 35
4 4 4 0 35
3 2 0 8 35
1 6 4 4 35
1 6 5 4 35
1 6 6 4 35
2 3 8 0 35
1 6 7 4 35
1 6 8 3 35
1 6 9 3 35
8 2 0 0 36
2 8 0 2 36
8 2 2 2 36
2 3 2 4 36
2 3 2 7 36
2 3 4 4 36
2 3 4 7 36
2 3 6 4 36
2 3 8 4 36
3 2 6 7 36
2 8 0 0 37
4 4 2 0 37
1 6 2 4 37
6 1 3 4 37
6 1 3 5 37
3 2 6 0 37
2 3 3 6 37
3 2 6 2 37
2 3 5 6 37
1 6 9 0 37
3 2 7 6 37
3 2 7 8 37
3 5 0 0 38
5 3 3 0 38
3 5 0 5 38
3 5 3 3 38
3 5 6 3 38
6 1 3 8 38
6 1 3 9 38
2 3 8 0 38
1 6 9 3 38
5 3 0 0 39
5 3 5 0 39
5 3 0 3 39
5 3 0 6 39
5 3 5 3 39
5 3 5 6 39
6 1 0 9 39
3 5 0 0 40
5 3 3 0 40
3 5 0 5 40
3 5 3 3 40
3 2 3 8 40
2 3 8 0 40
2 3 6 3 40
2 3 8 3 40
3 2 6 6 40
3 2 6 8 40
3 5 0 0 41
3 5 0 5 41
5 3 3 0 41
3 5 3 3 41
3 5 6 3 41
6 1 3 8 41
2 3 8 0 41
6 1 3 9 41
1 6 9 3 41
5 3 0 0 42
3 5 0 3 42
2 7 3 3 42
3 2 0 8 42
3 2 5 0 42
2 3 5 2 42
3 2 7 2 42
3 2 5 5 42
2 3 5 7 42
2 3 7 7 42
2 7 0 0 43
2 7 2 0 43
2 3 0 7 43
3 2 4 0 43
1 6 4 2 43
2 7 5 2 43
2 7 7 0 43
3 2 7 7 43
2 3 2 7 43
1 6 9 0 43
7 2 0 0 44
4 3 0 2 44
2 6 4 2 44
3 2 7 0 44
3 2 0 5 44
3 2 0 7 44
2 3 6 2 44
4 3 6 5 44
3 2 4 8 44
2 3 8 2 44
3 2 7 8 44
2 6 0 0 45
4 3 2 0 45
3 4 2 3 45
4 3 6 0 45
3 4 5 3 45
4 3 2 7 45
3 2 6 7 45
2 3 0 6 45
2 3 8 3 45
3 4 0 0 46
2 6 0 4 46
6 2 3 0 46
2 6 3 2 46
2 6 5 2 46
3 2 3 8 46
3 2 7 2 46
3 2 7 4 46
3 2 7 6 46
1 6 2 4 46
3 2 6 8 46
3 4 0 0 47
4 3 3 0 47
4 3 3 3 47
3 4 0 4 47
4 3 3 6 47
3 2 0 8 47
3 2 7 0 47
3 2 7 2 47
2 3 7 4 47
2 3 7 7 47
1 6 9 4 47
6 2 0 0 48
6 2 0 2 48
6 2 0 4 48
2 6 6 0 48
6 2 0 6 48
4 3 6 6 48
6 1 0 8 48
2 6 8 0 48
6 1 0 9 48
3 4 0 0 49
4 3 3 0 49
4 3 3 3 49
6 2 3 6 49
6 2 3 8 49
2 6 0 4 49
3 4 7 0 49
3 2 7 4 49
1 6 2 4 49
6 2 0 0 50
3 4 0 2 50
4 3 3 2 50
3 4 0 6 50
3 2 6 0 50
2 3 7 2 50
3 2 3 5 50
2 5 6 5 50
2 5 8 5 50
2 3 3 7 50
2 6 0 0 51
2 5 2 0 51
2 5 2 5 51
5 2 4 0 51
5 2 4 2 51
2 5 4 4 51
2 3 0 6 51
1 6 6 4 51
1 6 7 4 51
2 5 8 4 51
2 5 0 0 52
2 5 0 5 52
2 5 2 0 52
5 2 4 0 52
5 2 4 2 52
5 2 4 4 52
2 5 2 5 52
5 2 4 6 52
5 2 4 8 52
1 6 9 0 52
5 2 0 0 53
5 2 5 0 53
5 2 0 2 53
2 5 0 4 53
2 5 2 4 53
2 5 4 4 53
5 2 5 2 53
2 5 6 4 53
2 5 8 4 53
7 1 0 9 53
5 2 0 0 54
5 2 5 0 54
5 2 0 2 54
2 5 0 4 54
2 5 2 4 54
2 5 4 4 54
5 2 5 2 54
2 5 6 4 54
2 3 8 4 54
7 1 0 9 54
5 2 0 0 55
5 2 5 0 55
2 5 0 2 55
3 3 2 2 55
3 3 2 5 55
3 3 5 2 55
3 3 5 5 55
1 7 8 2 55
1 7 9 2 55
4 2 2 8 55
3 3 0 0 56
1 9 3 0 56
3 3 0 3 56
3 3 0 6 56
1 9 4 0 56
3 3 5 0 56
3 3 5 3 56
3 3 5 6 56
7 1 0 9 56
1 7 8 0 56
1 7 9 0 56
3 3 0 0 57
3 3 0 3 57
7 1 3 0 57
7 1 3 1 57
7 1 3 2 57
1 7 3 3 57
3 3 0 6 57
3 3 4 3 57
3 3 7 3 57
3 3 4 6 57
3 3 7 6 57
2 4 0 0 58
8 1 2 0 58
4 2 2 1 58
4 2 6 1 58
2 4 0 4 58
8 1 2 3 58
4 2 2 4 58
4 2 2 6 58
2 4 6 4 58
2 4 8 4 58
4 2 0 8 58
4 2 4 8 58
1 8 0 0 59
2 4 1 0 59
2 4 1 4 59
1 8 3 0 59
4 2 0 8 59
1 7 4 0 59
1 7 5 0 59
1 7 6 0 59
2 4 7 0 59
2 4 7 4 59
1 8 9 0 59
4 2 0 0 60
8 1 0 2 60
2 4 0 3 60
8 1 2 3 60
4 2 4 0 60
2 4 2 4 60
2 4 4 4 60
2 4 6 4 60
4 2 2 8 60
2 4 8 4 60
4 2 6 8 60
4 2 0 0 61
2 4 0 2 61
2 4 0 6 61
4 2 4 0 61
2 4 2 2 61
2 4 2 6 61
4 2 4 2 61
2 4 8 0 61
2 4 4 4 61
2 4 6 4 61
4 2 4 8 61
2 4 8 4 61
2 4 0 0 62
1 8 2 0 62
4 2 3 0 62
2 4 0 4 62
1 8 3 2 62
4 2 4 2 62
2 4 4 4 62
4 2 6 4 62
4 2 6 6 62
4 2 4 8 62
