% State of a bin packing problem:
%
% Bin number: 131
% Total uncovered points: 654
% Total covered points: 12446
% Number of boxes: 1696
% Unused boxes: 0
% Runtime: None
%
% Bin size:
10 10
%
% Boxes (width, height) not in some bins:
%
% Boxes (width, height, x_position, y_position, bin_id) in bins:
3 6 0 0 0
3 6 3 0 0
3 6 6 0 0
2 1 0 6 0
1 2 9 0 0
1 2 9 2 0
2 1 0 7 0
2 1 0 8 0
2 1 0 9 0
1 2 9 4 0
2 1 2 6 0
1 2 2 7 0
2 1 4 6 0
2 1 6 6 0
2 1 8 6 0
1 2 3 7 0
1 2 4 7 0
2 1 2 9 0
1 2 5 7 0
2 1 4 9 0
2 1 6 7 0
2 1 8 7 0
1 2 6 8 0
1 2 7 8 0
2 1 8 8 0
2 1 8 9 0
3 6 0 0 1
3 6 3 0 1
3 6 6 0 1
1 2 9 0 1
1 2 9 2 1
1 2 9 4 1
1 2 0 6 1
1 2 0 8 1
1 2 1 6 1
2 1 2 6 1
1 2 1 8 1
2 1 4 6 1
2 1 6 6 1
1 2 2 7 1
1 2 3 7 1
1 2 4 7 1
1 2 5 7 1
2 1 8 6 1
2 1 2 9 1
1 2 6 7 1
1 2 7 7 1
2 1 4 9 1
2 1 6 9 1
1 2 8 7 1
1 2 9 7 1
2 1 8 9 1
3 6 0 0 2
3 6 3 0 2
3 6 6 0 2
2 1 0 6 2
2 1 0 7 2
2 1 0 8 2
2 1 0 9 2
1 2 9 0 2
1 2 9 2 2
2 1 2 6 2
2 1 4 6 2
2 1 6 6 2
1 2 9 4 2
2 1 8 6 2
1 2 2 7 2
1 2 3 7 2
2 1 2 9 2
2 1 4 7 2
2 1 6 7 2
1 2 4 8 2
2 1 8 7 2
1 2 5 8 2
2 1 6 8 2
2 1 8 8 2
2 1 6 9 2
2 1 8 9 2
3 6 0 0 3
3 6 3 0 3
3 6 6 0 3
1 2 9 0 3
1 2 9 2 3
2 1 0 6 3
2 1 0 7 3
1 2 9 4 3
1 2 0 8 3
1 2 1 8 3
1 2 2 6 3
1 2 2 8 3
2 1 3 6 3
2 1 5 6 3
1 2 3 7 3
2 1 7 6 3
2 1 4 7 3
2 1 6 7 3
1 2 4 8 3
1 2 5 8 3
1 2 6 8 3
1 2 7 8 3
1 2 8 7 3
1 2 9 6 3
1 2 9 8 3
3 6 0 0 4
3 6 3 0 4
3 6 6 0 4
2 1 0 6 4
2 1 0 7 4
1 2 0 8 4
2 1 2 6 4
1 2 1 8 4
4 1 4 6 4
2 2 2 7 4
2 2 4 7 4
2 2 6 7 4
2 2 8 6 4
2 2 8 8 4
4 1 2 9 4
1 4 9 0 4
3 6 0 0 5
3 6 3 0 5
3 6 6 0 5
2 2 0 6 5
2 2 0 8 5
2 2 2 6 5
2 2 2 8 5
1 4 9 0 5
4 1 4 6 5
4 1 4 7 5
2 2 8 6 5
4 1 4 8 5
4 1 4 9 5
2 2 8 8 5
3 6 0 0 6
3 6 3 0 6
3 6 6 0 6
1 4 9 0 6
2 2 0 6 6
2 2 0 8 6
2 2 2 6 6
2 2 2 8 6
2 2 4 6 6
1 4 6 6 6
1 4 7 6 6
1 4 8 6 6
2 2 4 8 6
1 4 9 4 6
3 6 0 0 7
3 6 3 0 7
3 6 6 0 7
2 2 0 6 7
2 2 0 8 7
4 1 2 6 7
2 2 2 7 7
4 1 6 6 7
1 4 9 0 7
2 2 4 7 7
4 1 2 9 7
2 2 6 7 7
2 2 8 7 7
4 1 6 9 7
3 6 0 0 8
3 6 3 0 8
3 6 6 0 8
1 4 9 0 8
2 2 0 6 8
2 2 0 8 8
2 2 2 6 8
2 2 2 8 8
2 2 4 6 8
2 2 4 8 8
1 4 6 6 8
1 4 7 6 8
2 2 8 6 8
2 2 8 8 8
3 6 0 0 9
3 6 3 0 9
3 6 6 0 9
1 4 9 0 9
1 4 0 6 9
1 4 1 6 9
4 1 2 6 9
2 2 2 7 9
2 2 4 7 9
4 1 2 9 9
2 2 6 6 9
2 2 8 6 9
2 2 6 8 9
2 2 8 8 9
3 6 0 0 10
3 6 3 0 10
3 6 6 0 10
2 2 0 6 10
2 2 0 8 10
2 2 2 6 10
4 1 4 6 10
1 4 9 0 10
2 2 2 8 10
2 2 4 7 10
2 2 6 7 10
2 2 8 6 10
2 2 8 8 10
4 1 4 9 10
3 6 0 0 11
3 6 3 0 11
3 6 6 0 11
1 4 9 0 11
1 4 0 6 11
2 2 1 6 11
1 4 3 6 11
2 2 1 8 11
2 2 4 6 11
2 2 4 8 11
1 4 6 6 11
2 2 7 6 11
2 2 7 8 11
1 4 9 4 11
3 6 0 0 12
3 6 3 0 12
3 6 6 0 12
4 1 0 6 12
2 2 0 7 12
2 2 2 7 12
4 1 0 9 12
2 2 4 6 12
2 2 4 8 12
2 2 6 6 12
4 1 6 8 12
4 1 6 9 12
1 4 9 0 12
2 2 8 6 12
3 6 0 0 13
3 6 3 0 13
3 6 6 0 13
2 2 0 6 13
2 2 0 8 13
2 2 2 6 13
2 2 2 8 13
2 2 4 6 13
2 2 4 8 13
4 1 6 6 13
1 4 9 0 13
2 2 6 7 13
2 2 8 7 13
4 1 6 9 13
3 6 0 0 14
3 6 3 0 14
3 6 6 0 14
2 2 0 6 14
2 2 0 8 14
1 4 9 0 14
2 2 2 6 14
1 4 4 6 14
4 1 5 6 14
2 2 2 8 14
2 2 5 7 14
2 2 7 7 14
1 4 9 4 14
4 1 5 9 14
3 6 0 0 15
3 6 3 0 15
3 6 6 0 15
1 4 9 0 15
4 1 0 6 15
4 1 4 6 15
4 1 0 7 15
2 2 0 8 15
4 1 4 7 15
4 1 2 8 15
2 2 8 6 15
4 1 6 8 15
4 1 2 9 15
4 1 6 9 15
3 6 0 0 16
3 6 3 0 16
3 6 6 0 16
1 4 9 0 16
2 2 0 6 16
2 2 0 8 16
2 2 2 6 16
2 2 2 8 16
2 2 4 6 16
2 2 4 8 16
2 2 6 6 16
2 2 8 6 16
2 2 6 8 16
2 2 8 8 16
3 6 0 0 17
3 6 3 0 17
3 6 6 0 17
1 4 9 0 17
1 4 0 6 17
2 2 1 6 17
2 2 1 8 17
2 2 3 6 17
2 2 3 8 17
2 2 5 6 17
2 2 5 8 17
2 2 7 6 17
2 2 7 8 17
1 4 9 4 17
3 6 0 0 18
3 6 3 0 18
3 6 6 0 18
2 2 0 6 18
4 1 2 6 18
4 1 6 6 18
2 2 0 8 18
2 2 2 7 18
1 4 9 0 18
4 1 4 7 18
2 2 4 8 18
2 2 6 8 18
2 2 8 7 18
3 6 0 0 19
3 6 3 0 19
3 6 6 0 19
1 4 9 0 19
1 4 0 6 19
1 4 1 6 19
2 2 2 6 19
4 1 4 6 19
4 1 4 7 19
2 2 8 6 19
2 2 2 8 19
2 2 4 8 19
2 2 6 8 19
2 2 8 8 19
3 6 0 0 20
3 6 3 0 20
3 6 6 0 20
1 4 9 0 20
1 4 0 6 20
1 4 1 6 20
1 4 2 6 20
1 4 3 6 20
1 4 4 6 20
4 1 5 6 20
2 2 5 7 20
2 2 7 7 20
1 4 9 4 20
4 1 5 9 20
3 6 0 0 21
3 6 3 0 21
3 6 6 0 21
4 1 0 6 21
1 4 9 0 21
2 2 0 7 21
2 2 2 7 21
4 1 0 9 21
2 2 4 6 21
1 4 6 6 21
2 2 4 8 21
2 2 7 6 21
1 4 9 4 21
2 2 7 8 21
3 6 0 0 22
3 6 3 0 22
3 6 6 0 22
2 2 0 6 22
1 4 9 0 22
2 2 0 8 22
1 4 2 6 22
2 2 3 6 22
2 2 3 8 22
1 4 5 6 22
2 2 6 6 22
2 2 8 6 22
2 2 6 8 22
2 2 8 8 22
3 6 0 0 23
3 6 3 0 23
3 6 6 0 23
1 4 9 0 23
1 4 0 6 23
2 2 1 6 23
4 1 3 6 23
4 1 3 7 23
2 2 7 6 23
1 4 9 4 23
2 2 1 8 23
2 2 3 8 23
2 2 5 8 23
2 2 7 8 23
3 6 0 0 24
3 6 3 0 24
3 6 6 0 24
2 2 0 6 24
1 4 9 0 24
2 2 0 8 24
2 2 2 6 24
2 2 2 8 24
4 1 4 6 24
5 3 4 7 24
5 3 0 0 25
5 3 5 0 25
5 3 0 3 25
5 3 5 3 25
5 3 0 6 25
5 3 5 6 25
4 1 0 9 25
4 1 4 9 25
5 3 0 0 26
5 3 5 0 26
5 3 0 3 26
5 3 5 3 26
5 3 0 6 26
5 3 5 6 26
4 1 0 9 26
4 1 4 9 26
5 3 0 0 27
5 3 5 0 27
5 3 0 3 27
5 3 5 3 27
5 3 0 6 27
5 3 5 6 27
4 1 0 9 27
4 1 4 9 27
5 3 0 0 28
5 3 5 0 28
5 3 0 3 28
5 3 5 3 28
5 3 0 6 28
5 3 5 6 28
4 1 0 9 28
4 1 4 9 28
5 3 0 0 29
5 3 5 0 29
5 3 0 3 29
5 3 5 3 29
5 3 0 6 29
5 3 5 6 29
4 1 0 9 29
4 1 4 9 29
5 3 0 0 30
5 3 5 0 30
5 3 0 3 30
5 3 5 3 30
5 3 0 6 30
5 3 5 6 30
4 1 0 9 30
4 1 4 9 30
5 3 0 0 31
5 3 5 0 31
5 3 0 3 31
5 3 5 3 31
5 3 0 6 31
5 3 5 6 31
4 1 0 9 31
4 1 4 9 31
5 3 0 0 32
5 3 5 0 32
5 3 0 3 32
5 3 5 3 32
5 3 0 6 32
5 3 5 6 32
4 1 0 9 32
4 1 4 9 32
5 3 0 0 33
5 3 5 0 33
5 3 0 3 33
5 3 5 3 33
5 3 0 6 33
5 3 5 6 33
4 1 0 9 33
4 1 4 9 33
5 3 0 0 34
5 3 5 0 34
5 3 0 3 34
5 3 5 3 34
5 3 0 6 34
5 3 5 6 34
4 1 0 9 34
4 1 4 9 34
5 3 0 0 35
5 3 5 0 35
5 3 0 3 35
5 3 5 3 35
5 3 0 6 35
5 3 5 6 35
4 1 0 9 35
4 1 4 9 35
5 3 0 0 36
5 3 5 0 36
5 3 0 3 36
5 3 5 3 36
5 3 0 6 36
5 3 5 6 36
4 1 0 9 36
4 1 4 9 36
5 3 0 0 37
5 3 5 0 37
5 3 0 3 37
5 3 5 3 37
5 3 0 6 37
5 3 5 6 37
4 1 0 9 37
4 1 4 9 37
5 3 0 0 38
5 3 5 0 38
5 3 0 3 38
5 3 5 3 38
5 3 0 6 38
5 3 5 6 38
4 1 0 9 38
4 1 4 9 38
6 2 0 0 39
6 2 0 2 39
6 2 0 4 39
6 2 0 6 39
6 2 0 8 39
2 2 6 0 39
2 2 8 0 39
2 2 6 2 39
2 2 8 2 39
2 2 6 4 39
1 4 6 6 39
1 4 7 6 39
2 2 8 4 39
2 2 8 6 39
2 2 8 8 39
6 2 0 0 40
6 2 0 2 40
6 2 0 4 40
6 2 0 6 40
6 2 0 8 40
2 2 6 0 40
1 4 6 2 40
1 4 6 6 40
2 2 8 0 40
2 2 7 2 40
1 4 7 4 40
1 4 8 4 40
2 2 7 8 40
1 4 9 2 40
1 4 9 6 40
6 2 0 0 41
6 2 0 2 41
6 2 0 4 41
6 2 0 6 41
6 2 0 8 41
2 2 6 0 41
2 2 8 0 41
2 2 6 2 41
2 2 8 2 41
2 2 6 4 41
2 2 8 4 41
2 2 6 6 41
4 1 6 8 41
2 2 8 6 41
4 1 6 9 41
6 2 0 0 42
6 2 0 2 42
6 2 0 4 42
6 2 0 6 42
6 2 0 8 42
2 2 6 0 42
2 2 8 0 42
2 2 6 2 42
2 2 8 2 42
1 4 6 4 42
2 2 7 4 42
2 2 7 6 42
1 4 9 4 42
2 2 6 8 42
2 2 8 8 42
6 2 0 0 43
6 2 0 2 43
6 2 0 4 43
6 2 0 6 43
6 2 0 8 43
1 4 6 0 43
2 2 7 0 43
1 4 6 4 43
2 2 7 2 43
2 2 7 4 43
2 2 7 6 43
1 4 9 0 43
1 4 9 4 43
2 2 6 8 43
2 2 8 8 43
6 2 0 0 44
6 2 0 2 44
6 2 0 4 44
6 2 0 6 44
6 2 0 8 44
2 2 6 0 44
2 2 8 0 44
1 4 6 2 44
1 4 6 6 44
1 4 7 2 44
2 2 8 2 44
2 2 8 4 44
2 2 7 6 44
2 2 7 8 44
1 4 9 6 44
6 2 0 0 45
6 2 0 2 45
6 2 0 4 45
6 2 0 6 45
6 2 0 8 45
2 2 6 0 45
2 2 8 0 45
2 2 6 2 45
2 2 8 2 45
2 2 6 4 45
1 4 6 6 45
2 2 8 4 45
2 2 7 6 45
2 2 7 8 45
1 4 9 6 45
6 2 0 0 46
6 2 0 2 46
6 2 0 4 46
6 2 0 6 46
6 2 0 8 46
2 2 6 0 46
2 2 8 0 46
2 2 6 2 46
2 2 8 2 46
2 2 6 4 46
1 4 6 6 46
1 4 7 6 46
2 2 8 4 46
1 4 8 6 46
1 4 9 6 46
6 2 0 0 47
6 2 0 2 47
6 2 0 4 47
6 2 0 6 47
6 2 0 8 47
2 2 6 0 47
1 4 6 2 47
2 2 8 0 47
2 2 7 2 47
1 4 6 6 47
2 2 7 4 47
2 2 7 6 47
2 2 7 8 47
1 4 9 2 47
1 4 9 6 47
6 2 0 0 48
6 2 0 2 48
6 2 0 4 48
6 2 0 6 48
6 2 0 8 48
2 2 6 0 48
2 2 8 0 48
2 2 6 2 48
1 4 6 4 48
2 2 8 2 48
1 4 7 4 48
2 2 6 8 48
1 4 8 4 48
1 4 9 4 48
2 2 8 8 48
6 2 0 0 49
6 2 0 2 49
6 2 0 4 49
6 2 0 6 49
6 2 0 8 49
1 4 6 0 49
2 2 7 0 49
2 2 7 2 49
1 4 9 0 49
2 2 6 4 49
1 4 6 6 49
2 2 8 4 49
1 4 7 6 49
2 2 8 6 49
2 2 8 8 49
6 2 0 0 50
6 2 0 2 50
6 2 0 4 50
6 2 0 6 50
6 2 0 8 50
1 4 6 0 50
2 2 7 0 50
2 2 7 2 50
2 2 6 4 50
4 1 6 6 50
1 4 9 0 50
2 2 8 4 50
2 2 6 7 50
2 2 8 7 50
4 1 6 9 50
6 2 0 0 51
6 2 0 2 51
6 2 0 4 51
6 2 0 6 51
6 2 0 8 51
2 2 6 0 51
1 4 6 2 51
1 4 6 6 51
2 2 8 0 51
2 2 7 2 51
1 4 7 4 51
2 2 8 4 51
1 4 8 6 51
1 4 9 6 51
6 2 0 0 52
6 2 0 2 52
6 2 0 4 52
6 2 0 6 52
6 2 0 8 52
2 2 6 0 52
2 2 8 0 52
2 2 6 2 52
1 4 6 4 52
2 2 8 2 52
2 2 7 4 52
2 2 7 6 52
4 1 6 8 52
4 1 6 9 52
1 4 9 4 52
6 2 0 0 53
6 2 0 2 53
6 2 0 4 53
6 2 0 6 53
6 2 0 8 53
2 2 6 0 53
4 1 6 2 53
4 1 6 3 53
2 2 8 0 53
2 2 6 4 53
2 2 8 4 53
2 2 6 6 53
2 2 8 6 53
4 1 6 8 53
4 1 6 9 53
6 2 0 0 54
6 2 0 2 54
6 2 0 4 54
6 2 0 6 54
6 2 0 8 54
2 2 6 0 54
2 2 8 0 54
2 2 6 2 54
2 2 8 2 54
2 2 6 4 54
4 1 6 6 54
2 2 8 4 54
2 2 6 7 54
2 2 8 7 54
4 1 6 9 54
6 2 0 0 55
6 2 0 2 55
6 2 0 4 55
6 2 0 6 55
2 5 6 0 55
2 5 8 0 55
2 2 6 5 55
2 2 8 5 55
2 2 0 8 55
2 2 2 8 55
2 2 4 8 55
2 2 6 7 55
2 2 8 7 55
4 1 6 9 55
2 5 0 0 56
2 5 0 5 56
2 5 2 0 56
2 5 2 5 56
2 5 4 0 56
2 5 4 5 56
2 5 6 0 56
2 5 8 0 56
2 5 6 5 56
2 5 8 5 56
2 5 0 0 57
2 5 0 5 57
2 5 2 0 57
2 5 2 5 57
2 5 4 0 57
2 5 4 5 57
2 5 6 0 57
2 5 8 0 57
2 5 6 5 57
2 5 8 5 57
2 5 0 0 58
2 5 0 5 58
2 5 2 0 58
2 5 2 5 58
2 5 4 0 58
2 5 4 5 58
2 5 6 0 58
2 5 8 0 58
2 5 6 5 58
2 5 8 5 58
2 5 0 0 59
2 5 0 5 59
2 5 2 0 59
2 5 2 5 59
2 5 4 0 59
2 5 4 5 59
2 5 6 0 59
2 5 8 0 59
2 5 6 5 59
2 5 8 5 59
2 5 0 0 60
2 5 0 5 60
2 5 2 0 60
2 5 2 5 60
2 5 4 0 60
2 5 4 5 60
2 5 6 0 60
2 5 8 0 60
2 5 6 5 60
2 5 8 5 60
2 5 0 0 61
2 5 0 5 61
2 5 2 0 61
2 5 2 5 61
2 5 4 0 61
2 5 4 5 61
2 5 6 0 61
2 5 8 0 61
2 5 6 5 61
2 5 8 5 61
2 5 0 0 62
2 5 0 5 62
2 5 2 0 62
2 5 2 5 62
2 5 4 0 62
2 5 4 5 62
2 5 6 0 62
2 5 8 0 62
2 5 6 5 62
2 5 8 5 62
2 5 0 0 63
2 5 0 5 63
2 5 2 0 63
2 5 2 5 63
2 5 4 0 63
2 5 4 5 63
2 5 6 0 63
2 5 8 0 63
2 5 6 5 63
2 5 8 5 63
2 5 0 0 64
2 5 0 5 64
2 5 2 0 64
2 5 2 5 64
2 5 4 0 64
2 5 4 5 64
2 5 6 0 64
2 5 8 0 64
2 5 6 5 64
2 2 8 5 64
2 2 8 7 64
1 9 0 0 65
3 3 1 0 65
3 3 4 0 65
3 3 7 0 65
9 1 1 3 65
9 1 1 4 65
9 1 1 5 65
9 1 1 6 65
9 1 1 7 65
9 1 1 8 65
9 1 0 9 65
9 1 0 0 66
3 3 0 1 66
2 2 0 4 66
2 2 0 6 66
2 2 0 8 66
2 2 3 1 66
2 2 5 1 66
2 2 7 1 66
2 2 3 3 66
1 4 2 4 66
1 4 3 5 66
1 4 4 5 66
2 2 5 3 66
2 2 7 3 66
2 2 5 5 66
1 4 9 0 66
2 2 7 5 66
2 2 5 7 66
2 2 7 7 66
1 4 9 4 66
4 1 3 9 66
3 3 0 0 67
9 1 0 3 67
9 1 0 4 67
9 1 0 5 67
9 1 0 6 67
9 1 0 7 67
2 2 0 8 67
2 2 2 8 67
2 2 4 8 67
1 4 9 3 67
3 3 3 0 67
2 2 6 8 67
2 2 8 8 67
2 2 6 0 67
2 2 8 0 67
4 1 6 2 67
9 1 0 0 68
9 1 0 1 68
9 1 0 2 68
9 1 0 3 68
3 3 0 4 68
1 4 9 0 68
1 4 3 4 68
2 2 0 7 68
2 2 4 4 68
2 2 6 4 68
4 1 4 6 68
2 2 8 4 68
2 2 4 7 68
4 1 6 7 68
4 1 6 8 68
4 1 4 9 68
9 1 0 0 69
9 1 0 1 69
2 2 0 2 69
2 2 0 4 69
2 2 0 6 69
2 2 0 8 69
2 2 2 2 69
2 2 4 2 69
2 2 6 2 69
1 4 2 4 69
1 4 3 4 69
1 4 4 4 69
2 2 8 2 69
2 2 2 8 69
2 2 5 4 69
2 2 7 4 69
1 4 5 6 69
2 2 6 6 69
2 2 8 6 69
2 2 6 8 69
2 2 8 8 69
9 1 0 0 70
9 1 0 1 70
4 1 0 2 70
2 2 0 3 70
2 2 0 5 70
2 2 0 7 70
2 2 2 3 70
2 2 2 5 70
2 2 2 7 70
4 1 0 9 70
2 2 4 2 70
2 2 6 2 70
2 2 8 2 70
2 2 4 4 70
4 1 6 4 70
4 1 6 5 70
1 4 4 6 70
1 4 5 6 70
2 2 6 6 70
2 2 8 6 70
2 2 6 8 70
2 2 8 8 70
3 3 0 0 71
9 1 0 3 71
1 4 0 4 71
2 2 3 0 71
1 4 1 4 71
2 2 0 8 71
1 4 2 4 71
2 2 5 0 71
2 2 7 0 71
2 2 3 4 71
2 2 3 6 71
1 4 5 4 71
2 2 2 8 71
2 2 4 8 71
2 2 6 4 71
4 1 3 2 71
2 2 8 4 71
2 2 6 6 71
2 2 8 6 71
2 2 6 8 71
2 2 8 8 71
9 1 0 0 72
9 1 0 1 72
3 3 0 2 72
2 2 0 5 72
1 4 3 2 72
2 2 0 7 72
2 2 4 2 72
2 2 6 2 72
2 2 8 2 72
2 2 4 4 72
1 4 2 5 72
1 4 3 6 72
2 2 6 4 72
2 2 8 4 72
4 1 4 6 72
2 2 4 7 72
2 2 6 7 72
2 3 8 6 72
1 9 0 0 73
3 3 1 0 73
9 1 1 3 73
9 1 1 4 73
9 1 1 5 73
5 1 4 0 73
9 1 1 6 73
9 1 1 7 73
5 1 4 1 73
5 1 4 2 73
9 1 1 8 73
9 1 0 9 73
1 9 0 0 74
3 3 1 0 74
5 1 4 0 74
1 5 1 3 74
1 5 2 3 74
5 1 4 1 74
1 5 3 3 74
1 5 4 2 74
5 1 5 2 74
5 1 5 3 74
1 5 5 4 74
1 5 6 4 74
1 5 7 4 74
1 5 8 4 74
1 5 9 4 74
5 1 5 9 74
3 2 1 8 74
9 1 0 0 75
3 3 0 1 75
5 1 3 1 75
5 1 3 2 75
5 1 3 3 75
5 1 0 4 75
5 1 5 4 75
5 1 0 5 75
5 1 5 5 75
5 1 0 6 75
9 1 0 7 75
9 1 0 8 75
9 1 0 9 75
5 1 5 6 75
2 3 8 1 75
3 3 0 0 76
9 1 0 3 76
9 1 0 4 76
9 1 0 5 76
9 1 0 6 76
9 1 0 7 76
1 5 9 3 76
5 1 0 8 76
5 1 5 8 76
9 1 0 9 76
5 1 3 0 76
5 1 3 1 76
5 1 3 2 76
2 3 8 0 76
1 9 0 0 77
9 1 1 0 77
9 1 1 1 77
9 1 1 2 77
1 5 1 3 77
1 5 2 3 77
1 5 3 3 77
1 5 4 3 77
1 5 5 3 77
1 5 6 3 77
1 5 7 3 77
5 1 1 8 77
1 5 8 3 77
1 5 9 3 77
5 1 0 9 77
9 1 0 0 78
1 9 0 1 78
3 3 1 1 78
9 1 1 4 78
1 5 1 5 78
1 5 2 5 78
5 1 4 1 78
5 1 4 2 78
1 5 3 5 78
5 1 4 3 78
5 1 4 5 78
5 1 4 6 78
5 1 4 7 78
5 1 4 8 78
5 1 4 9 78
1 5 9 5 78
9 1 0 0 79
9 1 0 1 79
1 5 0 2 79
1 5 1 2 79
1 5 2 2 79
1 5 3 2 79
1 5 4 2 79
1 5 5 2 79
5 1 0 7 79
5 1 0 8 79
1 5 6 2 79
1 5 7 2 79
1 5 8 2 79
1 5 9 0 79
5 1 0 9 79
1 5 9 5 79
3 3 5 7 79
9 1 0 0 80
9 1 0 1 80
9 1 0 2 80
9 1 0 3 80
9 1 0 4 80
9 1 0 5 80
9 1 0 6 80
9 1 0 7 80
9 1 0 8 80
9 1 0 9 80
1 5 9 0 80
1 5 9 5 80
9 1 0 0 81
1 9 0 1 81
9 1 1 1 81
9 1 1 2 81
3 3 1 3 81
1 5 4 3 81
1 5 5 3 81
1 5 6 3 81
3 3 1 6 81
3 3 7 3 81
3 3 7 6 81
3 2 4 8 81
9 1 0 0 82
9 1 0 1 82
9 1 0 2 82
9 1 0 3 82
9 1 0 4 82
9 1 0 5 82
9 1 0 6 82
9 1 0 7 82
9 1 0 8 82
9 1 0 9 82
1 5 9 0 82
1 5 9 5 82
1 9 0 0 83
9 1 1 0 83
9 1 1 1 83
9 1 1 2 83
1 5 1 3 83
5 1 2 3 83
1 5 2 4 83
5 1 3 4 83
5 1 3 5 83
5 1 3 6 83
5 1 3 7 83
5 1 3 8 83
5 1 2 9 83
1 5 8 4 83
1 5 9 4 83
9 1 0 0 84
3 3 0 1 84
1 5 0 4 84
1 5 1 4 84
1 5 2 4 84
5 1 3 1 84
5 1 3 2 84
5 1 3 3 84
5 1 3 4 84
5 1 3 5 84
5 1 3 6 84
1 5 8 1 84
5 1 3 7 84
5 1 3 8 84
1 5 9 0 84
9 1 0 9 84
1 9 0 0 85
1 9 1 0 85
1 9 2 0 85
5 1 3 0 85
1 5 3 1 85
1 5 4 1 85
5 1 5 1 85
1 5 5 2 85
1 5 6 2 85
3 3 7 2 85
3 3 7 5 85
3 2 7 8 85
2 3 5 7 85
2 3 3 6 85
9 1 0 0 86
9 1 0 1 86
9 1 0 2 86
9 1 0 3 86
9 1 0 4 86
3 3 0 5 86
5 1 3 5 86
1 5 9 0 86
5 1 3 6 86
3 3 3 7 86
3 3 6 7 86
3 2 0 8 86
9 1 0 0 87
9 1 0 1 87
9 1 0 2 87
9 1 0 3 87
1 5 0 4 87
5 1 1 4 87
1 5 1 5 87
5 1 2 5 87
5 1 2 6 87
5 1 2 7 87
5 1 2 8 87
5 1 2 9 87
1 5 7 5 87
1 5 8 5 87
1 5 9 5 87
1 9 0 0 88
9 1 1 0 88
9 1 1 1 88
9 1 1 2 88
9 1 1 3 88
9 1 1 4 88
5 1 1 5 88
9 1 1 6 88
3 3 1 7 88
3 3 4 7 88
3 3 7 7 88
9 1 0 0 89
1 9 0 1 89
9 1 1 1 89
9 1 1 2 89
9 1 1 3 89
9 1 1 4 89
5 1 1 5 89
9 1 1 6 89
9 1 1 7 89
9 1 1 8 89
9 1 1 9 89
1 9 0 0 90
9 1 1 0 90
3 3 1 1 90
9 1 1 4 90
1 5 1 5 90
1 5 2 5 90
5 1 4 1 90
5 1 4 2 90
1 5 3 5 90
5 1 4 3 90
1 5 4 5 90
5 1 5 5 90
3 3 5 6 90
2 3 8 6 90
9 1 0 0 91
1 9 0 1 91
3 3 1 1 91
3 3 4 1 91
9 1 1 4 91
9 1 1 5 91
3 3 7 1 91
5 1 1 6 91
3 3 1 7 91
5 1 4 7 91
5 1 4 8 91
5 1 4 9 91
9 1 0 0 92
9 1 0 1 92
9 1 0 2 92
9 1 0 3 92
9 1 0 4 92
9 1 0 5 92
1 5 9 0 92
5 1 0 6 92
9 1 0 7 92
5 1 5 6 92
9 1 0 8 92
9 1 0 9 92
1 9 0 0 93
3 3 1 0 93
9 1 1 3 93
9 1 1 4 93
5 1 4 0 93
1 5 1 5 93
5 1 4 1 93
5 1 4 2 93
1 5 2 5 93
5 1 3 5 93
3 3 3 6 93
3 3 6 6 93
5 1 3 9 93
9 1 0 0 94
9 1 0 1 94
1 5 0 2 94
5 1 1 2 94
5 1 1 3 94
1 5 1 4 94
5 1 2 4 94
5 1 2 5 94
5 1 2 6 94
5 1 2 7 94
5 1 2 8 94
5 1 1 9 94
1 5 7 4 94
1 5 8 4 94
3 2 6 2 94
1 9 9 0 94
1 9 0 0 95
1 9 1 0 95
1 5 2 0 95
1 5 2 5 95
1 5 3 0 95
5 1 4 0 95
5 1 4 1 95
1 5 3 5 95
5 1 4 2 95
5 1 4 3 95
5 1 4 4 95
1 5 9 0 95
5 1 4 5 95
3 2 4 6 95
3 2 7 6 95
3 2 4 8 95
3 2 7 8 95
3 3 0 0 96
3 3 3 0 96
9 1 0 3 96
9 1 0 4 96
3 3 6 0 96
3 2 0 5 96
3 2 0 7 96
3 2 3 5 96
3 2 6 5 96
2 3 3 7 96
3 2 5 7 96
2 3 8 7 96
9 1 0 0 97
9 1 0 1 97
9 1 0 2 97
2 3 0 3 97
3 2 2 3 97
2 3 0 6 97
2 3 2 5 97
3 2 5 3 97
2 3 4 5 97
2 3 6 5 97
2 3 8 3 97
2 3 8 6 97
3 2 2 8 97
3 2 5 8 97
1 9 0 0 98
9 1 1 0 98
9 1 1 1 98
9 1 1 2 98
3 3 1 3 98
2 3 1 6 98
3 2 4 3 98
2 3 4 5 98
2 3 6 5 98
2 3 8 5 98
3 2 7 3 98
3 2 4 8 98
3 2 7 8 98
9 1 0 0 99
9 1 0 1 99
9 1 0 2 99
9 1 0 3 99
2 3 0 4 99
2 3 0 7 99
2 3 2 4 99
2 3 2 7 99
3 2 4 4 99
2 3 4 6 99
3 2 7 4 99
2 3 6 6 99
2 3 8 6 99
3 3 0 0 100
9 1 0 3 100
9 1 0 4 100
9 1 0 5 100
9 1 0 6 100
9 1 0 7 100
9 1 0 8 100
9 1 0 9 100
3 2 3 0 100
3 2 6 0 100
1 9 0 0 101
1 9 1 0 101
1 9 2 0 101
1 9 3 0 101
3 2 4 0 101
3 2 7 0 101
3 2 4 2 101
2 3 4 4 101
3 2 7 2 101
2 3 4 7 101
2 3 6 4 101
2 3 8 4 101
3 2 6 7 101
9 1 0 0 102
1 9 0 1 102
3 3 1 1 102
3 2 4 1 102
2 3 7 1 102
3 2 1 4 102
2 3 1 6 102
2 3 3 6 102
3 2 4 4 102
2 3 5 6 102
3 2 7 4 102
3 2 7 6 102
3 2 7 8 102
9 1 0 0 103
9 1 0 1 103
9 1 0 2 103
9 1 0 3 103
3 3 0 4 103
3 3 0 7 103
2 3 3 4 103
3 2 5 4 103
2 3 3 7 103
3 2 5 6 103
2 3 8 4 103
3 2 5 8 103
2 3 8 7 103
3 3 0 0 104
9 1 0 3 104
9 1 0 4 104
9 1 0 5 104
9 1 0 6 104
9 1 0 7 104
9 1 0 8 104
9 1 0 9 104
3 3 3 0 104
2 3 6 0 104
2 3 8 0 104
1 9 0 0 105
1 9 1 0 105
1 9 2 0 105
3 2 3 0 105
3 2 6 0 105
3 2 3 2 105
3 2 6 2 105
2 3 3 4 105
2 3 3 7 105
2 3 5 4 105
2 3 5 7 105
3 2 7 4 105
3 2 7 6 105
9 1 0 0 106
9 1 0 1 106
9 1 0 2 106
3 3 0 3 106
3 3 0 6 106
3 3 3 3 106
3 3 6 3 106
2 3 3 6 106
2 4 5 6 106
3 3 7 6 106
9 1 0 0 107
1 9 0 1 107
9 1 1 1 107
4 2 1 2 107
4 2 5 2 107
2 4 1 4 107
4 2 3 4 107
4 2 3 6 107
4 2 1 8 107
4 2 5 8 107
3 3 7 4 107
9 1 0 0 108
9 1 0 1 108
9 1 0 2 108
9 1 0 3 108
9 1 0 4 108
9 1 0 5 108
2 4 0 6 108
4 2 2 6 108
4 2 6 6 108
4 2 2 8 108
4 2 6 8 108
9 1 0 0 109
3 3 0 1 109
1 9 3 1 109
1 9 4 1 109
2 4 0 4 109
2 4 5 1 109
1 9 7 1 109
2 4 5 5 109
2 4 8 1 109
2 4 8 5 109
9 1 0 0 110
9 1 0 1 110
3 3 0 2 110
3 3 0 5 110
4 2 3 2 110
4 2 3 4 110
4 2 3 6 110
4 2 0 8 110
2 4 7 2 110
4 2 4 8 110
9 1 0 0 111
3 3 0 1 111
2 4 0 4 111
2 4 3 1 111
2 4 3 5 111
2 4 5 1 111
1 9 7 1 111
2 4 5 5 111
2 4 8 1 111
2 4 8 5 111
9 1 0 0 112
3 3 0 1 112
4 2 3 1 112
4 2 3 3 112
4 2 3 5 112
4 2 3 7 112
2 4 0 4 112
3 3 7 1 112
2 4 7 4 112
9 1 0 0 113
9 1 0 1 113
4 2 0 2 113
4 2 4 2 113
4 2 0 4 113
4 2 4 4 113
2 4 8 2 113
4 2 0 6 113
4 2 0 8 113
4 2 4 6 113
4 2 4 8 113
2 4 8 6 113
3 3 0 0 114
9 1 0 3 114
9 1 0 4 114
9 1 0 5 114
2 4 0 6 114
4 2 3 0 114
4 2 2 6 114
3 3 7 0 114
4 2 6 6 114
4 2 2 8 114
4 2 6 8 114
9 1 0 0 115
9 1 0 1 115
9 1 0 2 115
3 3 0 3 115
3 3 0 6 115
2 4 3 3 115
2 4 5 3 115
2 4 7 3 115
3 3 3 7 115
3 3 6 7 115
1 9 9 0 115
1 9 0 0 116
9 1 1 0 116
9 1 1 1 116
9 1 1 2 116
9 1 1 3 116
2 4 1 4 116
2 4 3 4 116
2 4 5 4 116
4 2 1 8 116
2 4 7 4 116
4 2 5 8 116
3 3 0 0 117
9 1 0 3 117
9 1 0 4 117
2 4 0 5 117
2 4 2 5 117
4 2 3 0 117
4 2 4 5 117
4 2 4 7 117
2 4 8 5 117
3 3 7 0 117
9 1 0 9 117
9 1 0 0 118
9 1 0 1 118
9 1 0 2 118
4 2 0 3 118
4 2 4 3 118
2 4 0 5 118
2 4 2 5 118
2 4 4 5 118
2 4 6 5 118
2 4 8 3 118
9 1 0 0 119
9 1 0 1 119
9 1 0 2 119
3 3 0 3 119
4 2 3 3 119
2 4 0 6 119
4 2 3 5 119
4 2 3 7 119
2 4 7 3 119
3 3 7 7 119
9 1 0 0 120
1 9 0 1 120
1 9 1 1 120
2 4 2 1 120
2 4 2 5 120
2 4 4 1 120
1 9 6 1 120
3 3 7 1 120
3 3 7 4 120
3 3 7 7 120
9 1 0 0 121
9 1 0 1 121
9 1 0 2 121
9 1 0 3 121
9 1 0 4 121
9 1 0 5 121
9 1 0 6 121
9 1 0 7 121
9 1 0 8 121
9 1 0 9 121
1 9 9 0 121
9 1 0 0 122
9 1 0 1 122
9 1 0 2 122
9 1 0 3 122
9 1 0 4 122
9 1 0 5 122
9 1 0 6 122
9 1 0 7 122
9 1 0 8 122
9 1 0 9 122
1 9 9 0 122
1 9 0 0 123
3 3 1 0 123
9 1 1 3 123
9 1 1 4 123
9 1 1 5 123
9 1 1 6 123
9 1 1 7 123
9 1 1 8 123
9 1 0 9 123
3 3 4 0 123
3 3 7 0 123
1 9 0 0 124
9 1 1 0 124
9 1 1 1 124
9 1 1 2 124
9 1 1 3 124
9 1 1 4 124
9 1 1 5 124
9 1 1 6 124
9 1 1 7 124
9 1 1 8 124
9 1 0 9 124
1 9 0 0 125
9 1 1 0 125
3 3 1 1 125
3 3 4 1 125
3 3 7 1 125
9 1 1 4 125
9 1 1 5 125
9 1 1 6 125
9 1 1 7 125
9 1 1 8 125
9 1 0 9 125
9 1 0 0 126
9 1 0 1 126
9 1 0 2 126
9 1 0 3 126
9 1 0 4 126
3 3 0 5 126
3 3 3 5 126
3 3 6 5 126
9 1 0 8 126
1 9 9 0 126
9 1 0 9 126
1 9 0 0 127
3 3 1 0 127
3 3 4 0 127
3 3 7 0 127
9 1 1 3 127
9 1 1 4 127
3 3 1 5 127
3 3 4 5 127
3 3 7 5 127
9 1 1 8 127
9 1 0 9 127
9 1 0 0 128
9 1 0 1 128
9 1 0 2 128
9 1 0 3 128
9 1 0 4 128
3 3 0 5 128
3 3 3 5 128
3 3 6 5 128
9 1 0 8 128
1 9 9 0 128
9 1 0 9 128
1 9 0 0 129
9 1 1 0 129
1 9 1 1 129
3 3 2 1 129
3 3 5 1 129
3 3 2 4 129
1 9 0 0 130
9 1 1 0 130
9 1 1 1 130
9 1 1 2 130
