% State of a bin packing problem:
%
% Bin number: 259
% Total uncovered points: 1580
% Total covered points: 24320
% Number of boxes: 2000
% Unused boxes: 0
% Runtime: None
%
% Bin size:
10 10
%
% Boxes (width, height) not in some bins:
%
% Boxes (width, height, x_position, y_position, bin_id) in bins:
4 9 0 0 0
4 9 4 0 0
2 7 8 0 0
8 1 0 9 0
2 3 8 7 0
4 9 0 0 1
4 9 4 0 1
2 7 8 0 1
8 1 0 9 1
2 3 8 7 1
4 9 0 0 2
4 9 4 0 2
2 7 8 0 2
8 1 0 9 2
2 3 8 7 2
4 9 0 0 3
4 9 4 0 3
2 7 8 0 3
8 1 0 9 3
2 3 8 7 3
4 9 0 0 4
4 9 4 0 4
2 7 8 0 4
8 1 0 9 4
2 3 8 7 4
4 9 0 0 5
4 9 4 0 5
2 7 8 0 5
8 1 0 9 5
2 3 8 7 5
4 9 0 0 6
4 9 4 0 6
2 7 8 0 6
8 1 0 9 6
2 3 8 7 6
4 9 0 0 7
4 9 4 0 7
2 7 8 0 7
8 1 0 9 7
2 3 8 7 7
4 9 0 0 8
4 9 4 0 8
2 7 8 0 8
8 1 0 9 8
2 3 8 7 8
4 9 0 0 9
4 9 4 0 9
2 7 8 0 9
8 1 0 9 9
2 3 8 7 9
4 9 0 0 10
4 9 4 0 10
2 7 8 0 10
8 1 0 9 10
2 3 8 7 10
4 9 0 0 11
4 9 4 0 11
2 7 8 0 11
8 1 0 9 11
2 3 8 7 11
4 9 0 0 12
4 9 4 0 12
2 7 8 0 12
8 1 0 9 12
2 3 8 7 12
4 9 0 0 13
4 9 4 0 13
2 7 8 0 13
8 1 0 9 13
2 3 8 7 13
4 9 0 0 14
4 9 4 0 14
2 7 8 0 14
8 1 0 9 14
2 3 8 7 14
4 9 0 0 15
4 9 4 0 15
2 7 8 0 15
8 1 0 9 15
2 3 8 7 15
4 9 0 0 16
4 9 4 0 16
2 7 8 0 16
8 1 0 9 16
2 3 8 7 16
4 9 0 0 17
4 9 4 0 17
2 7 8 0 17
8 1 0 9 17
2 3 8 7 17
4 9 0 0 18
4 9 4 0 18
2 7 8 0 18
8 1 0 9 18
2 3 8 7 18
4 9 0 0 19
4 9 4 0 19
2 7 8 0 19
8 1 0 9 19
2 3 8 7 19
4 9 0 0 20
4 9 4 0 20
2 7 8 0 20
8 1 0 9 20
2 3 8 7 20
4 9 0 0 21
4 9 4 0 21
2 7 8 0 21
8 1 0 9 21
2 3 8 7 21
4 9 0 0 22
4 9 4 0 22
2 7 8 0 22
8 1 0 9 22
2 3 8 7 22
4 9 0 0 23
4 9 4 0 23
2 7 8 0 23
8 1 0 9 23
2 3 8 7 23
4 9 0 0 24
4 9 4 0 24
2 7 8 0 24
8 1 0 9 24
2 3 8 7 24
4 9 0 0 25
4 9 4 0 25
2 7 8 0 25
8 1 0 9 25
2 3 8 7 25
4 9 0 0 26
4 9 4 0 26
2 7 8 0 26
8 1 0 9 26
2 3 8 7 26
4 9 0 0 27
4 9 4 0 27
2 7 8 0 27
8 1 0 9 27
2 3 8 7 27
4 9 0 0 28
4 9 4 0 28
2 7 8 0 28
8 1 0 9 28
2 3 8 7 28
4 9 0 0 29
4 9 4 0 29
2 7 8 0 29
8 1 0 9 29
2 3 8 7 29
4 9 0 0 30
4 9 4 0 30
2 7 8 0 30
8 1 0 9 30
2 3 8 7 30
4 9 0 0 31
4 9 4 0 31
2 7 8 0 31
8 1 0 9 31
2 3 8 7 31
4 9 0 0 32
4 9 4 0 32
2 7 8 0 32
8 1 0 9 32
2 3 8 7 32
4 9 0 0 33
4 9 4 0 33
2 7 8 0 33
8 1 0 9 33
2 3 8 7 33
4 9 0 0 34
4 9 4 0 34
2 7 8 0 34
8 1 0 9 34
2 3 8 7 34
4 9 0 0 35
4 9 4 0 35
2 7 8 0 35
8 1 0 9 35
2 3 8 7 35
4 9 0 0 36
4 9 4 0 36
2 7 8 0 36
8 1 0 9 36
2 3 8 7 36
4 9 0 0 37
4 9 4 0 37
2 7 8 0 37
8 1 0 9 37
2 3 8 7 37
4 9 0 0 38
4 9 4 0 38
2 7 8 0 38
8 1 0 9 38
2 3 8 7 38
4 9 0 0 39
4 9 4 0 39
2 7 8 0 39
8 1 0 9 39
2 3 8 7 39
4 9 0 0 40
4 9 4 0 40
2 7 8 0 40
8 1 0 9 40
2 3 8 7 40
4 9 0 0 41
4 9 4 0 41
2 7 8 0 41
8 1 0 9 41
2 3 8 7 41
4 9 0 0 42
4 9 4 0 42
2 7 8 0 42
8 1 0 9 42
2 3 8 7 42
4 9 0 0 43
4 9 4 0 43
2 7 8 0 43
8 1 0 9 43
2 3 8 7 43
4 9 0 0 44
4 9 4 0 44
2 7 8 0 44
8 1 0 9 44
2 3 8 7 44
4 9 0 0 45
4 9 4 0 45
2 7 8 0 45
8 1 0 9 45
2 3 8 7 45
4 9 0 0 46
4 9 4 0 46
2 7 8 0 46
8 1 0 9 46
2 3 8 7 46
4 9 0 0 47
4 9 4 0 47
2 7 8 0 47
8 1 0 9 47
2 3 8 7 47
4 9 0 0 48
4 9 4 0 48
2 7 8 0 48
8 1 0 9 48
2 3 8 7 48
4 9 0 0 49
4 9 4 0 49
2 7 8 0 49
8 1 0 9 49
2 3 8 7 49
4 9 0 0 50
4 9 4 0 50
2 7 8 0 50
8 1 0 9 50
2 3 8 7 50
4 9 0 0 51
4 9 4 0 51
2 7 8 0 51
8 1 0 9 51
2 3 8 7 51
4 9 0 0 52
4 9 4 0 52
2 7 8 0 52
8 1 0 9 52
2 3 8 7 52
4 9 0 0 53
4 9 4 0 53
2 7 8 0 53
8 1 0 9 53
2 3 8 7 53
4 9 0 0 54
4 9 4 0 54
2 7 8 0 54
8 1 0 9 54
2 3 8 7 54
4 9 0 0 55
4 9 4 0 55
2 7 8 0 55
8 1 0 9 55
2 3 8 7 55
4 9 0 0 56
4 9 4 0 56
2 7 8 0 56
8 1 0 9 56
2 3 8 7 56
4 9 0 0 57
4 9 4 0 57
2 7 8 0 57
8 1 0 9 57
2 3 8 7 57
4 9 0 0 58
4 9 4 0 58
2 7 8 0 58
8 1 0 9 58
2 3 8 7 58
4 9 0 0 59
4 9 4 0 59
2 7 8 0 59
8 1 0 9 59
2 3 8 7 59
4 6 0 0 60
4 6 4 0 60
6 3 0 6 60
3 3 6 6 60
8 1 0 9 60
2 3 8 0 60
2 3 8 3 60
1 4 9 6 60
4 6 0 0 61
4 6 4 0 61
6 3 0 6 61
3 3 6 6 61
8 1 0 9 61
2 3 8 0 61
2 3 8 3 61
1 4 9 6 61
4 6 0 0 62
4 6 4 0 62
6 3 0 6 62
3 3 6 6 62
8 1 0 9 62
2 3 8 0 62
2 3 8 3 62
1 4 9 6 62
4 6 0 0 63
4 6 4 0 63
6 3 0 6 63
3 3 6 6 63
8 1 0 9 63
2 3 8 0 63
2 3 8 3 63
1 4 9 6 63
4 6 0 0 64
4 6 4 0 64
6 3 0 6 64
3 3 6 6 64
8 1 0 9 64
2 3 8 0 64
2 3 8 3 64
1 4 9 6 64
4 6 0 0 65
4 6 4 0 65
6 3 0 6 65
3 3 6 6 65
8 1 0 9 65
2 3 8 0 65
2 2 8 3 65
1 4 9 6 65
4 6 0 0 66
4 6 4 0 66
6 3 0 6 66
3 3 6 6 66
8 1 0 9 66
1 5 8 0 66
1 5 9 0 66
1 5 9 5 66
4 6 0 0 67
4 6 4 0 67
6 3 0 6 67
3 3 6 6 67
8 1 0 9 67
1 5 8 0 67
1 5 9 0 67
1 5 9 5 67
4 6 0 0 68
4 6 4 0 68
6 3 0 6 68
3 3 6 6 68
8 1 0 9 68
1 5 8 0 68
1 5 9 0 68
1 5 9 5 68
4 6 0 0 69
4 6 4 0 69
6 3 0 6 69
3 3 6 6 69
8 1 0 9 69
1 5 8 0 69
1 5 9 0 69
1 5 9 5 69
4 6 0 0 70
4 6 4 0 70
6 3 0 6 70
3 3 6 6 70
8 1 0 9 70
1 5 8 0 70
1 5 9 0 70
1 5 9 5 70
4 6 0 0 71
4 6 4 0 71
6 3 0 6 71
3 3 6 6 71
8 1 0 9 71
1 5 8 0 71
1 5 9 0 71
1 5 9 5 71
4 6 0 0 72
4 6 4 0 72
6 3 0 6 72
3 3 6 6 72
8 1 0 9 72
1 5 8 0 72
1 5 9 0 72
1 5 9 5 72
4 6 0 0 73
4 6 4 0 73
6 3 0 6 73
3 3 6 6 73
8 1 0 9 73
1 5 8 0 73
1 5 9 0 73
1 5 9 5 73
4 6 0 0 74
4 6 4 0 74
6 3 0 6 74
3 3 6 6 74
8 1 0 9 74
1 5 8 0 74
1 5 9 0 74
1 5 9 5 74
4 6 0 0 75
4 6 4 0 75
6 3 0 6 75
3 3 6 6 75
8 1 0 9 75
1 5 8 0 75
1 5 9 0 75
1 5 9 5 75
4 6 0 0 76
4 6 4 0 76
6 3 0 6 76
3 3 6 6 76
8 1 0 9 76
1 5 8 0 76
1 5 9 0 76
1 5 9 5 76
4 6 0 0 77
4 6 4 0 77
6 3 0 6 77
3 3 6 6 77
8 1 0 9 77
1 5 8 0 77
1 5 9 0 77
1 5 9 5 77
4 6 0 0 78
4 6 4 0 78
6 3 0 6 78
3 3 6 6 78
8 1 0 9 78
1 5 8 0 78
1 5 9 0 78
1 5 9 5 78
4 6 0 0 79
4 6 4 0 79
6 3 0 6 79
3 3 6 6 79
8 1 0 9 79
1 5 8 0 79
1 5 9 0 79
1 5 9 5 79
6 3 0 0 80
6 3 0 3 80
6 3 0 6 80
2 7 6 0 80
2 7 8 0 80
3 3 6 7 80
3 1 0 9 80
3 1 3 9 80
1 2 9 7 80
6 3 0 0 81
6 3 0 3 81
6 3 0 6 81
2 7 6 0 81
2 7 8 0 81
3 3 6 7 81
3 1 0 9 81
3 1 3 9 81
1 2 9 7 81
6 3 0 0 82
6 3 0 3 82
6 3 0 6 82
2 7 6 0 82
2 7 8 0 82
3 3 6 7 82
3 1 0 9 82
3 1 3 9 82
1 2 9 7 82
6 3 0 0 83
6 3 0 3 83
6 3 0 6 83
2 7 6 0 83
2 7 8 0 83
3 3 6 7 83
3 1 0 9 83
3 1 3 9 83
1 2 9 7 83
6 3 0 0 84
6 3 0 3 84
6 3 0 6 84
2 7 6 0 84
2 7 8 0 84
3 3 6 7 84
3 1 0 9 84
3 1 3 9 84
1 2 9 7 84
6 3 0 0 85
6 3 0 3 85
6 3 0 6 85
2 7 6 0 85
2 7 8 0 85
3 3 6 7 85
3 1 0 9 85
3 1 3 9 85
1 2 9 7 85
6 3 0 0 86
6 3 0 3 86
6 3 0 6 86
2 7 6 0 86
2 7 8 0 86
3 3 6 7 86
3 1 0 9 86
3 1 3 9 86
1 2 9 7 86
6 3 0 0 87
6 3 0 3 87
6 3 0 6 87
2 7 6 0 87
2 7 8 0 87
3 3 6 7 87
3 1 0 9 87
3 1 3 9 87
1 2 9 7 87
6 3 0 0 88
6 3 0 3 88
6 3 0 6 88
2 7 6 0 88
2 7 8 0 88
3 3 6 7 88
3 1 0 9 88
3 1 3 9 88
1 2 9 7 88
6 3 0 0 89
6 3 0 3 89
6 3 0 6 89
2 7 6 0 89
2 7 8 0 89
3 3 6 7 89
3 1 0 9 89
3 1 3 9 89
1 2 9 7 89
6 3 0 0 90
6 3 0 3 90
6 3 0 6 90
2 7 6 0 90
2 7 8 0 90
3 3 6 7 90
3 1 0 9 90
3 1 3 9 90
1 2 9 7 90
6 3 0 0 91
6 3 0 3 91
6 3 0 6 91
2 7 6 0 91
2 7 8 0 91
3 3 6 7 91
3 1 0 9 91
3 1 3 9 91
1 2 9 7 91
6 3 0 0 92
6 3 0 3 92
6 3 0 6 92
2 7 6 0 92
2 7 8 0 92
3 3 6 7 92
3 1 0 9 92
3 1 3 9 92
1 2 9 7 92
6 3 0 0 93
6 3 0 3 93
6 3 0 6 93
2 7 6 0 93
2 7 8 0 93
3 3 6 7 93
3 1 0 9 93
3 1 3 9 93
1 2 9 7 93
6 3 0 0 94
6 3 0 3 94
6 3 0 6 94
2 7 6 0 94
2 7 8 0 94
3 3 6 7 94
3 1 0 9 94
3 1 3 9 94
1 2 9 7 94
6 3 0 0 95
6 3 0 3 95
6 3 0 6 95
2 7 6 0 95
2 7 8 0 95
3 3 6 7 95
3 1 0 9 95
3 1 3 9 95
1 2 9 7 95
6 3 0 0 96
6 3 0 3 96
6 3 0 6 96
2 7 6 0 96
2 7 8 0 96
3 3 6 7 96
3 1 0 9 96
3 1 3 9 96
1 2 9 7 96
6 3 0 0 97
6 3 0 3 97
6 3 0 6 97
2 7 6 0 97
2 7 8 0 97
3 3 6 7 97
3 1 0 9 97
3 1 3 9 97
1 2 9 7 97
6 3 0 0 98
6 3 0 3 98
6 3 0 6 98
2 7 6 0 98
2 7 8 0 98
3 3 6 7 98
3 1 0 9 98
3 1 3 9 98
1 2 9 7 98
6 3 0 0 99
6 3 0 3 99
6 3 0 6 99
2 7 6 0 99
2 7 8 0 99
3 3 6 7 99
3 1 0 9 99
3 1 3 9 99
1 2 9 7 99
6 3 0 0 100
6 3 0 3 100
6 3 0 6 100
2 7 6 0 100
2 7 8 0 100
3 3 6 7 100
3 1 0 9 100
3 1 3 9 100
1 2 9 7 100
6 3 0 0 101
6 3 0 3 101
6 3 0 6 101
2 7 6 0 101
2 7 8 0 101
3 3 6 7 101
3 1 0 9 101
3 1 3 9 101
1 2 9 7 101
6 3 0 0 102
6 3 0 3 102
6 3 0 6 102
2 7 6 0 102
2 7 8 0 102
3 3 6 7 102
3 1 0 9 102
3 1 3 9 102
1 2 9 7 102
6 3 0 0 103
6 3 0 3 103
6 3 0 6 103
2 7 6 0 103
2 7 8 0 103
3 3 6 7 103
3 1 0 9 103
3 1 3 9 103
1 2 9 7 103
6 3 0 0 104
6 3 0 3 104
6 3 0 6 104
2 7 6 0 104
2 7 8 0 104
3 3 6 7 104
3 1 0 9 104
3 1 3 9 104
1 2 9 7 104
6 3 0 0 105
6 3 0 3 105
6 3 0 6 105
2 7 6 0 105
2 7 8 0 105
3 3 6 7 105
3 1 0 9 105
3 1 3 9 105
1 2 9 7 105
6 3 0 0 106
6 3 0 3 106
6 3 0 6 106
2 7 6 0 106
2 7 8 0 106
3 3 6 7 106
3 1 0 9 106
3 1 3 9 106
1 2 9 7 106
6 3 0 0 107
6 3 0 3 107
6 3 0 6 107
2 7 6 0 107
2 7 8 0 107
3 3 6 7 107
3 1 0 9 107
3 1 3 9 107
1 2 9 7 107
6 3 0 0 108
6 3 0 3 108
6 3 0 6 108
2 7 6 0 108
2 7 8 0 108
3 3 6 7 108
3 1 0 9 108
3 1 3 9 108
1 2 9 7 108
6 3 0 0 109
6 3 0 3 109
6 3 0 6 109
2 7 6 0 109
2 7 8 0 109
3 3 6 7 109
3 1 0 9 109
3 1 3 9 109
1 2 9 7 109
6 3 0 0 110
6 3 0 3 110
6 3 0 6 110
2 7 6 0 110
2 7 8 0 110
3 3 6 7 110
3 1 0 9 110
3 1 3 9 110
1 2 9 7 110
6 3 0 0 111
6 3 0 3 111
6 3 0 6 111
2 7 6 0 111
2 7 8 0 111
3 3 6 7 111
3 1 0 9 111
3 1 3 9 111
1 2 9 7 111
6 3 0 0 112
6 3 0 3 112
6 3 0 6 112
2 7 6 0 112
2 7 8 0 112
3 3 6 7 112
3 1 0 9 112
3 1 3 9 112
1 2 9 7 112
6 3 0 0 113
6 3 0 3 113
6 3 0 6 113
2 7 6 0 113
2 7 8 0 113
3 3 6 7 113
3 1 0 9 113
3 1 3 9 113
1 2 9 7 113
6 3 0 0 114
6 3 0 3 114
6 3 0 6 114
2 7 6 0 114
2 7 8 0 114
3 3 6 7 114
3 1 0 9 114
3 1 3 9 114
1 2 9 7 114
6 3 0 0 115
6 3 0 3 115
6 3 0 6 115
2 7 6 0 115
2 7 8 0 115
3 3 6 7 115
3 1 0 9 115
3 1 3 9 115
1 2 9 7 115
6 3 0 0 116
6 3 0 3 116
6 3 0 6 116
2 7 6 0 116
2 7 8 0 116
3 3 6 7 116
3 1 0 9 116
3 1 3 9 116
1 2 9 7 116
6 3 0 0 117
6 3 0 3 117
6 3 0 6 117
2 7 6 0 117
2 7 8 0 117
3 3 6 7 117
3 1 0 9 117
3 1 3 9 117
1 2 9 7 117
6 3 0 0 118
6 3 0 3 118
6 3 0 6 118
2 7 6 0 118
2 7 8 0 118
3 3 6 7 118
3 1 0 9 118
3 1 3 9 118
1 2 9 7 118
6 3 0 0 119
6 3 0 3 119
6 3 0 6 119
2 7 6 0 119
2 7 8 0 119
3 3 6 7 119
3 1 0 9 119
3 1 3 9 119
1 2 9 7 119
6 3 0 0 120
6 3 0 3 120
6 3 0 6 120
2 7 6 0 120
2 7 8 0 120
3 3 6 7 120
3 1 0 9 120
3 1 3 9 120
1 2 9 7 120
6 3 0 0 121
6 3 0 3 121
6 3 0 6 121
2 7 6 0 121
2 7 8 0 121
3 3 6 7 121
3 1 0 9 121
3 1 3 9 121
1 2 9 7 121
6 3 0 0 122
6 3 0 3 122
6 3 0 6 122
2 7 6 0 122
2 7 8 0 122
3 3 6 7 122
3 1 0 9 122
3 1 3 9 122
1 2 9 7 122
6 3 0 0 123
6 3 0 3 123
6 3 0 6 123
2 7 6 0 123
2 7 8 0 123
3 3 6 7 123
3 1 0 9 123
3 1 3 9 123
1 2 9 7 123
2 7 0 0 124
2 7 2 0 124
2 7 4 0 124
2 7 6 0 124
2 7 8 0 124
3 3 0 7 124
3 3 3 7 124
3 3 6 7 124
1 2 9 7 124
2 7 0 0 125
2 7 2 0 125
2 7 4 0 125
2 7 6 0 125
2 7 8 0 125
3 3 0 7 125
3 3 3 7 125
3 3 6 7 125
1 2 9 7 125
2 7 0 0 126
2 7 2 0 126
2 7 4 0 126
2 7 6 0 126
2 7 8 0 126
3 3 0 7 126
3 3 3 7 126
3 3 6 7 126
1 2 9 7 126
2 7 0 0 127
2 7 2 0 127
2 7 4 0 127
2 7 6 0 127
2 7 8 0 127
3 3 0 7 127
3 3 3 7 127
3 3 6 7 127
1 2 9 7 127
2 7 0 0 128
2 7 2 0 128
2 7 4 0 128
2 7 6 0 128
2 7 8 0 128
3 3 0 7 128
3 3 3 7 128
3 3 6 7 128
1 2 9 7 128
2 7 0 0 129
2 7 2 0 129
2 7 4 0 129
2 7 6 0 129
2 7 8 0 129
3 3 0 7 129
3 2 3 7 129
3 2 6 7 129
3 1 3 9 129
3 1 6 9 129
1 2 9 7 129
2 7 0 0 130
2 7 2 0 130
2 7 4 0 130
2 7 6 0 130
2 7 8 0 130
8 1 0 7 130
8 1 0 8 130
8 1 0 9 130
2 3 8 7 130
2 7 0 0 131
2 7 2 0 131
2 7 4 0 131
2 7 6 0 131
2 7 8 0 131
8 1 0 7 131
8 1 0 8 131
8 1 0 9 131
2 3 8 7 131
2 7 0 0 132
2 7 2 0 132
2 7 4 0 132
2 7 6 0 132
2 7 8 0 132
8 1 0 7 132
8 1 0 8 132
8 1 0 9 132
2 3 8 7 132
2 7 0 0 133
2 7 2 0 133
2 7 4 0 133
2 7 6 0 133
2 7 8 0 133
8 1 0 7 133
8 1 0 8 133
8 1 0 9 133
2 3 8 7 133
2 7 0 0 134
2 7 2 0 134
2 7 4 0 134
2 7 6 0 134
2 7 8 0 134
8 1 0 7 134
8 1 0 8 134
8 1 0 9 134
2 3 8 7 134
2 7 0 0 135
2 7 2 0 135
2 7 4 0 135
2 7 6 0 135
2 7 8 0 135
8 1 0 7 135
8 1 0 8 135
8 1 0 9 135
2 3 8 7 135
2 7 0 0 136
2 7 2 0 136
2 7 4 0 136
2 7 6 0 136
2 7 8 0 136
8 1 0 7 136
8 1 0 8 136
8 1 0 9 136
2 3 8 7 136
8 1 0 0 137
8 1 0 1 137
8 1 0 2 137
8 1 0 3 137
8 1 0 4 137
8 1 0 5 137
8 1 0 6 137
8 1 0 7 137
8 1 0 8 137
8 1 0 9 137
1 5 8 0 137
1 5 9 0 137
1 5 8 5 137
1 5 9 5 137
8 1 0 0 138
8 1 0 1 138
8 1 0 2 138
8 1 0 3 138
8 1 0 4 138
8 1 0 5 138
8 1 0 6 138
8 1 0 7 138
8 1 0 8 138
8 1 0 9 138
1 5 8 0 138
1 5 9 0 138
1 5 8 5 138
1 5 9 5 138
8 1 0 0 139
8 1 0 1 139
8 1 0 2 139
8 1 0 3 139
8 1 0 4 139
8 1 0 5 139
8 1 0 6 139
8 1 0 7 139
8 1 0 8 139
8 1 0 9 139
1 5 8 0 139
1 5 9 0 139
1 5 8 5 139
1 5 9 5 139
8 1 0 0 140
8 1 0 1 140
8 1 0 2 140
8 1 0 3 140
8 1 0 4 140
8 1 0 5 140
8 1 0 6 140
8 1 0 7 140
8 1 0 8 140
8 1 0 9 140
1 5 8 0 140
1 5 9 0 140
1 5 8 5 140
1 5 9 5 140
8 1 0 0 141
8 1 0 1 141
8 1 0 2 141
8 1 0 3 141
8 1 0 4 141
8 1 0 5 141
8 1 0 6 141
8 1 0 7 141
8 1 0 8 141
8 1 0 9 141
1 5 8 0 141
1 5 9 0 141
1 5 8 5 141
1 5 9 5 141
8 1 0 0 142
8 1 0 1 142
8 1 0 2 142
8 1 0 3 142
8 1 0 4 142
8 1 0 5 142
8 1 0 6 142
8 1 0 7 142
8 1 0 8 142
8 1 0 9 142
1 5 8 0 142
1 5 9 0 142
1 5 8 5 142
1 5 9 5 142
8 1 0 0 143
8 1 0 1 143
8 1 0 2 143
8 1 0 3 143
8 1 0 4 143
8 1 0 5 143
8 1 0 6 143
8 1 0 7 143
8 1 0 8 143
8 1 0 9 143
1 5 8 0 143
1 5 9 0 143
1 5 8 5 143
1 5 9 5 143
8 1 0 0 144
8 1 0 1 144
8 1 0 2 144
8 1 0 3 144
8 1 0 4 144
8 1 0 5 144
8 1 0 6 144
8 1 0 7 144
8 1 0 8 144
8 1 0 9 144
1 5 8 0 144
1 5 9 0 144
1 5 8 5 144
1 5 9 5 144
8 1 0 0 145
8 1 0 1 145
8 1 0 2 145
8 1 0 3 145
8 1 0 4 145
8 1 0 5 145
8 1 0 6 145
8 1 0 7 145
8 1 0 8 145
8 1 0 9 145
1 5 8 0 145
1 5 9 0 145
1 5 8 5 145
1 5 9 5 145
8 1 0 0 146
8 1 0 1 146
8 1 0 2 146
8 1 0 3 146
8 1 0 4 146
8 1 0 5 146
8 1 0 6 146
8 1 0 7 146
8 1 0 8 146
8 1 0 9 146
2 2 8 0 146
2 2 8 2 146
2 2 8 4 146
2 2 8 6 146
2 2 8 8 146
8 1 0 0 147
8 1 0 1 147
8 1 0 2 147
8 1 0 3 147
8 1 0 4 147
8 1 0 5 147
8 1 0 6 147
8 1 0 7 147
8 1 0 8 147
8 1 0 9 147
1 4 8 0 147
2 2 8 4 147
2 2 8 6 147
2 2 8 8 147
1 4 9 0 147
8 1 0 0 148
8 1 0 1 148
8 1 0 2 148
8 1 0 3 148
8 1 0 4 148
8 1 0 5 148
3 2 0 6 148
3 2 0 8 148
3 2 3 6 148
3 2 3 8 148
3 2 6 6 148
3 2 6 8 148
1 5 8 0 148
1 4 9 0 148
1 4 9 4 148
1 2 9 8 148
3 2 0 0 149
3 2 3 0 149
3 2 6 0 149
3 2 0 2 149
3 2 0 4 149
3 2 0 6 149
3 2 0 8 149
3 2 3 2 149
3 2 6 2 149
3 2 3 4 149
3 2 3 6 149
3 2 3 8 149
3 2 6 4 149
3 2 6 6 149
3 2 6 8 149
1 4 9 0 149
1 4 9 4 149
1 2 9 8 149
3 2 0 0 150
3 2 3 0 150
3 2 6 0 150
3 2 0 2 150
3 2 0 4 150
3 2 0 6 150
3 2 0 8 150
3 2 3 2 150
3 2 6 2 150
3 2 3 4 150
3 2 3 6 150
3 2 3 8 150
3 2 6 4 150
3 2 6 6 150
3 2 6 8 150
1 4 9 0 150
1 4 9 4 150
1 2 9 8 150
3 2 0 0 151
3 2 3 0 151
3 2 6 0 151
3 2 0 2 151
3 2 0 4 151
3 2 0 6 151
3 2 0 8 151
3 2 3 2 151
3 2 6 2 151
3 2 3 4 151
3 2 3 6 151
3 2 3 8 151
3 2 6 4 151
3 2 6 6 151
3 2 6 8 151
1 4 9 0 151
1 4 9 4 151
1 2 9 8 151
3 2 0 0 152
3 2 3 0 152
3 2 6 0 152
3 2 0 2 152
3 2 0 4 152
3 2 0 6 152
3 2 0 8 152
3 2 3 2 152
3 2 6 2 152
3 2 3 4 152
2 3 3 6 152
3 2 6 4 152
3 2 5 6 152
2 3 8 6 152
3 2 5 8 152
1 5 9 0 152
3 2 0 0 153
3 2 3 0 153
2 2 6 0 153
2 2 8 0 153
2 2 0 2 153
2 2 0 4 153
1 4 0 6 153
2 2 2 2 153
1 4 1 6 153
2 2 2 4 153
1 4 2 6 153
1 4 3 6 153
2 2 4 2 153
2 2 6 2 153
2 2 8 2 153
1 4 4 4 153
2 2 5 4 153
2 2 7 4 153
2 2 5 6 153
2 2 4 8 153
1 4 7 6 153
1 4 8 6 153
1 4 9 4 153
1 2 6 8 153
1 2 9 8 153
2 2 0 0 154
2 2 0 2 154
2 2 0 4 154
2 2 0 6 154
2 2 0 8 154
2 2 2 0 154
2 2 4 0 154
2 2 6 0 154
2 2 8 0 154
2 2 2 2 154
1 4 2 4 154
1 4 3 4 154
2 2 2 8 154
2 2 4 2 154
2 2 6 2 154
2 2 8 2 154
1 4 4 4 154
1 4 5 4 154
1 4 6 4 154
1 4 7 4 154
2 2 4 8 154
1 4 8 4 154
1 4 9 4 154
2 2 6 8 154
2 2 8 8 154
1 4 0 0 155
1 4 0 4 155
1 4 1 0 155
1 4 1 4 155
2 2 0 8 155
1 4 2 0 155
1 4 2 4 155
2 2 3 0 155
2 2 5 0 155
1 4 3 2 155
1 4 3 6 155
2 2 7 0 155
1 4 4 2 155
1 4 4 6 155
2 2 5 2 155
2 2 7 2 155
2 2 5 4 155
2 2 7 4 155
2 2 5 6 155
2 2 5 8 155
1 4 9 0 155
2 2 7 6 155
1 4 9 4 155
2 2 7 8 155
1 2 2 8 155
1 2 9 8 155
2 2 0 0 156
2 2 0 2 156
1 4 0 4 156
1 4 1 4 156
1 4 2 0 156
1 4 2 4 156
2 2 0 8 156
1 4 3 0 156
1 4 3 4 156
1 4 4 0 156
2 2 2 8 156
1 4 5 0 156
2 2 6 0 156
2 2 6 2 156
1 4 8 0 156
2 2 4 4 156
1 4 9 0 156
1 4 4 6 156
2 2 6 4 156
1 4 5 6 156
2 2 8 4 156
2 2 6 6 156
2 2 6 8 156
2 2 8 6 156
2 2 8 8 156
2 2 0 0 157
2 2 0 2 157
2 2 0 4 157
2 2 0 6 157
1 4 2 0 157
2 2 0 8 157
2 2 3 0 157
2 2 5 0 157
1 4 2 4 157
2 2 7 0 157
1 4 3 2 157
2 2 4 2 157
1 4 3 6 157
2 2 6 2 157
1 4 4 4 157
1 4 5 4 157
1 4 6 4 157
2 2 8 2 157
2 2 4 8 157
2 2 7 4 157
2 2 7 6 157
1 4 9 4 157
2 2 6 8 157
2 2 8 8 157
1 2 2 8 157
1 2 9 0 157
1 4 0 0 158
2 2 1 0 158
1 4 0 4 158
1 4 1 2 158
2 2 3 0 158
2 2 5 0 158
2 2 7 0 158
1 4 1 6 158
1 4 2 2 158
2 2 3 2 158
2 2 5 2 158
2 2 7 2 158
1 4 2 6 158
1 4 9 0 158
2 2 3 4 158
2 2 3 6 158
2 2 3 8 158
1 4 5 4 158
2 2 6 4 158
2 2 8 4 158
1 4 6 6 158
1 4 7 6 158
1 4 8 6 158
1 4 9 6 158
1 2 0 8 158
1 2 5 8 158
2 2 0 0 159
1 4 0 2 159
1 4 1 2 159
1 4 0 6 159
1 4 1 6 159
1 4 2 0 159
2 2 3 0 159
1 4 2 4 159
1 4 3 2 159
2 2 5 0 159
2 2 7 0 159
2 2 4 2 159
2 2 6 2 159
2 2 8 2 159
2 2 4 4 159
2 2 3 6 159
1 4 6 4 159
1 4 7 4 159
1 4 8 4 159
2 2 2 8 159
1 4 9 4 159
2 2 4 8 159
2 2 6 8 159
2 2 8 8 159
1 2 9 0 159
1 2 5 6 159
1 4 0 0 160
2 2 1 0 160
1 4 0 4 160
2 2 3 0 160
1 4 1 2 160
2 2 5 0 160
2 2 7 0 160
2 2 2 2 160
2 2 2 4 160
1 4 1 6 160
1 4 2 6 160
2 2 4 2 160
1 4 3 6 160
1 4 4 4 160
2 2 6 2 160
1 4 5 4 160
2 2 8 2 160
1 4 6 4 160
1 4 7 4 160
2 2 4 8 160
2 2 6 8 160
1 4 8 4 160
1 4 9 4 160
2 2 8 8 160
1 2 0 8 160
1 2 9 0 160
1 4 0 0 161
1 4 0 4 161
1 4 1 0 161
1 4 1 4 161
1 4 2 0 161
1 4 2 4 161
1 4 3 0 161
2 2 0 8 161
2 2 4 0 161
2 2 6 0 161
2 2 8 0 161
2 2 4 2 161
1 4 3 4 161
2 2 2 8 161
1 4 4 4 161
2 2 6 2 161
1 4 5 4 161
1 4 6 4 161
1 4 7 4 161
1 4 8 2 161
1 4 9 2 161
1 4 8 6 161
1 4 9 6 161
2 2 4 8 161
2 2 6 8 161
2 2 0 0 162
1 4 0 2 162
1 4 1 2 162
2 2 0 6 162
1 4 2 0 162
2 2 0 8 162
1 4 2 4 162
2 2 3 0 162
1 4 3 2 162
2 2 5 0 162
2 2 7 0 162
1 4 3 6 162
1 4 4 2 162
2 2 5 2 162
2 2 7 2 162
2 2 5 4 162
1 4 9 0 162
1 4 4 6 162
1 4 5 6 162
1 4 6 6 162
2 2 7 4 162
1 4 7 6 162
2 2 8 6 162
2 2 8 8 162
1 2 2 8 162
1 2 9 4 162
1 4 0 0 163
2 2 1 0 163
2 2 3 0 163
2 2 5 0 163
2 2 7 0 163
2 2 1 2 163
2 2 0 4 163
1 4 0 6 163
1 4 1 6 163
1 4 2 4 163
2 2 3 2 163
1 4 3 4 163
1 4 4 4 163
2 2 2 8 163
2 2 5 2 163
1 4 5 4 163
1 4 6 4 163
1 4 7 2 163
1 4 8 2 163
1 4 7 6 163
1 4 8 6 163
1 4 9 0 163
2 2 4 8 163
1 4 9 4 163
1 2 6 8 163
1 2 9 8 163
3 1 0 0 164
3 1 3 0 164
3 1 6 0 164
3 1 0 1 164
3 1 3 1 164
3 1 6 1 164
3 1 0 2 164
3 1 0 3 164
3 1 0 4 164
3 1 0 5 164
3 1 0 6 164
3 1 0 7 164
3 1 0 8 164
3 1 0 9 164
3 1 3 2 164
3 1 6 2 164
3 1 3 3 164
3 1 6 3 164
3 1 3 4 164
3 1 6 4 164
3 1 3 5 164
3 1 3 6 164
3 1 3 7 164
3 1 3 8 164
3 1 3 9 164
3 1 6 5 164
3 1 6 6 164
3 1 6 7 164
3 1 6 8 164
3 1 6 9 164
1 2 9 0 164
1 2 9 2 164
1 2 9 4 164
1 2 9 6 164
1 2 9 8 164
3 1 0 0 165
3 1 3 0 165
3 1 6 0 165
3 1 0 1 165
3 1 3 1 165
3 1 6 1 165
3 1 0 2 165
3 1 0 3 165
3 1 0 4 165
3 1 0 5 165
3 1 0 6 165
3 1 0 7 165
3 1 0 8 165
3 1 0 9 165
3 1 3 2 165
3 1 6 2 165
3 1 3 3 165
3 1 6 3 165
3 1 3 4 165
3 1 6 4 165
3 1 3 5 165
3 1 3 6 165
3 1 3 7 165
3 1 3 8 165
3 1 3 9 165
3 1 6 5 165
3 1 6 6 165
3 1 6 7 165
3 1 6 8 165
3 1 6 9 165
1 2 9 0 165
1 2 9 2 165
1 2 9 4 165
1 2 9 6 165
1 2 9 8 165
3 1 0 0 166
3 1 3 0 166
3 1 6 0 166
3 1 0 1 166
3 1 3 1 166
1 2 0 2 166
1 2 0 4 166
1 2 0 6 166
1 2 0 8 166
1 2 1 2 166
1 2 1 4 166
1 2 1 6 166
1 2 1 8 166
1 2 2 2 166
1 2 2 4 166
1 2 2 6 166
1 2 2 8 166
1 2 3 2 166
1 2 3 4 166
1 2 3 6 166
1 2 3 8 166
1 2 4 2 166
1 2 5 2 166
1 2 6 1 166
1 2 7 1 166
1 2 8 1 166
1 2 9 0 166
1 2 9 2 166
1 2 4 4 166
1 2 4 6 166
1 2 4 8 166
1 2 5 4 166
1 2 5 6 166
1 2 5 8 166
1 2 6 4 166
1 2 7 4 166
1 2 8 4 166
1 2 9 4 166
1 2 6 6 166
1 2 6 8 166
1 2 7 6 166
1 2 7 8 166
1 2 8 6 166
1 2 9 6 166
1 2 8 8 166
1 2 9 8 166
3 1 6 3 166
1 2 0 0 167
1 2 0 2 167
1 2 0 4 167
1 2 0 6 167
1 2 0 8 167
1 2 1 0 167
1 2 1 2 167
1 2 1 4 167
1 2 1 6 167
1 2 1 8 167
1 2 2 0 167
1 2 3 0 167
1 2 4 0 167
1 2 5 0 167
1 2 6 0 167
1 2 7 0 167
1 2 8 0 167
1 2 9 0 167
1 2 2 2 167
1 2 2 4 167
1 2 2 6 167
1 2 2 8 167
1 2 3 2 167
1 2 3 4 167
1 2 3 6 167
1 2 3 8 167
1 2 4 2 167
1 2 5 2 167
1 2 6 2 167
1 2 7 2 167
1 2 8 2 167
1 2 9 2 167
1 2 4 4 167
1 2 4 6 167
1 2 4 8 167
1 2 5 4 167
1 2 5 6 167
4 6 6 4 167
1 2 5 8 167
4 9 0 0 168
4 9 4 0 168
2 7 8 0 168
8 1 0 9 168
2 2 8 7 168
4 9 0 0 169
4 9 4 0 169
2 7 8 0 169
8 1 0 9 169
2 2 8 7 169
4 9 0 0 170
4 9 4 0 170
2 7 8 0 170
8 1 0 9 170
2 2 8 7 170
4 9 0 0 171
4 9 4 0 171
2 7 8 0 171
8 1 0 9 171
2 2 8 7 171
4 9 0 0 172
4 9 4 0 172
2 7 8 0 172
8 1 0 9 172
2 2 8 7 172
4 9 0 0 173
4 9 4 0 173
2 7 8 0 173
8 1 0 9 173
1 2 8 7 173
4 9 0 0 174
4 9 4 0 174
2 7 8 0 174
8 1 0 9 174
4 9 0 0 175
4 9 4 0 175
2 7 8 0 175
8 1 0 9 175
4 9 0 0 176
4 9 4 0 176
2 7 8 0 176
8 1 0 9 176
4 9 0 0 177
4 9 4 0 177
2 7 8 0 177
8 1 0 9 177
4 9 0 0 178
4 9 4 0 178
2 7 8 0 178
8 1 0 9 178
4 9 0 0 179
4 9 4 0 179
2 7 8 0 179
8 1 0 9 179
4 9 0 0 180
4 9 4 0 180
2 7 8 0 180
8 1 0 9 180
4 9 0 0 181
4 9 4 0 181
2 7 8 0 181
8 1 0 9 181
4 9 0 0 182
4 9 4 0 182
2 7 8 0 182
8 1 0 9 182
4 9 0 0 183
4 9 4 0 183
2 7 8 0 183
8 1 0 9 183
4 9 0 0 184
4 9 4 0 184
2 7 8 0 184
8 1 0 9 184
4 9 0 0 185
4 9 4 0 185
2 7 8 0 185
8 1 0 9 185
4 9 0 0 186
4 9 4 0 186
2 7 8 0 186
8 1 0 9 186
4 9 0 0 187
4 9 4 0 187
2 7 8 0 187
8 1 0 9 187
4 9 0 0 188
4 9 4 0 188
2 7 8 0 188
8 1 0 9 188
4 9 0 0 189
4 9 4 0 189
2 7 8 0 189
8 1 0 9 189
4 9 0 0 190
4 9 4 0 190
2 7 8 0 190
8 1 0 9 190
4 9 0 0 191
4 9 4 0 191
2 7 8 0 191
4 9 0 0 192
4 9 4 0 192
2 7 8 0 192
4 9 0 0 193
4 9 4 0 193
2 7 8 0 193
4 9 0 0 194
4 9 4 0 194
2 7 8 0 194
4 9 0 0 195
4 9 4 0 195
4 9 0 0 196
4 9 4 0 196
4 9 0 0 197
4 9 4 0 197
4 6 0 0 198
4 6 4 0 198
6 3 0 6 198
3 2 6 6 198
3 2 6 8 198
1 4 9 6 198
1 4 8 0 198
1 4 9 0 198
2 2 8 4 198
3 1 0 9 198
3 1 3 9 198
4 6 0 0 199
4 6 4 0 199
6 3 0 6 199
3 2 6 6 199
3 2 6 8 199
1 4 9 6 199
1 4 8 0 199
1 4 9 0 199
2 2 8 4 199
3 1 0 9 199
3 1 3 9 199
4 6 0 0 200
4 6 4 0 200
6 3 0 6 200
3 2 6 6 200
3 2 6 8 200
1 4 9 6 200
1 4 8 0 200
2 2 8 4 200
1 4 9 0 200
4 6 0 0 201
4 6 4 0 201
6 3 0 6 201
3 2 6 6 201
3 2 6 8 201
1 4 9 6 201
1 4 8 0 201
1 4 9 0 201
2 2 8 4 201
4 6 0 0 202
4 6 4 0 202
6 3 0 6 202
3 2 6 6 202
3 2 6 8 202
1 4 9 6 202
1 4 8 0 202
1 4 9 0 202
2 2 8 4 202
4 6 0 0 203
4 6 4 0 203
6 3 0 6 203
3 2 6 6 203
3 2 6 8 203
1 4 9 6 203
1 4 8 0 203
1 4 9 0 203
2 2 8 4 203
4 6 0 0 204
4 6 4 0 204
6 3 0 6 204
1 4 8 0 204
2 2 8 4 204
4 6 0 0 205
4 6 4 0 205
6 3 0 6 205
4 6 0 0 206
4 6 4 0 206
6 3 0 6 206
4 6 0 0 207
6 3 4 0 207
6 3 4 3 207
6 3 0 6 207
6 3 0 0 208
6 3 0 3 208
6 3 0 6 208
4 9 6 0 208
6 3 0 0 209
6 3 0 3 209
6 3 0 6 209
4 9 6 0 209
6 3 0 0 210
6 3 0 3 210
6 3 0 6 210
4 9 6 0 210
6 3 0 0 211
6 3 0 3 211
6 3 0 6 211
4 9 6 0 211
6 3 0 0 212
6 3 0 3 212
6 3 0 6 212
4 9 6 0 212
6 3 0 0 213
6 3 0 3 213
6 3 0 6 213
4 9 6 0 213
6 3 0 0 214
6 3 0 3 214
6 3 0 6 214
4 9 6 0 214
6 3 0 0 215
6 3 0 3 215
6 3 0 6 215
4 9 6 0 215
6 3 0 0 216
6 3 0 3 216
6 3 0 6 216
4 9 6 0 216
6 3 0 0 217
6 3 0 3 217
6 3 0 6 217
4 9 6 0 217
6 3 0 0 218
6 3 0 3 218
6 3 0 6 218
4 9 6 0 218
6 3 0 0 219
6 3 0 3 219
6 3 0 6 219
4 9 6 0 219
6 3 0 0 220
6 3 0 3 220
6 3 0 6 220
4 9 6 0 220
6 3 0 0 221
6 3 0 3 221
6 3 0 6 221
4 9 6 0 221
6 3 0 0 222
6 3 0 3 222
6 3 0 6 222
4 9 6 0 222
4 9 0 0 223
4 9 4 0 223
4 9 0 0 224
4 9 4 0 224
4 9 0 0 225
4 9 4 0 225
4 9 0 0 226
4 9 4 0 226
4 9 0 0 227
4 9 4 0 227
4 9 0 0 228
4 9 4 0 228
4 9 0 0 229
4 9 4 0 229
4 9 0 0 230
4 9 4 0 230
4 9 0 0 231
4 9 4 0 231
4 9 0 0 232
4 9 4 0 232
4 9 0 0 233
4 9 4 0 233
4 6 0 0 234
4 6 4 0 234
6 3 0 6 234
4 6 0 0 235
4 6 4 0 235
6 3 0 6 235
4 6 0 0 236
4 6 4 0 236
6 3 0 6 236
4 6 0 0 237
4 6 4 0 237
6 3 0 6 237
4 6 0 0 238
4 6 4 0 238
6 3 0 6 238
6 3 0 0 239
6 3 0 3 239
6 3 0 6 239
4 9 6 0 239
6 3 0 0 240
6 3 0 3 240
6 3 0 6 240
4 9 6 0 240
6 3 0 0 241
6 3 0 3 241
6 3 0 6 241
4 9 6 0 241
6 3 0 0 242
6 3 0 3 242
6 3 0 6 242
4 9 6 0 242
6 3 0 0 243
6 3 0 3 243
6 3 0 6 243
4 9 6 0 243
4 9 0 0 244
4 9 4 0 244
4 9 0 0 245
4 9 4 0 245
4 9 0 0 246
4 9 4 0 246
4 9 0 0 247
4 9 4 0 247
4 9 0 0 248
4 6 4 0 248
6 3 4 6 248
4 6 0 0 249
4 6 4 0 249
6 3 0 6 249
4 6 0 0 250
4 6 4 0 250
6 3 0 6 250
6 3 0 0 251
6 3 0 3 251
6 3 0 6 251
4 9 6 0 251
6 3 0 0 252
6 3 0 3 252
4 9 6 0 252
6 3 0 6 252
4 9 0 0 253
4 9 4 0 253
4 9 0 0 254
4 6 4 0 254
6 3 4 6 254
4 6 0 0 255
4 6 4 0 255
6 3 0 6 255
4 9 0 0 256
4 9 4 0 256
4 9 0 0 257
4 9 4 0 257
4 6 0 0 258
4 6 4 0 258
