% State of a bin packing problem:
%
% Bin number: 1387
% Total uncovered points: 10373
% Total covered points: 128327
% Number of boxes: 4744
% Unused boxes: 0
% Runtime: None
%
% Bin size:
10 10
%
% Boxes (width, height) not in some bins:
%
% Boxes (width, height, x_position, y_position, bin_id) in bins:
9 9 0 0 0
1 7 9 0 0
7 1 0 9 0
9 9 0 0 1
1 7 9 0 1
7 1 0 9 1
9 9 0 0 2
1 7 9 0 2
7 1 0 9 2
9 9 0 0 3
7 1 0 9 3
1 7 9 0 3
9 9 0 0 4
7 1 0 9 4
1 7 9 0 4
9 9 0 0 5
7 1 0 9 5
1 7 9 0 5
9 9 0 0 6
7 1 0 9 6
1 7 9 0 6
9 9 0 0 7
7 1 0 9 7
1 7 9 0 7
9 9 0 0 8
7 1 0 9 8
1 7 9 0 8
9 9 0 0 9
7 1 0 9 9
1 7 9 0 9
9 9 0 0 10
7 1 0 9 10
1 7 9 0 10
9 9 0 0 11
7 1 0 9 11
1 7 9 0 11
9 9 0 0 12
7 1 0 9 12
1 7 9 0 12
9 9 0 0 13
7 1 0 9 13
1 7 9 0 13
9 9 0 0 14
7 1 0 9 14
1 7 9 0 14
9 9 0 0 15
7 1 0 9 15
1 7 9 0 15
9 9 0 0 16
7 1 0 9 16
1 7 9 0 16
9 9 0 0 17
7 1 0 9 17
1 7 9 0 17
9 9 0 0 18
7 1 0 9 18
1 7 9 0 18
9 9 0 0 19
7 1 0 9 19
1 7 9 0 19
9 9 0 0 20
7 1 0 9 20
1 7 9 0 20
9 9 0 0 21
7 1 0 9 21
1 7 9 0 21
9 9 0 0 22
7 1 0 9 22
1 7 9 0 22
9 9 0 0 23
7 1 0 9 23
1 7 9 0 23
9 9 0 0 24
7 1 0 9 24
1 7 9 0 24
9 9 0 0 25
7 1 0 9 25
1 7 9 0 25
9 9 0 0 26
7 1 0 9 26
1 7 9 0 26
9 9 0 0 27
7 1 0 9 27
1 7 9 0 27
9 9 0 0 28
7 1 0 9 28
1 8 9 0 28
9 9 0 0 29
7 1 0 9 29
1 8 9 0 29
9 9 0 0 30
7 1 0 9 30
1 8 9 0 30
9 9 0 0 31
7 1 0 9 31
1 8 9 0 31
9 9 0 0 32
7 1 0 9 32
1 8 9 0 32
9 9 0 0 33
7 1 0 9 33
1 8 9 0 33
9 9 0 0 34
7 1 0 9 34
1 8 9 0 34
9 9 0 0 35
7 1 0 9 35
1 8 9 0 35
9 9 0 0 36
7 1 0 9 36
1 8 9 0 36
9 9 0 0 37
7 1 0 9 37
1 8 9 0 37
9 9 0 0 38
7 1 0 9 38
1 8 9 0 38
9 9 0 0 39
7 1 0 9 39
1 8 9 0 39
9 9 0 0 40
8 1 0 9 40
1 8 9 0 40
9 9 0 0 41
8 1 0 9 41
1 8 9 0 41
9 9 0 0 42
8 1 0 9 42
1 8 9 0 42
9 9 0 0 43
8 1 0 9 43
1 8 9 0 43
9 9 0 0 44
8 1 0 9 44
1 8 9 0 44
9 9 0 0 45
8 1 0 9 45
1 8 9 0 45
9 9 0 0 46
8 1 0 9 46
1 8 9 0 46
9 9 0 0 47
8 1 0 9 47
1 8 9 0 47
9 9 0 0 48
8 1 0 9 48
1 8 9 0 48
9 9 0 0 49
8 1 0 9 49
1 8 9 0 49
9 9 0 0 50
8 1 0 9 50
1 8 9 0 50
9 9 0 0 51
8 1 0 9 51
1 8 9 0 51
9 9 0 0 52
8 1 0 9 52
1 8 9 0 52
9 9 0 0 53
8 1 0 9 53
1 8 9 0 53
9 9 0 0 54
8 1 0 9 54
1 8 9 0 54
9 9 0 0 55
8 1 0 9 55
1 8 9 0 55
9 9 0 0 56
8 1 0 9 56
1 8 9 0 56
9 9 0 0 57
8 1 0 9 57
1 8 9 0 57
9 9 0 0 58
8 1 0 9 58
1 8 9 0 58
9 9 0 0 59
8 1 0 9 59
1 8 9 0 59
9 9 0 0 60
8 1 0 9 60
1 8 9 0 60
9 9 0 0 61
8 1 0 9 61
1 8 9 0 61
9 9 0 0 62
8 1 0 9 62
1 8 9 0 62
9 9 0 0 63
8 1 0 9 63
1 8 9 0 63
9 9 0 0 64
8 1 0 9 64
1 8 9 0 64
9 9 0 0 65
8 1 0 9 65
1 8 9 0 65
9 9 0 0 66
8 1 0 9 66
1 8 9 0 66
9 9 0 0 67
8 1 0 9 67
1 8 9 0 67
9 9 0 0 68
8 1 0 9 68
1 8 9 0 68
9 9 0 0 69
8 1 0 9 69
1 8 9 0 69
9 9 0 0 70
8 1 0 9 70
1 8 9 0 70
9 9 0 0 71
8 1 0 9 71
1 8 9 0 71
9 9 0 0 72
8 1 0 9 72
1 8 9 0 72
9 9 0 0 73
8 1 0 9 73
1 8 9 0 73
9 9 0 0 74
8 1 0 9 74
1 8 9 0 74
9 9 0 0 75
8 1 0 9 75
1 8 9 0 75
9 9 0 0 76
8 1 0 9 76
1 8 9 0 76
9 9 0 0 77
8 1 0 9 77
1 8 9 0 77
9 9 0 0 78
8 1 0 9 78
1 8 9 0 78
9 9 0 0 79
8 1 0 9 79
1 8 9 0 79
9 9 0 0 80
8 1 0 9 80
1 8 9 0 80
9 9 0 0 81
8 1 0 9 81
1 8 9 0 81
9 9 0 0 82
8 1 0 9 82
1 8 9 0 82
9 9 0 0 83
8 1 0 9 83
1 8 9 0 83
9 9 0 0 84
8 1 0 9 84
1 8 9 0 84
9 9 0 0 85
8 1 0 9 85
1 8 9 0 85
9 9 0 0 86
8 1 0 9 86
1 8 9 0 86
9 9 0 0 87
8 1 0 9 87
1 8 9 0 87
9 9 0 0 88
8 1 0 9 88
1 8 9 0 88
9 9 0 0 89
8 1 0 9 89
1 8 9 0 89
9 9 0 0 90
8 1 0 9 90
1 8 9 0 90
9 9 0 0 91
8 1 0 9 91
1 8 9 0 91
9 9 0 0 92
8 1 0 9 92
1 8 9 0 92
9 9 0 0 93
8 1 0 9 93
1 8 9 0 93
9 9 0 0 94
8 1 0 9 94
1 8 9 0 94
9 9 0 0 95
8 1 0 9 95
1 8 9 0 95
9 9 0 0 96
8 1 0 9 96
1 8 9 0 96
9 9 0 0 97
8 1 0 9 97
1 8 9 0 97
9 9 0 0 98
8 1 0 9 98
1 8 9 0 98
9 9 0 0 99
8 1 0 9 99
1 8 9 0 99
9 9 0 0 100
8 1 0 9 100
1 8 9 0 100
9 9 0 0 101
8 1 0 9 101
1 8 9 0 101
9 9 0 0 102
1 8 9 0 102
8 1 0 9 102
9 9 0 0 103
1 8 9 0 103
8 1 0 9 103
9 9 0 0 104
1 8 9 0 104
8 1 0 9 104
9 9 0 0 105
1 8 9 0 105
8 1 0 9 105
9 9 0 0 106
1 8 9 0 106
8 1 0 9 106
9 9 0 0 107
1 8 9 0 107
8 1 0 9 107
9 9 0 0 108
1 8 9 0 108
8 1 0 9 108
9 9 0 0 109
1 8 9 0 109
8 1 0 9 109
9 9 0 0 110
1 8 9 0 110
8 1 0 9 110
9 9 0 0 111
1 8 9 0 111
8 1 0 9 111
9 9 0 0 112
1 8 9 0 112
8 1 0 9 112
9 9 0 0 113
1 8 9 0 113
8 1 0 9 113
9 9 0 0 114
1 8 9 0 114
8 1 0 9 114
9 9 0 0 115
1 8 9 0 115
8 1 0 9 115
9 9 0 0 116
1 8 9 0 116
8 1 0 9 116
9 9 0 0 117
1 8 9 0 117
8 1 0 9 117
9 9 0 0 118
1 8 9 0 118
8 1 0 9 118
9 9 0 0 119
1 8 9 0 119
8 1 0 9 119
9 9 0 0 120
1 8 9 0 120
8 1 0 9 120
9 9 0 0 121
1 8 9 0 121
8 1 0 9 121
9 9 0 0 122
1 8 9 0 122
8 1 0 9 122
9 9 0 0 123
1 8 9 0 123
8 1 0 9 123
9 9 0 0 124
1 8 9 0 124
8 1 0 9 124
9 9 0 0 125
1 8 9 0 125
8 1 0 9 125
9 9 0 0 126
1 8 9 0 126
8 1 0 9 126
9 9 0 0 127
1 8 9 0 127
8 1 0 9 127
9 9 0 0 128
1 8 9 0 128
8 1 0 9 128
9 9 0 0 129
1 8 9 0 129
8 1 0 9 129
9 9 0 0 130
1 8 9 0 130
8 1 0 9 130
9 9 0 0 131
1 8 9 0 131
8 1 0 9 131
9 9 0 0 132
1 8 9 0 132
8 1 0 9 132
9 9 0 0 133
1 8 9 0 133
8 1 0 9 133
9 9 0 0 134
1 8 9 0 134
8 1 0 9 134
9 9 0 0 135
1 8 9 0 135
8 1 0 9 135
9 9 0 0 136
1 8 9 0 136
8 1 0 9 136
9 9 0 0 137
1 8 9 0 137
8 1 0 9 137
9 9 0 0 138
1 8 9 0 138
8 1 0 9 138
9 9 0 0 139
1 8 9 0 139
8 1 0 9 139
9 9 0 0 140
1 8 9 0 140
8 1 0 9 140
9 9 0 0 141
1 8 9 0 141
8 1 0 9 141
9 9 0 0 142
1 8 9 0 142
8 1 0 9 142
9 9 0 0 143
1 8 9 0 143
8 1 0 9 143
9 9 0 0 144
1 8 9 0 144
8 1 0 9 144
9 9 0 0 145
1 8 9 0 145
8 1 0 9 145
9 9 0 0 146
1 8 9 0 146
8 1 0 9 146
9 9 0 0 147
1 8 9 0 147
8 1 0 9 147
9 9 0 0 148
1 8 9 0 148
8 1 0 9 148
9 9 0 0 149
1 8 9 0 149
8 1 0 9 149
9 9 0 0 150
1 8 9 0 150
8 1 0 9 150
9 9 0 0 151
1 8 9 0 151
8 1 0 9 151
9 9 0 0 152
1 8 9 0 152
8 1 0 9 152
9 9 0 0 153
1 8 9 0 153
8 1 0 9 153
9 9 0 0 154
1 8 9 0 154
8 1 0 9 154
9 9 0 0 155
1 8 9 0 155
8 1 0 9 155
9 9 0 0 156
1 8 9 0 156
8 1 0 9 156
9 9 0 0 157
1 8 9 0 157
8 1 0 9 157
9 9 0 0 158
1 8 9 0 158
9 1 0 9 158
9 9 0 0 159
1 8 9 0 159
9 1 0 9 159
9 9 0 0 160
1 8 9 0 160
9 1 0 9 160
9 9 0 0 161
1 8 9 0 161
9 1 0 9 161
9 9 0 0 162
1 8 9 0 162
9 1 0 9 162
9 9 0 0 163
1 9 9 0 163
9 1 0 9 163
9 9 0 0 164
1 9 9 0 164
9 1 0 9 164
9 9 0 0 165
1 9 9 0 165
9 1 0 9 165
9 9 0 0 166
1 9 9 0 166
9 1 0 9 166
9 9 0 0 167
1 9 9 0 167
9 1 0 9 167
9 9 0 0 168
9 1 0 9 168
1 9 9 0 168
9 9 0 0 169
9 1 0 9 169
1 9 9 0 169
9 9 0 0 170
9 1 0 9 170
1 9 9 0 170
9 9 0 0 171
9 1 0 9 171
1 9 9 0 171
9 9 0 0 172
9 1 0 9 172
1 9 9 0 172
9 9 0 0 173
9 1 0 9 173
1 9 9 0 173
9 9 0 0 174
9 1 0 9 174
1 9 9 0 174
9 9 0 0 175
9 1 0 9 175
1 9 9 0 175
9 9 0 0 176
9 1 0 9 176
1 9 9 0 176
9 9 0 0 177
9 1 0 9 177
1 9 9 0 177
9 9 0 0 178
9 1 0 9 178
1 9 9 0 178
9 9 0 0 179
9 1 0 9 179
1 9 9 0 179
9 9 0 0 180
9 1 0 9 180
1 9 9 0 180
9 9 0 0 181
9 1 0 9 181
1 9 9 0 181
9 9 0 0 182
9 1 0 9 182
1 9 9 0 182
9 9 0 0 183
9 1 0 9 183
1 9 9 0 183
9 9 0 0 184
9 1 0 9 184
1 9 9 0 184
9 9 0 0 185
9 1 0 9 185
1 9 9 0 185
9 9 0 0 186
9 1 0 9 186
1 9 9 0 186
9 9 0 0 187
9 1 0 9 187
1 9 9 0 187
9 9 0 0 188
9 1 0 9 188
1 9 9 0 188
9 9 0 0 189
9 1 0 9 189
1 9 9 0 189
9 9 0 0 190
9 1 0 9 190
1 9 9 0 190
9 9 0 0 191
9 1 0 9 191
1 9 9 0 191
9 9 0 0 192
9 1 0 9 192
1 9 9 0 192
9 9 0 0 193
9 1 0 9 193
1 9 9 0 193
9 9 0 0 194
9 1 0 9 194
1 9 9 0 194
9 9 0 0 195
9 1 0 9 195
1 9 9 0 195
9 9 0 0 196
9 1 0 9 196
1 9 9 0 196
9 9 0 0 197
9 1 0 9 197
1 9 9 0 197
9 9 0 0 198
9 1 0 9 198
1 9 9 0 198
9 9 0 0 199
9 1 0 9 199
1 9 9 0 199
9 9 0 0 200
9 1 0 9 200
1 9 9 0 200
9 9 0 0 201
9 1 0 9 201
1 9 9 0 201
9 9 0 0 202
9 1 0 9 202
1 9 9 0 202
9 9 0 0 203
9 1 0 9 203
1 9 9 0 203
9 9 0 0 204
9 1 0 9 204
1 9 9 0 204
9 9 0 0 205
9 1 0 9 205
1 9 9 0 205
9 9 0 0 206
9 1 0 9 206
1 9 9 0 206
9 9 0 0 207
9 1 0 9 207
1 9 9 0 207
9 9 0 0 208
9 1 0 9 208
1 9 9 0 208
9 9 0 0 209
9 1 0 9 209
1 9 9 0 209
9 9 0 0 210
9 1 0 9 210
1 9 9 0 210
9 9 0 0 211
9 1 0 9 211
1 9 9 0 211
9 9 0 0 212
9 1 0 9 212
1 9 9 0 212
9 9 0 0 213
9 1 0 9 213
1 9 9 0 213
9 9 0 0 214
9 1 0 9 214
1 9 9 0 214
9 9 0 0 215
9 1 0 9 215
1 9 9 0 215
9 9 0 0 216
9 1 0 9 216
1 9 9 0 216
9 9 0 0 217
9 1 0 9 217
1 9 9 0 217
9 9 0 0 218
9 1 0 9 218
1 9 9 0 218
9 9 0 0 219
9 1 0 9 219
1 9 9 0 219
9 9 0 0 220
9 1 0 9 220
1 9 9 0 220
9 9 0 0 221
9 1 0 9 221
1 9 9 0 221
9 9 0 0 222
9 1 0 9 222
1 9 9 0 222
9 9 0 0 223
9 1 0 9 223
1 9 9 0 223
9 9 0 0 224
9 1 0 9 224
1 9 9 0 224
9 9 0 0 225
9 1 0 9 225
1 9 9 0 225
9 9 0 0 226
9 1 0 9 226
1 9 9 0 226
9 9 0 0 227
9 1 0 9 227
1 9 9 0 227
9 9 0 0 228
9 1 0 9 228
1 9 9 0 228
9 9 0 0 229
9 1 0 9 229
1 9 9 0 229
9 9 0 0 230
9 1 0 9 230
1 9 9 0 230
9 9 0 0 231
9 1 0 9 231
1 9 9 0 231
9 9 0 0 232
9 1 0 9 232
1 9 9 0 232
9 9 0 0 233
9 1 0 9 233
1 9 9 0 233
9 9 0 0 234
9 1 0 9 234
1 9 9 0 234
9 9 0 0 235
9 1 0 9 235
1 9 9 0 235
9 9 0 0 236
9 1 0 9 236
1 9 9 0 236
9 9 0 0 237
9 1 0 9 237
1 9 9 0 237
9 9 0 0 238
9 1 0 9 238
1 9 9 0 238
9 9 0 0 239
9 1 0 9 239
1 9 9 0 239
9 9 0 0 240
9 1 0 9 240
1 9 9 0 240
9 9 0 0 241
9 1 0 9 241
1 9 9 0 241
9 9 0 0 242
9 1 0 9 242
1 9 9 0 242
9 9 0 0 243
9 1 0 9 243
1 9 9 0 243
9 9 0 0 244
9 1 0 9 244
1 9 9 0 244
9 9 0 0 245
9 1 0 9 245
1 9 9 0 245
9 9 0 0 246
9 1 0 9 246
1 9 9 0 246
9 9 0 0 247
9 1 0 9 247
1 9 9 0 247
9 9 0 0 248
9 1 0 9 248
1 9 9 0 248
9 9 0 0 249
9 1 0 9 249
1 9 9 0 249
9 9 0 0 250
9 1 0 9 250
1 9 9 0 250
9 9 0 0 251
9 1 0 9 251
1 9 9 0 251
9 9 0 0 252
9 1 0 9 252
1 9 9 0 252
9 9 0 0 253
9 1 0 9 253
1 9 9 0 253
9 9 0 0 254
9 1 0 9 254
1 9 9 0 254
9 9 0 0 255
9 1 0 9 255
1 9 9 0 255
9 9 0 0 256
9 1 0 9 256
1 9 9 0 256
9 9 0 0 257
9 1 0 9 257
1 9 9 0 257
9 9 0 0 258
9 1 0 9 258
1 9 9 0 258
9 9 0 0 259
9 1 0 9 259
1 9 9 0 259
9 9 0 0 260
9 1 0 9 260
1 9 9 0 260
9 9 0 0 261
9 1 0 9 261
1 9 9 0 261
9 9 0 0 262
9 1 0 9 262
1 9 9 0 262
9 9 0 0 263
9 1 0 9 263
1 9 9 0 263
9 9 0 0 264
9 1 0 9 264
1 9 9 0 264
9 9 0 0 265
9 1 0 9 265
1 9 9 0 265
9 9 0 0 266
9 1 0 9 266
1 9 9 0 266
9 9 0 0 267
9 1 0 9 267
1 9 9 0 267
9 9 0 0 268
9 1 0 9 268
1 9 9 0 268
9 9 0 0 269
9 1 0 9 269
1 9 9 0 269
9 9 0 0 270
9 1 0 9 270
1 9 9 0 270
9 9 0 0 271
9 1 0 9 271
1 9 9 0 271
9 9 0 0 272
9 1 0 9 272
1 9 9 0 272
9 9 0 0 273
9 1 0 9 273
1 9 9 0 273
9 9 0 0 274
9 1 0 9 274
1 9 9 0 274
9 9 0 0 275
9 1 0 9 275
1 9 9 0 275
9 9 0 0 276
9 1 0 9 276
1 9 9 0 276
9 9 0 0 277
9 1 0 9 277
1 9 9 0 277
9 9 0 0 278
9 1 0 9 278
1 10 9 0 278
9 9 0 0 279
9 1 0 9 279
1 10 9 0 279
9 9 0 0 280
9 1 0 9 280
1 10 9 0 280
9 9 0 0 281
9 1 0 9 281
1 10 9 0 281
9 8 0 0 282
1 7 9 0 282
9 1 0 8 282
9 1 0 9 282
9 8 0 0 283
1 7 9 0 283
9 1 0 8 283
9 1 0 9 283
8 9 0 0 284
7 1 0 9 284
1 10 8 0 284
1 10 9 0 284
9 8 0 0 285
1 7 9 0 285
9 1 0 8 285
9 1 0 9 285
8 9 0 0 286
7 1 0 9 286
1 10 8 0 286
1 10 9 0 286
8 9 0 0 287
7 1 0 9 287
1 10 8 0 287
1 10 9 0 287
9 8 0 0 288
1 7 9 0 288
10 1 0 8 288
10 1 0 9 288
8 9 0 0 289
7 1 0 9 289
1 10 8 0 289
1 10 9 0 289
9 8 0 0 290
1 7 9 0 290
10 1 0 8 290
10 1 0 9 290
8 9 0 0 291
7 1 0 9 291
1 10 8 0 291
1 10 9 0 291
9 8 0 0 292
1 7 9 0 292
10 1 0 8 292
10 1 0 9 292
9 8 0 0 293
1 7 9 0 293
10 1 0 8 293
10 1 0 9 293
8 9 0 0 294
7 1 0 9 294
1 10 8 0 294
1 10 9 0 294
9 8 0 0 295
1 7 9 0 295
10 1 0 8 295
10 1 0 9 295
8 9 0 0 296
7 1 0 9 296
1 10 8 0 296
1 10 9 0 296
8 9 0 0 297
7 1 0 9 297
1 10 8 0 297
1 10 9 0 297
8 9 0 0 298
7 1 0 9 298
1 10 8 0 298
1 10 9 0 298
8 9 0 0 299
7 1 0 9 299
1 10 8 0 299
1 10 9 0 299
9 8 0 0 300
1 7 9 0 300
10 1 0 8 300
10 1 0 9 300
9 8 0 0 301
1 7 9 0 301
10 1 0 8 301
10 1 0 9 301
9 8 0 0 302
1 7 9 0 302
10 1 0 8 302
10 1 0 9 302
8 9 0 0 303
7 1 0 9 303
1 10 8 0 303
1 10 9 0 303
9 8 0 0 304
1 7 9 0 304
10 1 0 8 304
10 1 0 9 304
9 8 0 0 305
1 7 9 0 305
10 1 0 8 305
10 1 0 9 305
8 9 0 0 306
7 1 0 9 306
1 10 8 0 306
1 10 9 0 306
9 8 0 0 307
1 7 9 0 307
10 1 0 8 307
10 1 0 9 307
8 9 0 0 308
7 1 0 9 308
1 10 8 0 308
1 10 9 0 308
9 8 0 0 309
1 7 9 0 309
10 1 0 8 309
10 1 0 9 309
8 9 0 0 310
7 1 0 9 310
1 10 8 0 310
1 10 9 0 310
9 8 0 0 311
1 7 9 0 311
10 1 0 8 311
10 1 0 9 311
9 8 0 0 312
1 7 9 0 312
10 1 0 8 312
10 1 0 9 312
9 8 0 0 313
1 7 9 0 313
10 1 0 8 313
10 1 0 9 313
9 8 0 0 314
1 7 9 0 314
10 1 0 8 314
10 1 0 9 314
9 8 0 0 315
1 7 9 0 315
10 1 0 8 315
10 1 0 9 315
8 9 0 0 316
7 1 0 9 316
1 10 8 0 316
1 10 9 0 316
8 9 0 0 317
7 1 0 9 317
1 10 8 0 317
1 10 9 0 317
9 8 0 0 318
1 7 9 0 318
10 1 0 8 318
10 1 0 9 318
9 8 0 0 319
1 7 9 0 319
10 1 0 8 319
10 1 0 9 319
9 8 0 0 320
1 7 9 0 320
10 1 0 8 320
10 1 0 9 320
9 8 0 0 321
1 7 9 0 321
10 1 0 8 321
10 1 0 9 321
9 8 0 0 322
1 7 9 0 322
10 1 0 8 322
10 1 0 9 322
9 8 0 0 323
1 7 9 0 323
10 1 0 8 323
10 1 0 9 323
8 9 0 0 324
7 1 0 9 324
1 10 8 0 324
1 10 9 0 324
9 8 0 0 325
1 7 9 0 325
10 1 0 8 325
10 1 0 9 325
8 9 0 0 326
7 1 0 9 326
1 10 8 0 326
1 10 9 0 326
9 8 0 0 327
1 7 9 0 327
10 1 0 8 327
10 1 0 9 327
8 9 0 0 328
7 1 0 9 328
1 10 8 0 328
1 10 9 0 328
8 9 0 0 329
7 1 0 9 329
1 10 8 0 329
1 10 9 0 329
8 9 0 0 330
7 1 0 9 330
1 10 8 0 330
1 10 9 0 330
9 8 0 0 331
1 7 9 0 331
10 1 0 8 331
10 1 0 9 331
9 8 0 0 332
1 7 9 0 332
10 1 0 8 332
10 1 0 9 332
8 9 0 0 333
7 1 0 9 333
1 10 8 0 333
1 10 9 0 333
9 8 0 0 334
1 7 9 0 334
10 1 0 8 334
10 1 0 9 334
8 9 0 0 335
7 1 0 9 335
1 10 8 0 335
1 10 9 0 335
8 9 0 0 336
7 1 0 9 336
1 10 8 0 336
1 10 9 0 336
8 9 0 0 337
7 1 0 9 337
1 10 8 0 337
1 10 9 0 337
9 8 0 0 338
1 7 9 0 338
10 1 0 8 338
10 1 0 9 338
8 9 0 0 339
7 1 0 9 339
1 10 8 0 339
1 10 9 0 339
8 9 0 0 340
7 1 0 9 340
1 10 8 0 340
1 10 9 0 340
9 8 0 0 341
1 7 9 0 341
10 1 0 8 341
10 1 0 9 341
8 9 0 0 342
7 1 0 9 342
1 10 8 0 342
1 10 9 0 342
9 8 0 0 343
1 7 9 0 343
10 1 0 8 343
10 1 0 9 343
9 8 0 0 344
1 7 9 0 344
10 1 0 8 344
10 1 0 9 344
8 9 0 0 345
7 1 0 9 345
1 10 8 0 345
1 10 9 0 345
9 8 0 0 346
1 7 9 0 346
10 1 0 8 346
10 1 0 9 346
8 9 0 0 347
7 1 0 9 347
1 10 8 0 347
1 10 9 0 347
9 8 0 0 348
1 7 9 0 348
10 1 0 8 348
10 1 0 9 348
9 8 0 0 349
1 7 9 0 349
10 1 0 8 349
10 1 0 9 349
9 8 0 0 350
1 7 9 0 350
10 1 0 8 350
10 1 0 9 350
8 9 0 0 351
7 1 0 9 351
1 10 8 0 351
1 10 9 0 351
9 8 0 0 352
1 7 9 0 352
10 1 0 8 352
10 1 0 9 352
9 8 0 0 353
1 7 9 0 353
10 1 0 8 353
10 1 0 9 353
9 8 0 0 354
1 7 9 0 354
10 1 0 8 354
10 1 0 9 354
9 8 0 0 355
1 7 9 0 355
10 1 0 8 355
10 1 0 9 355
8 9 0 0 356
7 1 0 9 356
1 10 8 0 356
1 10 9 0 356
9 8 0 0 357
1 7 9 0 357
10 1 0 8 357
10 1 0 9 357
9 8 0 0 358
1 7 9 0 358
10 1 0 8 358
10 1 0 9 358
9 8 0 0 359
1 7 9 0 359
10 1 0 8 359
10 1 0 9 359
8 9 0 0 360
7 1 0 9 360
1 10 8 0 360
1 10 9 0 360
9 8 0 0 361
1 7 9 0 361
10 1 0 8 361
10 1 0 9 361
8 9 0 0 362
7 1 0 9 362
1 10 8 0 362
1 10 9 0 362
8 8 0 0 363
1 10 8 0 363
1 10 9 0 363
7 2 0 8 363
8 8 0 0 364
1 10 8 0 364
1 10 9 0 364
7 2 0 8 364
8 8 0 0 365
1 10 8 0 365
1 10 9 0 365
7 2 0 8 365
8 8 0 0 366
1 10 8 0 366
1 10 9 0 366
7 2 0 8 366
8 8 0 0 367
1 10 8 0 367
1 10 9 0 367
7 2 0 8 367
8 8 0 0 368
1 10 8 0 368
1 10 9 0 368
7 2 0 8 368
8 8 0 0 369
1 10 8 0 369
1 10 9 0 369
7 2 0 8 369
8 8 0 0 370
1 10 8 0 370
1 10 9 0 370
7 2 0 8 370
8 8 0 0 371
1 10 8 0 371
1 10 9 0 371
7 2 0 8 371
8 8 0 0 372
1 10 8 0 372
1 10 9 0 372
7 2 0 8 372
8 8 0 0 373
1 10 8 0 373
1 10 9 0 373
7 2 0 8 373
8 8 0 0 374
1 10 8 0 374
1 10 9 0 374
7 2 0 8 374
8 8 0 0 375
1 10 8 0 375
1 10 9 0 375
7 2 0 8 375
8 8 0 0 376
1 10 8 0 376
1 10 9 0 376
7 2 0 8 376
8 8 0 0 377
1 10 8 0 377
1 10 9 0 377
7 2 0 8 377
8 8 0 0 378
1 10 8 0 378
1 10 9 0 378
7 2 0 8 378
8 8 0 0 379
1 10 8 0 379
1 10 9 0 379
7 2 0 8 379
8 8 0 0 380
1 10 8 0 380
1 10 9 0 380
7 2 0 8 380
8 8 0 0 381
1 10 8 0 381
1 10 9 0 381
7 2 0 8 381
8 8 0 0 382
1 10 8 0 382
1 10 9 0 382
7 2 0 8 382
8 8 0 0 383
1 10 8 0 383
1 10 9 0 383
7 2 0 8 383
8 8 0 0 384
1 10 8 0 384
1 10 9 0 384
7 2 0 8 384
8 8 0 0 385
1 10 8 0 385
1 10 9 0 385
7 2 0 8 385
8 8 0 0 386
1 10 8 0 386
1 10 9 0 386
7 2 0 8 386
8 8 0 0 387
1 10 8 0 387
1 10 9 0 387
7 2 0 8 387
8 8 0 0 388
1 10 8 0 388
1 10 9 0 388
7 2 0 8 388
8 8 0 0 389
1 10 8 0 389
1 10 9 0 389
7 2 0 8 389
8 8 0 0 390
1 10 8 0 390
1 10 9 0 390
7 2 0 8 390
8 8 0 0 391
2 7 8 0 391
7 2 0 8 391
8 8 0 0 392
2 7 8 0 392
7 2 0 8 392
8 8 0 0 393
2 7 8 0 393
7 2 0 8 393
8 8 0 0 394
2 7 8 0 394
7 2 0 8 394
8 8 0 0 395
2 7 8 0 395
7 2 0 8 395
8 8 0 0 396
2 7 8 0 396
7 2 0 8 396
8 8 0 0 397
2 7 8 0 397
7 2 0 8 397
8 8 0 0 398
2 7 8 0 398
7 2 0 8 398
8 8 0 0 399
2 7 8 0 399
7 2 0 8 399
8 8 0 0 400
2 7 8 0 400
7 2 0 8 400
8 8 0 0 401
2 7 8 0 401
7 2 0 8 401
8 8 0 0 402
2 7 8 0 402
7 2 0 8 402
8 8 0 0 403
2 7 8 0 403
7 2 0 8 403
8 8 0 0 404
2 7 8 0 404
7 2 0 8 404
8 8 0 0 405
2 7 8 0 405
7 2 0 8 405
8 8 0 0 406
2 7 8 0 406
7 2 0 8 406
8 8 0 0 407
2 7 8 0 407
7 2 0 8 407
8 8 0 0 408
2 7 8 0 408
7 2 0 8 408
8 8 0 0 409
2 7 8 0 409
7 2 0 8 409
8 8 0 0 410
2 7 8 0 410
7 2 0 8 410
8 8 0 0 411
2 7 8 0 411
7 2 0 8 411
8 8 0 0 412
2 7 8 0 412
7 2 0 8 412
8 8 0 0 413
2 7 8 0 413
7 2 0 8 413
8 8 0 0 414
2 7 8 0 414
7 2 0 8 414
8 8 0 0 415
2 7 8 0 415
7 2 0 8 415
8 8 0 0 416
2 7 8 0 416
7 2 0 8 416
8 8 0 0 417
2 7 8 0 417
7 2 0 8 417
8 8 0 0 418
2 7 8 0 418
7 2 0 8 418
8 8 0 0 419
2 7 8 0 419
7 2 0 8 419
8 8 0 0 420
2 7 8 0 420
7 2 0 8 420
8 8 0 0 421
2 7 8 0 421
7 2 0 8 421
8 8 0 0 422
2 7 8 0 422
7 2 0 8 422
8 8 0 0 423
2 7 8 0 423
7 2 0 8 423
8 8 0 0 424
2 7 8 0 424
7 2 0 8 424
8 8 0 0 425
2 7 8 0 425
7 2 0 8 425
8 8 0 0 426
2 7 8 0 426
7 2 0 8 426
8 8 0 0 427
2 7 8 0 427
7 2 0 8 427
8 8 0 0 428
2 7 8 0 428
7 2 0 8 428
8 8 0 0 429
2 7 8 0 429
7 2 0 8 429
8 8 0 0 430
2 7 8 0 430
7 2 0 8 430
8 8 0 0 431
2 7 8 0 431
7 2 0 8 431
8 8 0 0 432
2 7 8 0 432
7 2 0 8 432
8 8 0 0 433
2 7 8 0 433
7 2 0 8 433
8 8 0 0 434
2 7 8 0 434
7 2 0 8 434
8 8 0 0 435
2 7 8 0 435
7 2 0 8 435
8 8 0 0 436
2 7 8 0 436
7 2 0 8 436
8 8 0 0 437
2 7 8 0 437
7 2 0 8 437
8 8 0 0 438
2 7 8 0 438
7 2 0 8 438
8 8 0 0 439
2 7 8 0 439
7 2 0 8 439
8 8 0 0 440
2 7 8 0 440
7 2 0 8 440
8 8 0 0 441
2 7 8 0 441
7 2 0 8 441
8 8 0 0 442
2 7 8 0 442
7 2 0 8 442
8 8 0 0 443
2 7 8 0 443
7 2 0 8 443
8 8 0 0 444
2 7 8 0 444
7 2 0 8 444
8 8 0 0 445
2 7 8 0 445
7 2 0 8 445
8 8 0 0 446
2 7 8 0 446
7 2 0 8 446
8 8 0 0 447
2 7 8 0 447
7 2 0 8 447
8 8 0 0 448
2 7 8 0 448
7 2 0 8 448
8 8 0 0 449
2 7 8 0 449
7 2 0 8 449
8 8 0 0 450
2 7 8 0 450
7 2 0 8 450
8 8 0 0 451
2 7 8 0 451
7 2 0 8 451
8 8 0 0 452
2 7 8 0 452
8 2 0 8 452
8 8 0 0 453
2 7 8 0 453
8 2 0 8 453
8 8 0 0 454
2 7 8 0 454
8 2 0 8 454
8 8 0 0 455
2 7 8 0 455
8 2 0 8 455
8 8 0 0 456
2 7 8 0 456
8 2 0 8 456
8 8 0 0 457
2 7 8 0 457
8 2 0 8 457
8 8 0 0 458
2 7 8 0 458
8 2 0 8 458
8 8 0 0 459
2 7 8 0 459
8 2 0 8 459
8 8 0 0 460
2 7 8 0 460
8 2 0 8 460
8 8 0 0 461
2 7 8 0 461
8 2 0 8 461
8 8 0 0 462
2 7 8 0 462
8 2 0 8 462
8 8 0 0 463
2 7 8 0 463
8 2 0 8 463
8 8 0 0 464
2 7 8 0 464
8 2 0 8 464
8 8 0 0 465
2 7 8 0 465
8 2 0 8 465
8 8 0 0 466
2 7 8 0 466
8 2 0 8 466
8 8 0 0 467
2 7 8 0 467
8 2 0 8 467
8 8 0 0 468
2 7 8 0 468
8 2 0 8 468
8 8 0 0 469
2 7 8 0 469
8 2 0 8 469
8 8 0 0 470
2 7 8 0 470
8 2 0 8 470
8 8 0 0 471
2 7 8 0 471
8 2 0 8 471
8 8 0 0 472
2 8 8 0 472
9 2 0 8 472
8 8 0 0 473
2 8 8 0 473
9 2 0 8 473
8 8 0 0 474
2 8 8 0 474
9 2 0 8 474
8 8 0 0 475
2 8 8 0 475
9 2 0 8 475
8 8 0 0 476
2 8 8 0 476
9 2 0 8 476
8 8 0 0 477
2 8 8 0 477
9 2 0 8 477
8 8 0 0 478
2 8 8 0 478
9 2 0 8 478
8 8 0 0 479
2 8 8 0 479
9 2 0 8 479
8 8 0 0 480
2 8 8 0 480
9 2 0 8 480
8 8 0 0 481
2 8 8 0 481
9 2 0 8 481
8 8 0 0 482
2 8 8 0 482
9 2 0 8 482
8 8 0 0 483
2 8 8 0 483
9 2 0 8 483
8 8 0 0 484
2 8 8 0 484
9 2 0 8 484
8 8 0 0 485
2 8 8 0 485
9 2 0 8 485
8 8 0 0 486
2 8 8 0 486
9 2 0 8 486
8 8 0 0 487
2 8 8 0 487
9 2 0 8 487
8 8 0 0 488
2 8 8 0 488
9 2 0 8 488
8 8 0 0 489
2 8 8 0 489
9 2 0 8 489
8 8 0 0 490
2 8 8 0 490
9 2 0 8 490
8 8 0 0 491
2 8 8 0 491
9 2 0 8 491
8 8 0 0 492
2 8 8 0 492
9 2 0 8 492
8 8 0 0 493
8 2 0 8 493
2 8 8 0 493
8 8 0 0 494
8 2 0 8 494
2 8 8 0 494
8 8 0 0 495
2 8 8 0 495
9 2 0 8 495
8 8 0 0 496
8 2 0 8 496
2 8 8 0 496
8 8 0 0 497
8 2 0 8 497
2 8 8 0 497
8 8 0 0 498
8 2 0 8 498
2 8 8 0 498
8 8 0 0 499
8 2 0 8 499
2 8 8 0 499
8 8 0 0 500
2 8 8 0 500
9 2 0 8 500
8 8 0 0 501
2 8 8 0 501
9 2 0 8 501
8 8 0 0 502
8 2 0 8 502
2 8 8 0 502
8 8 0 0 503
8 2 0 8 503
2 8 8 0 503
8 8 0 0 504
8 2 0 8 504
2 8 8 0 504
8 8 0 0 505
8 2 0 8 505
2 8 8 0 505
8 8 0 0 506
8 2 0 8 506
2 8 8 0 506
8 8 0 0 507
8 2 0 8 507
2 8 8 0 507
8 8 0 0 508
8 2 0 8 508
2 8 8 0 508
8 8 0 0 509
8 2 0 8 509
2 8 8 0 509
8 8 0 0 510
8 2 0 8 510
2 8 8 0 510
8 8 0 0 511
8 2 0 8 511
2 8 8 0 511
8 8 0 0 512
8 2 0 8 512
2 8 8 0 512
8 8 0 0 513
8 2 0 8 513
2 8 8 0 513
8 8 0 0 514
8 2 0 8 514
2 8 8 0 514
8 8 0 0 515
8 2 0 8 515
2 8 8 0 515
8 8 0 0 516
8 2 0 8 516
2 8 8 0 516
8 8 0 0 517
8 2 0 8 517
2 8 8 0 517
8 8 0 0 518
8 2 0 8 518
2 8 8 0 518
8 8 0 0 519
8 2 0 8 519
2 8 8 0 519
8 8 0 0 520
8 2 0 8 520
2 8 8 0 520
8 8 0 0 521
8 2 0 8 521
2 8 8 0 521
8 8 0 0 522
8 2 0 8 522
2 8 8 0 522
8 8 0 0 523
8 2 0 8 523
2 8 8 0 523
8 8 0 0 524
8 2 0 8 524
2 8 8 0 524
8 8 0 0 525
8 2 0 8 525
2 8 8 0 525
8 8 0 0 526
8 2 0 8 526
2 8 8 0 526
8 8 0 0 527
8 2 0 8 527
2 8 8 0 527
8 8 0 0 528
8 2 0 8 528
2 8 8 0 528
8 8 0 0 529
8 2 0 8 529
2 8 8 0 529
8 8 0 0 530
8 2 0 8 530
2 8 8 0 530
8 8 0 0 531
8 2 0 8 531
2 8 8 0 531
8 8 0 0 532
8 2 0 8 532
2 8 8 0 532
8 8 0 0 533
8 2 0 8 533
2 8 8 0 533
8 8 0 0 534
8 2 0 8 534
2 8 8 0 534
8 8 0 0 535
8 2 0 8 535
2 8 8 0 535
8 8 0 0 536
8 2 0 8 536
2 8 8 0 536
8 8 0 0 537
8 2 0 8 537
2 8 8 0 537
8 8 0 0 538
8 2 0 8 538
2 8 8 0 538
8 8 0 0 539
8 2 0 8 539
2 8 8 0 539
8 8 0 0 540
8 2 0 8 540
2 8 8 0 540
8 8 0 0 541
8 2 0 8 541
2 8 8 0 541
8 8 0 0 542
8 2 0 8 542
2 8 8 0 542
8 8 0 0 543
8 2 0 8 543
2 8 8 0 543
8 8 0 0 544
8 2 0 8 544
2 8 8 0 544
8 8 0 0 545
8 2 0 8 545
2 8 8 0 545
8 8 0 0 546
2 8 8 0 546
9 2 0 8 546
8 8 0 0 547
2 8 8 0 547
9 2 0 8 547
8 8 0 0 548
8 2 0 8 548
2 8 8 0 548
8 8 0 0 549
2 8 8 0 549
9 2 0 8 549
8 8 0 0 550
2 8 8 0 550
9 2 0 8 550
8 8 0 0 551
8 2 0 8 551
2 8 8 0 551
8 8 0 0 552
2 8 8 0 552
9 2 0 8 552
8 8 0 0 553
2 8 8 0 553
9 2 0 8 553
8 8 0 0 554
2 8 8 0 554
9 2 0 8 554
8 8 0 0 555
8 2 0 8 555
2 8 8 0 555
8 8 0 0 556
2 8 8 0 556
9 2 0 8 556
8 8 0 0 557
8 2 0 8 557
2 8 8 0 557
8 8 0 0 558
8 2 0 8 558
2 8 8 0 558
8 8 0 0 559
8 2 0 8 559
2 8 8 0 559
8 8 0 0 560
8 2 0 8 560
2 8 8 0 560
8 8 0 0 561
8 2 0 8 561
2 8 8 0 561
8 8 0 0 562
8 2 0 8 562
2 8 8 0 562
8 8 0 0 563
8 2 0 8 563
2 8 8 0 563
8 8 0 0 564
8 2 0 8 564
2 8 8 0 564
8 8 0 0 565
8 2 0 8 565
2 8 8 0 565
8 8 0 0 566
8 2 0 8 566
2 8 8 0 566
8 8 0 0 567
8 2 0 8 567
2 8 8 0 567
8 8 0 0 568
8 2 0 8 568
2 8 8 0 568
8 8 0 0 569
8 2 0 8 569
2 8 8 0 569
8 8 0 0 570
8 2 0 8 570
2 8 8 0 570
8 8 0 0 571
8 2 0 8 571
2 8 8 0 571
8 8 0 0 572
8 2 0 8 572
2 8 8 0 572
8 8 0 0 573
8 2 0 8 573
2 8 8 0 573
8 8 0 0 574
8 2 0 8 574
2 8 8 0 574
8 8 0 0 575
8 2 0 8 575
2 8 8 0 575
8 8 0 0 576
2 8 8 0 576
9 2 0 8 576
8 8 0 0 577
2 8 8 0 577
9 2 0 8 577
8 8 0 0 578
8 2 0 8 578
2 8 8 0 578
8 8 0 0 579
2 8 8 0 579
9 2 0 8 579
8 8 0 0 580
2 8 8 0 580
9 2 0 8 580
8 8 0 0 581
8 2 0 8 581
2 8 8 0 581
8 8 0 0 582
8 2 0 8 582
2 8 8 0 582
8 8 0 0 583
8 2 0 8 583
2 8 8 0 583
8 8 0 0 584
8 2 0 8 584
2 8 8 0 584
8 8 0 0 585
8 2 0 8 585
2 8 8 0 585
8 8 0 0 586
8 2 0 8 586
2 8 8 0 586
8 8 0 0 587
8 2 0 8 587
2 8 8 0 587
8 8 0 0 588
8 2 0 8 588
2 8 8 0 588
8 8 0 0 589
8 2 0 8 589
2 8 8 0 589
8 8 0 0 590
8 2 0 8 590
2 8 8 0 590
8 8 0 0 591
8 2 0 8 591
2 8 8 0 591
8 8 0 0 592
8 2 0 8 592
2 8 8 0 592
8 8 0 0 593
8 2 0 8 593
2 8 8 0 593
8 8 0 0 594
8 2 0 8 594
2 8 8 0 594
8 8 0 0 595
8 2 0 8 595
2 8 8 0 595
8 8 0 0 596
8 2 0 8 596
2 8 8 0 596
8 8 0 0 597
8 2 0 8 597
2 9 8 0 597
8 8 0 0 598
8 2 0 8 598
2 9 8 0 598
8 8 0 0 599
8 2 0 8 599
2 9 8 0 599
8 8 0 0 600
8 2 0 8 600
2 9 8 0 600
8 8 0 0 601
8 2 0 8 601
2 9 8 0 601
8 8 0 0 602
8 2 0 8 602
2 9 8 0 602
8 8 0 0 603
2 9 8 0 603
8 8 0 0 604
2 9 8 0 604
8 8 0 0 605
2 9 8 0 605
8 8 0 0 606
2 9 8 0 606
8 8 0 0 607
2 9 8 0 607
8 8 0 0 608
2 9 8 0 608
8 8 0 0 609
2 9 8 0 609
8 8 0 0 610
2 9 8 0 610
8 8 0 0 611
2 9 8 0 611
8 8 0 0 612
2 9 8 0 612
8 8 0 0 613
2 9 8 0 613
8 8 0 0 614
2 9 8 0 614
8 8 0 0 615
2 9 8 0 615
8 8 0 0 616
2 9 8 0 616
8 8 0 0 617
2 9 8 0 617
8 8 0 0 618
2 9 8 0 618
8 8 0 0 619
2 9 8 0 619
8 8 0 0 620
2 9 8 0 620
8 8 0 0 621
2 9 8 0 621
8 8 0 0 622
2 9 8 0 622
8 8 0 0 623
2 9 8 0 623
8 8 0 0 624
2 9 8 0 624
8 8 0 0 625
2 9 8 0 625
8 8 0 0 626
2 9 8 0 626
8 8 0 0 627
2 9 8 0 627
8 8 0 0 628
2 9 8 0 628
8 8 0 0 629
2 9 8 0 629
8 8 0 0 630
2 9 8 0 630
8 8 0 0 631
2 9 8 0 631
8 8 0 0 632
2 9 8 0 632
8 8 0 0 633
2 9 8 0 633
8 8 0 0 634
2 9 8 0 634
8 8 0 0 635
2 9 8 0 635
8 8 0 0 636
2 9 8 0 636
8 8 0 0 637
2 9 8 0 637
8 8 0 0 638
2 9 8 0 638
8 8 0 0 639
2 9 8 0 639
8 8 0 0 640
2 9 8 0 640
8 8 0 0 641
2 9 8 0 641
8 8 0 0 642
2 9 8 0 642
8 8 0 0 643
2 9 8 0 643
8 8 0 0 644
2 9 8 0 644
8 8 0 0 645
2 9 8 0 645
9 7 0 0 646
1 7 9 0 646
3 3 0 7 646
3 3 3 7 646
3 3 6 7 646
9 7 0 0 647
1 7 9 0 647
3 3 0 7 647
3 3 3 7 647
3 3 6 7 647
7 9 0 0 648
7 1 0 9 648
3 3 7 0 648
3 3 7 3 648
3 3 7 6 648
7 9 0 0 649
7 1 0 9 649
3 3 7 0 649
3 3 7 3 649
3 3 7 6 649
7 9 0 0 650
7 1 0 9 650
3 3 7 0 650
3 3 7 3 650
3 3 7 6 650
9 7 0 0 651
1 7 9 0 651
3 3 0 7 651
3 3 3 7 651
3 3 6 7 651
7 9 0 0 652
7 1 0 9 652
3 3 7 0 652
3 3 7 3 652
3 3 7 6 652
9 7 0 0 653
1 7 9 0 653
3 3 0 7 653
3 3 3 7 653
3 3 6 7 653
7 9 0 0 654
7 1 0 9 654
3 3 7 0 654
3 3 7 3 654
3 3 7 6 654
9 7 0 0 655
1 7 9 0 655
3 3 0 7 655
3 3 3 7 655
3 3 6 7 655
9 7 0 0 656
1 7 9 0 656
3 3 0 7 656
3 3 3 7 656
3 3 6 7 656
9 7 0 0 657
1 7 9 0 657
3 3 0 7 657
3 3 3 7 657
3 3 6 7 657
9 7 0 0 658
1 7 9 0 658
3 3 0 7 658
3 3 3 7 658
3 3 6 7 658
9 7 0 0 659
1 7 9 0 659
3 3 0 7 659
3 3 3 7 659
3 3 6 7 659
7 9 0 0 660
7 1 0 9 660
3 3 7 0 660
3 3 7 3 660
3 3 7 6 660
7 9 0 0 661
7 1 0 9 661
3 3 7 0 661
3 3 7 3 661
3 3 7 6 661
7 9 0 0 662
7 1 0 9 662
3 3 7 0 662
3 3 7 3 662
3 3 7 6 662
9 7 0 0 663
1 7 9 0 663
3 3 0 7 663
3 3 3 7 663
3 3 6 7 663
9 7 0 0 664
1 7 9 0 664
3 3 0 7 664
3 3 3 7 664
3 3 6 7 664
7 9 0 0 665
7 1 0 9 665
3 3 7 0 665
3 3 7 3 665
3 3 7 6 665
7 9 0 0 666
7 1 0 9 666
3 3 7 0 666
3 3 7 3 666
3 3 7 6 666
7 9 0 0 667
7 1 0 9 667
3 3 7 0 667
3 3 7 3 667
3 3 7 6 667
7 9 0 0 668
7 1 0 9 668
3 3 7 0 668
3 3 7 3 668
3 3 7 6 668
9 7 0 0 669
1 7 9 0 669
3 3 0 7 669
3 3 3 7 669
3 3 6 7 669
9 7 0 0 670
1 7 9 0 670
3 3 0 7 670
3 3 3 7 670
3 3 6 7 670
9 7 0 0 671
1 7 9 0 671
3 3 0 7 671
3 3 3 7 671
3 3 6 7 671
9 7 0 0 672
1 7 9 0 672
3 3 0 7 672
3 3 3 7 672
3 3 6 7 672
7 9 0 0 673
7 1 0 9 673
3 3 7 0 673
3 3 7 3 673
3 3 7 6 673
7 9 0 0 674
7 1 0 9 674
3 3 7 0 674
3 3 7 3 674
3 3 7 6 674
7 9 0 0 675
7 1 0 9 675
3 3 7 0 675
3 3 7 3 675
3 3 7 6 675
7 9 0 0 676
7 1 0 9 676
3 3 7 0 676
3 3 7 3 676
3 3 7 6 676
9 7 0 0 677
1 7 9 0 677
3 3 0 7 677
3 3 3 7 677
3 3 6 7 677
9 7 0 0 678
1 7 9 0 678
3 3 0 7 678
3 3 3 7 678
3 3 6 7 678
7 9 0 0 679
7 1 0 9 679
3 3 7 0 679
3 3 7 3 679
3 3 7 6 679
9 7 0 0 680
1 7 9 0 680
3 3 0 7 680
3 3 3 7 680
3 3 6 7 680
9 7 0 0 681
1 7 9 0 681
3 3 0 7 681
3 3 3 7 681
3 3 6 7 681
9 7 0 0 682
1 7 9 0 682
3 3 0 7 682
3 3 3 7 682
3 3 6 7 682
7 9 0 0 683
7 1 0 9 683
3 3 7 0 683
3 3 7 3 683
3 3 7 6 683
9 7 0 0 684
1 7 9 0 684
3 3 0 7 684
3 3 3 7 684
3 3 6 7 684
9 7 0 0 685
1 7 9 0 685
3 3 0 7 685
3 3 3 7 685
3 3 6 7 685
9 7 0 0 686
1 7 9 0 686
3 3 0 7 686
3 3 3 7 686
3 3 6 7 686
9 7 0 0 687
1 7 9 0 687
3 3 0 7 687
3 3 3 7 687
3 3 6 7 687
9 7 0 0 688
1 7 9 0 688
3 3 0 7 688
3 3 3 7 688
3 3 6 7 688
7 9 0 0 689
7 1 0 9 689
3 3 7 0 689
3 3 7 3 689
3 3 7 6 689
9 7 0 0 690
1 7 9 0 690
3 3 0 7 690
3 3 3 7 690
3 3 6 7 690
9 7 0 0 691
1 7 9 0 691
3 3 0 7 691
3 3 3 7 691
3 3 6 7 691
7 9 0 0 692
7 1 0 9 692
3 3 7 0 692
3 3 7 3 692
3 3 7 6 692
9 7 0 0 693
1 7 9 0 693
3 3 0 7 693
3 3 3 7 693
3 3 6 7 693
7 9 0 0 694
7 1 0 9 694
3 3 7 0 694
3 3 7 3 694
3 3 7 6 694
7 9 0 0 695
7 1 0 9 695
3 3 7 0 695
3 3 7 3 695
3 3 7 6 695
7 9 0 0 696
7 1 0 9 696
3 3 7 0 696
3 3 7 3 696
3 3 7 6 696
7 9 0 0 697
7 1 0 9 697
3 3 7 0 697
3 3 7 3 697
3 3 7 6 697
7 9 0 0 698
7 1 0 9 698
3 3 7 0 698
3 3 7 3 698
3 3 7 6 698
9 7 0 0 699
1 7 9 0 699
3 3 0 7 699
3 3 3 7 699
3 3 6 7 699
7 9 0 0 700
7 1 0 9 700
3 3 7 0 700
3 3 7 3 700
3 3 7 6 700
9 7 0 0 701
1 7 9 0 701
3 3 0 7 701
3 3 3 7 701
3 3 6 7 701
7 9 0 0 702
7 1 0 9 702
3 3 7 0 702
3 3 7 3 702
3 3 7 6 702
7 9 0 0 703
7 1 0 9 703
3 3 7 0 703
3 3 7 3 703
3 3 7 6 703
7 9 0 0 704
7 1 0 9 704
3 3 7 0 704
3 3 7 3 704
3 3 7 6 704
7 9 0 0 705
7 1 0 9 705
3 3 7 0 705
3 3 7 3 705
3 3 7 6 705
7 9 0 0 706
7 1 0 9 706
3 3 7 0 706
3 3 7 3 706
3 3 7 6 706
7 9 0 0 707
7 1 0 9 707
3 3 7 0 707
3 3 7 3 707
3 3 7 6 707
7 9 0 0 708
7 1 0 9 708
3 3 7 0 708
3 3 7 3 708
3 3 7 6 708
9 7 0 0 709
1 7 9 0 709
3 3 0 7 709
3 3 3 7 709
3 3 6 7 709
9 7 0 0 710
1 7 9 0 710
3 3 0 7 710
3 3 3 7 710
3 3 6 7 710
9 7 0 0 711
1 7 9 0 711
3 3 0 7 711
3 3 3 7 711
3 3 6 7 711
7 9 0 0 712
7 1 0 9 712
3 3 7 0 712
3 3 7 3 712
3 3 7 6 712
9 7 0 0 713
1 7 9 0 713
3 3 0 7 713
3 3 3 7 713
3 3 6 7 713
7 9 0 0 714
7 1 0 9 714
3 3 7 0 714
3 3 7 3 714
3 3 7 6 714
7 9 0 0 715
7 1 0 9 715
3 3 7 0 715
3 3 7 3 715
3 3 7 6 715
7 9 0 0 716
7 1 0 9 716
3 3 7 0 716
3 3 7 3 716
3 3 7 6 716
7 9 0 0 717
7 1 0 9 717
3 3 7 0 717
3 3 7 3 717
3 3 7 6 717
7 9 0 0 718
7 1 0 9 718
3 3 7 0 718
3 3 7 3 718
3 3 7 6 718
9 7 0 0 719
1 7 9 0 719
3 3 0 7 719
3 3 3 7 719
3 3 6 7 719
9 7 0 0 720
1 7 9 0 720
3 3 0 7 720
3 3 3 7 720
3 3 6 7 720
7 9 0 0 721
7 1 0 9 721
3 3 7 0 721
3 3 7 3 721
3 3 7 6 721
9 7 0 0 722
1 7 9 0 722
3 3 0 7 722
3 3 3 7 722
3 3 6 7 722
7 9 0 0 723
7 1 0 9 723
3 3 7 0 723
3 3 7 3 723
3 3 7 6 723
7 9 0 0 724
7 1 0 9 724
3 3 7 0 724
3 3 7 3 724
3 3 7 6 724
7 9 0 0 725
7 1 0 9 725
3 3 7 0 725
3 3 7 3 725
3 3 7 6 725
9 7 0 0 726
1 7 9 0 726
3 3 0 7 726
3 3 3 7 726
3 3 6 7 726
9 7 0 0 727
1 7 9 0 727
3 3 0 7 727
3 3 3 7 727
3 3 6 7 727
9 7 0 0 728
1 7 9 0 728
3 3 0 7 728
3 3 3 7 728
3 3 6 7 728
7 9 0 0 729
7 1 0 9 729
3 3 7 0 729
3 3 7 3 729
3 3 7 6 729
9 7 0 0 730
1 7 9 0 730
3 3 0 7 730
3 3 3 7 730
3 3 6 7 730
7 9 0 0 731
7 1 0 9 731
3 3 7 0 731
3 3 7 3 731
3 3 7 6 731
9 7 0 0 732
1 7 9 0 732
3 3 0 7 732
3 3 3 7 732
3 3 6 7 732
7 9 0 0 733
7 1 0 9 733
3 3 7 0 733
3 3 7 3 733
3 3 7 6 733
7 9 0 0 734
7 1 0 9 734
3 3 7 0 734
3 3 7 3 734
3 3 7 6 734
9 7 0 0 735
1 7 9 0 735
3 3 0 7 735
3 3 3 7 735
3 3 6 7 735
7 9 0 0 736
7 1 0 9 736
3 3 7 0 736
3 3 7 3 736
3 3 7 6 736
7 9 0 0 737
7 1 0 9 737
3 3 7 0 737
3 3 7 3 737
3 3 7 6 737
8 7 0 0 738
3 3 0 7 738
3 3 3 7 738
3 3 6 7 738
2 7 8 0 738
7 8 0 0 739
3 3 7 0 739
3 3 7 3 739
3 3 7 6 739
7 2 0 8 739
8 7 0 0 740
3 3 0 7 740
3 3 3 7 740
3 3 6 7 740
2 7 8 0 740
7 8 0 0 741
3 3 7 0 741
3 3 7 3 741
3 3 7 6 741
7 2 0 8 741
7 8 0 0 742
3 3 7 0 742
3 3 7 3 742
3 3 7 6 742
7 2 0 8 742
8 7 0 0 743
3 3 0 7 743
3 3 3 7 743
3 3 6 7 743
2 7 8 0 743
7 8 0 0 744
3 3 7 0 744
3 3 7 3 744
3 3 7 6 744
7 2 0 8 744
7 8 0 0 745
3 3 7 0 745
3 3 7 3 745
3 3 7 6 745
7 2 0 8 745
7 8 0 0 746
3 3 7 0 746
3 3 7 3 746
3 3 7 6 746
7 2 0 8 746
7 8 0 0 747
3 3 7 0 747
3 3 7 3 747
3 3 7 6 747
7 2 0 8 747
7 8 0 0 748
3 3 7 0 748
3 3 7 3 748
3 3 7 6 748
7 2 0 8 748
8 7 0 0 749
3 3 0 7 749
3 3 3 7 749
3 3 6 7 749
2 7 8 0 749
7 8 0 0 750
3 3 7 0 750
3 3 7 3 750
3 3 7 6 750
7 2 0 8 750
8 7 0 0 751
3 3 0 7 751
3 3 3 7 751
3 3 6 7 751
2 7 8 0 751
7 8 0 0 752
3 3 7 0 752
3 3 7 3 752
3 3 7 6 752
7 2 0 8 752
8 7 0 0 753
3 3 0 7 753
3 3 3 7 753
3 3 6 7 753
2 7 8 0 753
7 8 0 0 754
3 3 7 0 754
3 3 7 3 754
3 3 7 6 754
7 2 0 8 754
8 7 0 0 755
3 3 0 7 755
3 3 3 7 755
3 3 6 7 755
2 7 8 0 755
8 7 0 0 756
3 3 0 7 756
3 3 3 7 756
3 3 6 7 756
2 7 8 0 756
8 7 0 0 757
3 3 0 7 757
3 3 3 7 757
3 3 6 7 757
2 7 8 0 757
7 8 0 0 758
3 3 7 0 758
3 3 7 3 758
3 3 7 6 758
7 2 0 8 758
8 7 0 0 759
3 3 0 7 759
3 3 3 7 759
3 3 6 7 759
2 7 8 0 759
7 8 0 0 760
3 3 7 0 760
3 3 7 3 760
3 3 7 6 760
7 2 0 8 760
8 7 0 0 761
3 3 0 7 761
3 3 3 7 761
3 3 6 7 761
2 7 8 0 761
7 8 0 0 762
3 3 7 0 762
3 3 7 3 762
3 3 7 6 762
7 2 0 8 762
8 7 0 0 763
3 3 0 7 763
3 3 3 7 763
3 3 6 7 763
2 7 8 0 763
7 8 0 0 764
3 3 7 0 764
3 3 7 3 764
3 3 7 6 764
7 2 0 8 764
8 7 0 0 765
3 3 0 7 765
3 3 3 7 765
3 3 6 7 765
2 7 8 0 765
7 8 0 0 766
3 3 7 0 766
3 3 7 3 766
3 3 7 6 766
7 2 0 8 766
7 8 0 0 767
3 3 7 0 767
3 3 7 3 767
3 3 7 6 767
7 2 0 8 767
8 7 0 0 768
3 3 0 7 768
3 3 3 7 768
3 3 6 7 768
2 7 8 0 768
8 7 0 0 769
3 3 0 7 769
3 3 3 7 769
3 3 6 7 769
2 7 8 0 769
8 7 0 0 770
3 3 0 7 770
3 3 3 7 770
3 3 6 7 770
2 7 8 0 770
8 7 0 0 771
3 3 0 7 771
3 3 3 7 771
3 3 6 7 771
2 7 8 0 771
7 8 0 0 772
3 3 7 0 772
3 3 7 3 772
3 3 7 6 772
7 2 0 8 772
8 7 0 0 773
3 3 0 7 773
3 3 3 7 773
3 3 6 7 773
2 7 8 0 773
8 7 0 0 774
3 3 0 7 774
3 3 3 7 774
3 3 6 7 774
2 7 8 0 774
7 8 0 0 775
3 3 7 0 775
3 3 7 3 775
3 3 7 6 775
7 2 0 8 775
8 7 0 0 776
3 3 0 7 776
3 3 3 7 776
3 3 6 7 776
2 7 8 0 776
7 8 0 0 777
3 3 7 0 777
3 3 7 3 777
3 3 7 6 777
7 2 0 8 777
7 8 0 0 778
3 3 7 0 778
3 3 7 3 778
3 3 7 6 778
7 2 0 8 778
7 8 0 0 779
3 3 7 0 779
3 3 7 3 779
3 3 7 6 779
7 2 0 8 779
7 8 0 0 780
3 3 7 0 780
3 3 7 3 780
3 3 7 6 780
7 2 0 8 780
7 8 0 0 781
3 3 7 0 781
3 3 7 3 781
3 3 7 6 781
7 2 0 8 781
8 7 0 0 782
3 3 0 7 782
3 3 3 7 782
3 3 6 7 782
2 7 8 0 782
8 7 0 0 783
3 3 0 7 783
3 3 3 7 783
3 3 6 7 783
2 7 8 0 783
7 8 0 0 784
3 3 7 0 784
3 3 7 3 784
3 3 7 6 784
7 2 0 8 784
7 8 0 0 785
3 3 7 0 785
3 3 7 3 785
3 3 7 6 785
7 2 0 8 785
7 8 0 0 786
3 3 7 0 786
3 3 7 3 786
3 3 7 6 786
7 2 0 8 786
8 7 0 0 787
3 3 0 7 787
3 3 3 7 787
3 3 6 7 787
2 7 8 0 787
7 8 0 0 788
3 3 7 0 788
3 3 7 3 788
3 3 7 6 788
7 2 0 8 788
7 8 0 0 789
3 3 7 0 789
3 3 7 3 789
3 3 7 6 789
7 2 0 8 789
7 8 0 0 790
3 3 7 0 790
3 3 7 3 790
3 3 7 6 790
7 2 0 8 790
8 7 0 0 791
3 3 0 7 791
3 3 3 7 791
3 3 6 7 791
2 7 8 0 791
8 7 0 0 792
3 3 0 7 792
3 3 3 7 792
3 3 6 7 792
2 7 8 0 792
7 8 0 0 793
3 3 7 0 793
3 3 7 3 793
3 3 7 6 793
7 2 0 8 793
8 7 0 0 794
3 3 0 7 794
3 3 3 7 794
3 3 6 7 794
2 7 8 0 794
7 8 0 0 795
3 3 7 0 795
3 3 7 3 795
3 3 7 6 795
7 2 0 8 795
7 8 0 0 796
3 3 7 0 796
3 3 7 3 796
3 3 7 6 796
7 2 0 8 796
7 8 0 0 797
3 3 7 0 797
3 3 7 3 797
3 3 7 6 797
7 2 0 8 797
8 7 0 0 798
3 3 0 7 798
3 3 3 7 798
3 3 6 7 798
2 7 8 0 798
8 7 0 0 799
3 3 0 7 799
3 3 3 7 799
3 3 6 7 799
2 7 8 0 799
7 8 0 0 800
3 3 7 0 800
3 3 7 3 800
3 3 7 6 800
7 2 0 8 800
8 7 0 0 801
3 3 0 7 801
3 3 3 7 801
3 3 6 7 801
2 7 8 0 801
7 8 0 0 802
3 3 7 0 802
3 3 7 3 802
3 3 7 6 802
7 2 0 8 802
8 7 0 0 803
3 3 0 7 803
3 3 3 7 803
3 3 6 7 803
2 7 8 0 803
8 7 0 0 804
3 3 0 7 804
3 3 3 7 804
3 3 6 7 804
2 7 8 0 804
7 8 0 0 805
3 3 7 0 805
3 4 7 3 805
7 2 0 8 805
7 8 0 0 806
3 4 7 0 806
3 4 7 4 806
9 2 0 8 806
8 7 0 0 807
10 1 0 7 807
10 1 0 8 807
10 1 0 9 807
2 7 8 0 807
8 7 0 0 808
10 1 0 7 808
10 1 0 8 808
10 1 0 9 808
2 7 8 0 808
8 7 0 0 809
10 1 0 7 809
10 1 0 8 809
10 1 0 9 809
2 7 8 0 809
8 7 0 0 810
10 1 0 7 810
10 1 0 8 810
10 1 0 9 810
2 7 8 0 810
7 8 0 0 811
3 4 7 0 811
3 4 7 4 811
9 2 0 8 811
7 8 0 0 812
3 4 7 0 812
3 4 7 4 812
9 2 0 8 812
8 7 0 0 813
10 1 0 7 813
10 1 0 8 813
10 1 0 9 813
2 7 8 0 813
7 8 0 0 814
3 4 7 0 814
3 4 7 4 814
9 2 0 8 814
8 7 0 0 815
10 1 0 7 815
10 1 0 8 815
10 1 0 9 815
2 7 8 0 815
8 7 0 0 816
10 1 0 7 816
10 1 0 8 816
10 1 0 9 816
2 7 8 0 816
8 7 0 0 817
10 1 0 7 817
10 1 0 8 817
10 1 0 9 817
2 7 8 0 817
8 7 0 0 818
10 1 0 7 818
10 1 0 8 818
10 1 0 9 818
2 7 8 0 818
7 8 0 0 819
3 4 7 0 819
3 4 7 4 819
9 2 0 8 819
8 7 0 0 820
10 1 0 7 820
10 1 0 8 820
10 1 0 9 820
2 7 8 0 820
8 7 0 0 821
10 1 0 7 821
10 1 0 8 821
10 1 0 9 821
2 7 8 0 821
7 8 0 0 822
3 4 7 0 822
3 4 7 4 822
9 2 0 8 822
7 8 0 0 823
3 4 7 0 823
3 4 7 4 823
9 2 0 8 823
7 8 0 0 824
3 4 7 0 824
3 4 7 4 824
9 2 0 8 824
8 7 0 0 825
10 1 0 7 825
10 1 0 8 825
10 1 0 9 825
2 7 8 0 825
7 8 0 0 826
3 4 7 0 826
3 4 7 4 826
9 2 0 8 826
8 7 0 0 827
10 1 0 7 827
10 1 0 8 827
10 1 0 9 827
2 7 8 0 827
8 7 0 0 828
10 1 0 7 828
10 1 0 8 828
10 1 0 9 828
2 7 8 0 828
6 9 0 0 829
4 3 6 0 829
4 3 6 3 829
4 3 6 6 829
6 9 0 0 830
4 3 6 0 830
4 3 6 3 830
4 3 6 6 830
9 6 0 0 831
10 1 0 6 831
4 3 0 7 831
4 3 4 7 831
6 9 0 0 832
4 3 6 0 832
4 3 6 3 832
3 4 6 6 832
6 9 0 0 833
4 3 6 0 833
3 4 6 3 833
4 3 6 7 833
6 9 0 0 834
4 3 6 0 834
3 4 6 3 834
4 3 6 7 834
6 9 0 0 835
4 3 6 0 835
3 4 6 3 835
4 3 6 7 835
6 9 0 0 836
4 3 6 0 836
3 4 6 3 836
4 3 6 7 836
9 6 0 0 837
4 3 0 6 837
4 3 4 6 837
6 9 0 0 838
4 3 6 0 838
4 3 6 3 838
4 3 6 6 838
9 6 0 0 839
4 3 0 6 839
3 4 4 6 839
3 4 7 6 839
9 6 0 0 840
4 3 0 6 840
3 4 4 6 840
3 4 7 6 840
6 9 0 0 841
4 3 6 0 841
4 3 6 3 841
4 3 6 6 841
9 6 0 0 842
4 3 0 6 842
3 4 4 6 842
3 4 7 6 842
9 6 0 0 843
4 3 0 6 843
4 3 4 6 843
9 6 0 0 844
4 3 0 6 844
4 3 4 6 844
9 6 0 0 845
4 3 0 6 845
4 3 4 6 845
6 9 0 0 846
4 3 6 0 846
4 3 6 3 846
3 4 6 6 846
6 9 0 0 847
4 3 6 0 847
3 4 6 3 847
4 3 6 7 847
9 6 0 0 848
4 3 0 6 848
4 3 4 6 848
6 9 0 0 849
4 3 6 0 849
3 4 6 3 849
4 3 6 7 849
9 6 0 0 850
4 3 0 6 850
3 4 4 6 850
3 4 7 6 850
6 9 0 0 851
4 3 6 0 851
3 4 6 3 851
9 6 0 0 852
5 3 0 6 852
5 3 5 6 852
9 6 0 0 853
5 3 0 6 853
5 3 5 6 853
6 9 0 0 854
3 5 6 0 854
3 5 6 5 854
6 9 0 0 855
4 4 6 0 855
4 4 6 4 855
6 9 0 0 856
4 4 6 0 856
4 4 6 4 856
6 9 0 0 857
4 4 6 0 857
4 4 6 4 857
9 6 0 0 858
5 3 0 6 858
5 3 5 6 858
6 9 0 0 859
4 4 6 0 859
4 4 6 4 859
9 6 0 0 860
5 3 0 6 860
5 3 5 6 860
6 9 0 0 861
4 4 6 0 861
4 4 6 4 861
6 9 0 0 862
4 4 6 0 862
4 4 6 4 862
6 9 0 0 863
4 4 6 0 863
4 4 6 4 863
6 9 0 0 864
4 4 6 0 864
4 4 6 4 864
9 6 0 0 865
5 3 0 6 865
5 3 5 6 865
9 6 0 0 866
5 3 0 6 866
5 3 5 6 866
6 9 0 0 867
4 4 6 0 867
4 4 6 4 867
6 9 0 0 868
4 4 6 0 868
4 4 6 4 868
9 6 0 0 869
5 3 0 6 869
5 3 5 6 869
9 6 0 0 870
5 3 0 6 870
5 3 5 6 870
9 6 0 0 871
5 3 0 6 871
5 3 5 6 871
6 9 0 0 872
4 4 6 0 872
4 4 6 4 872
6 9 0 0 873
4 4 6 0 873
4 4 6 4 873
9 6 0 0 874
5 3 0 6 874
5 3 5 6 874
9 6 0 0 875
5 3 0 6 875
5 3 5 6 875
6 9 0 0 876
4 4 6 0 876
4 4 6 4 876
6 9 0 0 877
4 4 6 0 877
4 4 6 4 877
9 6 0 0 878
5 3 0 6 878
5 3 5 6 878
6 9 0 0 879
4 4 6 0 879
4 4 6 4 879
9 6 0 0 880
5 3 0 6 880
5 3 5 6 880
9 6 0 0 881
5 3 0 6 881
5 3 5 6 881
6 9 0 0 882
4 4 6 0 882
4 4 6 4 882
6 9 0 0 883
4 4 6 0 883
4 4 6 4 883
9 6 0 0 884
5 3 0 6 884
5 3 5 6 884
9 6 0 0 885
5 3 0 6 885
5 3 5 6 885
9 6 0 0 886
5 3 0 6 886
5 3 5 6 886
9 6 0 0 887
5 3 0 6 887
5 3 5 6 887
9 6 0 0 888
5 3 0 6 888
5 3 5 6 888
9 6 0 0 889
5 3 0 6 889
5 3 5 6 889
6 9 0 0 890
4 4 6 0 890
4 4 6 4 890
9 6 0 0 891
5 3 0 6 891
5 3 5 6 891
9 6 0 0 892
5 3 0 6 892
5 3 5 6 892
9 6 0 0 893
5 3 0 6 893
5 3 5 6 893
6 9 0 0 894
4 4 6 0 894
4 4 6 4 894
9 6 0 0 895
5 3 0 6 895
5 3 5 6 895
9 6 0 0 896
5 3 0 6 896
5 3 5 6 896
9 6 0 0 897
5 3 0 6 897
5 3 5 6 897
6 9 0 0 898
4 4 6 0 898
4 4 6 4 898
9 6 0 0 899
5 3 0 6 899
5 3 5 6 899
6 9 0 0 900
4 4 6 0 900
4 4 6 4 900
6 9 0 0 901
4 4 6 0 901
4 4 6 4 901
7 7 0 0 902
3 3 0 7 902
3 3 3 7 902
3 4 7 0 902
3 4 7 4 902
7 7 0 0 903
3 3 0 7 903
3 3 3 7 903
3 4 7 0 903
3 4 7 4 903
7 7 0 0 904
3 3 0 7 904
3 3 3 7 904
3 4 7 0 904
3 4 7 4 904
7 7 0 0 905
3 3 0 7 905
3 3 3 7 905
3 4 7 0 905
3 4 7 4 905
7 7 0 0 906
3 3 0 7 906
3 3 3 7 906
3 4 7 0 906
3 4 7 4 906
7 7 0 0 907
3 3 0 7 907
3 3 3 7 907
3 4 7 0 907
3 4 7 4 907
7 7 0 0 908
3 3 0 7 908
3 3 3 7 908
3 4 7 0 908
3 4 7 4 908
7 7 0 0 909
3 3 0 7 909
3 3 3 7 909
3 4 7 0 909
3 4 7 4 909
7 7 0 0 910
3 3 0 7 910
3 3 3 7 910
3 4 7 0 910
3 4 7 4 910
7 7 0 0 911
3 3 0 7 911
3 3 3 7 911
3 4 7 0 911
3 4 7 4 911
7 7 0 0 912
3 3 0 7 912
3 3 3 7 912
3 4 7 0 912
3 4 7 4 912
7 7 0 0 913
3 3 0 7 913
3 3 3 7 913
3 4 7 0 913
3 4 7 4 913
7 7 0 0 914
3 3 0 7 914
3 3 3 7 914
3 4 7 0 914
3 4 7 4 914
7 7 0 0 915
3 3 0 7 915
3 3 3 7 915
3 4 7 0 915
3 5 7 4 915
7 7 0 0 916
3 3 0 7 916
3 3 3 7 916
3 5 7 0 916
3 5 7 5 916
7 7 0 0 917
3 3 0 7 917
3 3 3 7 917
3 5 7 0 917
3 5 7 5 917
7 7 0 0 918
3 3 0 7 918
3 3 3 7 918
3 5 7 0 918
3 5 7 5 918
7 7 0 0 919
3 3 0 7 919
3 3 3 7 919
3 5 7 0 919
3 5 7 5 919
7 7 0 0 920
3 3 0 7 920
3 3 3 7 920
3 5 7 0 920
3 5 7 5 920
7 7 0 0 921
3 3 0 7 921
3 3 3 7 921
3 5 7 0 921
3 5 7 5 921
7 7 0 0 922
3 3 0 7 922
3 3 3 7 922
3 5 7 0 922
3 5 7 5 922
7 7 0 0 923
3 3 0 7 923
3 3 3 7 923
3 5 7 0 923
3 5 7 5 923
7 7 0 0 924
3 3 0 7 924
3 3 3 7 924
3 5 7 0 924
3 5 7 5 924
7 7 0 0 925
3 3 0 7 925
3 3 3 7 925
3 5 7 0 925
3 5 7 5 925
7 7 0 0 926
3 3 0 7 926
3 3 3 7 926
3 5 7 0 926
3 5 7 5 926
7 7 0 0 927
3 3 0 7 927
3 3 3 7 927
3 5 7 0 927
3 5 7 5 927
7 7 0 0 928
3 3 0 7 928
3 3 3 7 928
3 5 7 0 928
3 5 7 5 928
7 7 0 0 929
3 3 0 7 929
3 3 3 7 929
3 5 7 0 929
3 5 7 5 929
7 7 0 0 930
3 3 0 7 930
3 3 3 7 930
3 5 7 0 930
3 5 7 5 930
7 7 0 0 931
3 3 0 7 931
3 3 3 7 931
3 5 7 0 931
3 5 7 5 931
7 7 0 0 932
3 3 0 7 932
3 3 3 7 932
3 5 7 0 932
3 5 7 5 932
7 7 0 0 933
3 3 0 7 933
3 3 3 7 933
3 5 7 0 933
3 5 7 5 933
7 7 0 0 934
3 3 0 7 934
3 3 3 7 934
3 5 7 0 934
3 5 7 5 934
7 7 0 0 935
3 3 0 7 935
3 3 3 7 935
3 5 7 0 935
3 5 7 5 935
7 7 0 0 936
3 3 0 7 936
3 3 3 7 936
3 5 7 0 936
3 5 7 5 936
7 7 0 0 937
3 3 0 7 937
3 3 3 7 937
3 5 7 0 937
3 5 7 5 937
7 7 0 0 938
3 3 0 7 938
3 3 3 7 938
3 5 7 0 938
3 5 7 5 938
7 7 0 0 939
3 3 0 7 939
3 3 3 7 939
3 5 7 0 939
3 5 7 5 939
7 7 0 0 940
3 3 0 7 940
3 3 3 7 940
3 5 7 0 940
3 5 7 5 940
7 7 0 0 941
3 3 0 7 941
3 3 3 7 941
3 5 7 0 941
3 5 7 5 941
7 7 0 0 942
3 3 0 7 942
3 3 3 7 942
3 5 7 0 942
3 5 7 5 942
8 6 0 0 943
5 3 0 6 943
5 3 5 6 943
8 6 0 0 944
5 3 0 6 944
5 3 5 6 944
6 8 0 0 945
4 4 6 0 945
4 4 6 4 945
9 2 0 8 945
8 6 0 0 946
5 3 0 6 946
5 3 5 6 946
6 8 0 0 947
4 4 6 0 947
4 4 6 4 947
9 2 0 8 947
6 8 0 0 948
4 4 6 0 948
4 4 6 4 948
9 2 0 8 948
6 8 0 0 949
4 4 6 0 949
4 4 6 4 949
9 2 0 8 949
8 6 0 0 950
5 3 0 6 950
5 3 5 6 950
6 8 0 0 951
4 4 6 0 951
4 4 6 4 951
9 2 0 8 951
6 8 0 0 952
4 4 6 0 952
4 4 6 4 952
9 2 0 8 952
6 8 0 0 953
4 4 6 0 953
4 4 6 4 953
9 2 0 8 953
6 8 0 0 954
4 4 6 0 954
4 4 6 4 954
9 2 0 8 954
8 6 0 0 955
5 3 0 6 955
5 3 5 6 955
8 6 0 0 956
5 3 0 6 956
5 3 5 6 956
6 8 0 0 957
4 4 6 0 957
4 4 6 4 957
9 2 0 8 957
8 6 0 0 958
5 3 0 6 958
5 3 5 6 958
8 6 0 0 959
5 3 0 6 959
5 3 5 6 959
8 6 0 0 960
5 3 0 6 960
5 3 5 6 960
6 8 0 0 961
4 4 6 0 961
4 4 6 4 961
9 2 0 8 961
6 8 0 0 962
4 4 6 0 962
4 4 6 4 962
9 2 0 8 962
8 6 0 0 963
5 3 0 6 963
5 3 5 6 963
8 6 0 0 964
5 3 0 6 964
5 3 5 6 964
6 8 0 0 965
3 6 6 0 965
6 8 0 0 966
3 6 6 0 966
8 6 0 0 967
5 3 0 6 967
5 3 5 6 967
6 8 0 0 968
3 6 6 0 968
8 6 0 0 969
5 3 0 6 969
5 3 5 6 969
8 6 0 0 970
5 3 0 6 970
5 3 5 6 970
6 8 0 0 971
3 6 6 0 971
8 6 0 0 972
5 3 0 6 972
5 3 5 6 972
8 6 0 0 973
5 3 0 6 973
5 3 5 6 973
6 8 0 0 974
3 6 6 0 974
6 8 0 0 975
3 6 6 0 975
8 6 0 0 976
6 3 0 6 976
8 6 0 0 977
6 3 0 6 977
6 8 0 0 978
3 6 6 0 978
6 8 0 0 979
3 6 6 0 979
8 6 0 0 980
6 3 0 6 980
6 8 0 0 981
3 6 6 0 981
6 8 0 0 982
3 6 6 0 982
6 8 0 0 983
3 6 6 0 983
8 6 0 0 984
6 3 0 6 984
6 8 0 0 985
3 6 6 0 985
8 6 0 0 986
6 3 0 6 986
8 6 0 0 987
6 3 0 6 987
6 8 0 0 988
3 6 6 0 988
6 8 0 0 989
3 6 6 0 989
8 6 0 0 990
6 3 0 6 990
8 6 0 0 991
6 3 0 6 991
8 6 0 0 992
6 3 0 6 992
6 8 0 0 993
3 6 6 0 993
8 6 0 0 994
6 3 0 6 994
6 8 0 0 995
3 6 6 0 995
8 6 0 0 996
6 3 0 6 996
8 6 0 0 997
6 3 0 6 997
6 8 0 0 998
3 6 6 0 998
8 6 0 0 999
6 3 0 6 999
6 8 0 0 1000
3 6 6 0 1000
6 8 0 0 1001
3 6 6 0 1001
6 8 0 0 1002
3 6 6 0 1002
6 8 0 0 1003
3 6 6 0 1003
6 8 0 0 1004
3 6 6 0 1004
6 8 0 0 1005
3 6 6 0 1005
8 6 0 0 1006
6 3 0 6 1006
6 8 0 0 1007
3 6 6 0 1007
6 8 0 0 1008
3 6 6 0 1008
6 8 0 0 1009
2 9 6 0 1009
2 9 8 0 1009
8 6 0 0 1010
6 3 0 6 1010
8 6 0 0 1011
6 3 0 6 1011
6 8 0 0 1012
2 9 6 0 1012
2 9 8 0 1012
8 6 0 0 1013
6 3 0 6 1013
8 6 0 0 1014
6 3 0 6 1014
8 6 0 0 1015
6 3 0 6 1015
8 6 0 0 1016
6 3 0 6 1016
8 6 0 0 1017
6 3 0 6 1017
6 8 0 0 1018
3 6 6 0 1018
8 6 0 0 1019
6 3 0 6 1019
8 6 0 0 1020
6 3 0 6 1020
8 6 0 0 1021
6 3 0 6 1021
6 8 0 0 1022
2 9 6 0 1022
2 9 8 0 1022
6 8 0 0 1023
3 6 6 0 1023
8 6 0 0 1024
6 3 0 6 1024
6 8 0 0 1025
3 6 6 0 1025
9 5 0 0 1026
9 5 0 5 1026
1 10 9 0 1026
5 9 0 0 1027
5 9 5 0 1027
9 5 0 0 1028
9 5 0 5 1028
5 9 0 0 1029
5 9 5 0 1029
9 5 0 0 1030
9 5 0 5 1030
5 9 0 0 1031
5 9 5 0 1031
9 5 0 0 1032
9 5 0 5 1032
5 9 0 0 1033
5 9 5 0 1033
5 9 0 0 1034
5 9 5 0 1034
9 5 0 0 1035
9 5 0 5 1035
9 5 0 0 1036
9 5 0 5 1036
5 9 0 0 1037
5 9 5 0 1037
5 9 0 0 1038
5 9 5 0 1038
9 5 0 0 1039
9 2 0 5 1039
9 2 0 7 1039
5 9 0 0 1040
5 9 5 0 1040
5 9 0 0 1041
5 9 5 0 1041
9 5 0 0 1042
9 5 0 5 1042
9 5 0 0 1043
9 5 0 5 1043
5 9 0 0 1044
5 9 5 0 1044
5 9 0 0 1045
5 9 5 0 1045
5 9 0 0 1046
5 9 5 0 1046
9 5 0 0 1047
9 5 0 5 1047
9 5 0 0 1048
9 5 0 5 1048
5 9 0 0 1049
5 8 5 0 1049
6 7 0 0 1050
6 3 0 7 1050
2 9 6 0 1050
2 9 8 0 1050
6 7 0 0 1051
6 3 0 7 1051
2 9 6 0 1051
2 9 8 0 1051
6 7 0 0 1052
2 9 6 0 1052
2 9 8 0 1052
6 3 0 7 1052
7 6 0 0 1053
3 6 7 0 1053
9 2 0 6 1053
9 2 0 8 1053
6 7 0 0 1054
2 9 6 0 1054
2 9 8 0 1054
6 3 0 7 1054
6 7 0 0 1055
2 9 6 0 1055
2 9 8 0 1055
6 3 0 7 1055
6 7 0 0 1056
2 9 6 0 1056
2 9 8 0 1056
6 3 0 7 1056
6 7 0 0 1057
2 9 6 0 1057
2 9 8 0 1057
6 3 0 7 1057
7 6 0 0 1058
3 6 7 0 1058
9 2 0 6 1058
9 2 0 8 1058
7 6 0 0 1059
3 6 7 0 1059
9 2 0 6 1059
9 2 0 8 1059
6 7 0 0 1060
2 9 6 0 1060
2 9 8 0 1060
6 3 0 7 1060
6 7 0 0 1061
2 9 6 0 1061
2 9 8 0 1061
6 3 0 7 1061
6 7 0 0 1062
2 9 6 0 1062
2 9 8 0 1062
6 3 0 7 1062
6 7 0 0 1063
2 9 6 0 1063
2 9 8 0 1063
6 3 0 7 1063
6 7 0 0 1064
2 9 6 0 1064
2 9 8 0 1064
6 3 0 7 1064
7 6 0 0 1065
3 6 7 0 1065
9 2 0 6 1065
9 2 0 8 1065
7 6 0 0 1066
3 6 7 0 1066
9 2 0 6 1066
9 2 0 8 1066
6 7 0 0 1067
2 9 6 0 1067
2 9 8 0 1067
6 3 0 7 1067
6 7 0 0 1068
2 9 6 0 1068
2 9 8 0 1068
6 3 0 7 1068
6 7 0 0 1069
2 9 6 0 1069
2 9 8 0 1069
6 3 0 7 1069
7 6 0 0 1070
3 6 7 0 1070
9 2 0 6 1070
9 2 0 8 1070
7 6 0 0 1071
3 6 7 0 1071
9 2 0 6 1071
9 2 0 8 1071
7 6 0 0 1072
3 6 7 0 1072
9 2 0 6 1072
9 2 0 8 1072
6 7 0 0 1073
2 9 6 0 1073
2 9 8 0 1073
6 3 0 7 1073
7 6 0 0 1074
3 6 7 0 1074
9 2 0 6 1074
9 2 0 8 1074
6 7 0 0 1075
2 9 6 0 1075
2 9 8 0 1075
6 3 0 7 1075
7 6 0 0 1076
3 6 7 0 1076
9 2 0 6 1076
9 2 0 8 1076
6 7 0 0 1077
2 9 6 0 1077
2 9 8 0 1077
6 3 0 7 1077
7 6 0 0 1078
3 6 7 0 1078
9 2 0 6 1078
9 2 0 8 1078
6 7 0 0 1079
2 9 6 0 1079
2 9 8 0 1079
6 3 0 7 1079
6 7 0 0 1080
2 9 6 0 1080
2 9 8 0 1080
6 3 0 7 1080
7 6 0 0 1081
3 6 7 0 1081
9 2 0 6 1081
9 2 0 8 1081
6 7 0 0 1082
2 9 6 0 1082
2 9 8 0 1082
6 3 0 7 1082
6 7 0 0 1083
2 9 6 0 1083
2 9 8 0 1083
6 3 0 7 1083
7 6 0 0 1084
3 6 7 0 1084
9 2 0 6 1084
9 2 0 8 1084
7 6 0 0 1085
3 6 7 0 1085
9 2 0 6 1085
9 2 0 8 1085
6 7 0 0 1086
2 9 6 0 1086
2 9 8 0 1086
6 3 0 7 1086
6 7 0 0 1087
2 9 6 0 1087
2 9 8 0 1087
6 3 0 7 1087
7 6 0 0 1088
3 6 7 0 1088
9 2 0 6 1088
9 2 0 8 1088
6 7 0 0 1089
2 9 6 0 1089
2 9 8 0 1089
6 3 0 7 1089
7 6 0 0 1090
3 6 7 0 1090
9 2 0 6 1090
9 2 0 8 1090
7 6 0 0 1091
3 6 7 0 1091
9 2 0 6 1091
9 2 0 8 1091
7 6 0 0 1092
3 6 7 0 1092
9 2 0 6 1092
9 2 0 8 1092
6 7 0 0 1093
2 9 6 0 1093
2 9 8 0 1093
6 3 0 7 1093
6 7 0 0 1094
2 9 6 0 1094
2 9 8 0 1094
6 3 0 7 1094
7 6 0 0 1095
3 6 7 0 1095
9 2 0 6 1095
9 2 0 8 1095
7 6 0 0 1096
3 6 7 0 1096
9 2 0 6 1096
9 2 0 8 1096
7 6 0 0 1097
3 6 7 0 1097
9 2 0 6 1097
9 2 0 8 1097
6 7 0 0 1098
2 9 6 0 1098
2 9 8 0 1098
6 3 0 7 1098
6 7 0 0 1099
2 9 6 0 1099
2 9 8 0 1099
6 3 0 7 1099
7 6 0 0 1100
3 6 7 0 1100
9 2 0 6 1100
9 2 0 8 1100
6 7 0 0 1101
2 9 6 0 1101
2 9 8 0 1101
7 6 0 0 1102
3 6 7 0 1102
9 2 0 6 1102
9 2 0 8 1102
7 6 0 0 1103
3 6 7 0 1103
9 2 0 6 1103
9 2 0 8 1103
6 7 0 0 1104
2 9 6 0 1104
2 9 8 0 1104
6 7 0 0 1105
2 9 6 0 1105
2 9 8 0 1105
7 6 0 0 1106
3 6 7 0 1106
9 2 0 6 1106
9 2 0 8 1106
6 7 0 0 1107
2 9 6 0 1107
2 9 8 0 1107
7 6 0 0 1108
3 6 7 0 1108
9 2 0 6 1108
9 2 0 8 1108
7 6 0 0 1109
3 6 7 0 1109
9 2 0 6 1109
9 2 0 8 1109
7 6 0 0 1110
3 6 7 0 1110
9 2 0 6 1110
9 2 0 8 1110
7 6 0 0 1111
3 6 7 0 1111
9 2 0 6 1111
9 2 0 8 1111
6 7 0 0 1112
2 9 6 0 1112
2 9 8 0 1112
6 7 0 0 1113
2 9 6 0 1113
2 9 8 0 1113
7 6 0 0 1114
3 6 7 0 1114
9 2 0 6 1114
10 2 0 8 1114
7 6 0 0 1115
3 6 7 0 1115
10 2 0 6 1115
10 2 0 8 1115
6 7 0 0 1116
2 9 6 0 1116
2 9 8 0 1116
6 7 0 0 1117
2 9 6 0 1117
2 9 8 0 1117
7 6 0 0 1118
3 6 7 0 1118
5 4 0 6 1118
5 4 5 6 1118
7 6 0 0 1119
3 6 7 0 1119
10 2 0 6 1119
10 2 0 8 1119
7 6 0 0 1120
3 6 7 0 1120
5 4 0 6 1120
5 4 5 6 1120
7 6 0 0 1121
5 4 0 6 1121
5 4 5 6 1121
6 7 0 0 1122
2 9 6 0 1122
2 9 8 0 1122
7 6 0 0 1123
10 2 0 6 1123
10 2 0 8 1123
8 5 0 0 1124
4 5 0 5 1124
4 5 4 5 1124
2 10 8 0 1124
8 5 0 0 1125
8 5 0 5 1125
2 10 8 0 1125
5 8 0 0 1126
5 8 5 0 1126
10 2 0 8 1126
8 5 0 0 1127
8 5 0 5 1127
2 10 8 0 1127
8 5 0 0 1128
8 5 0 5 1128
2 10 8 0 1128
5 8 0 0 1129
5 8 5 0 1129
10 2 0 8 1129
8 5 0 0 1130
8 5 0 5 1130
2 10 8 0 1130
8 5 0 0 1131
8 5 0 5 1131
2 10 8 0 1131
5 8 0 0 1132
5 8 5 0 1132
10 2 0 8 1132
5 8 0 0 1133
5 8 5 0 1133
10 2 0 8 1133
8 5 0 0 1134
8 5 0 5 1134
2 10 8 0 1134
5 8 0 0 1135
5 8 5 0 1135
10 2 0 8 1135
5 8 0 0 1136
5 8 5 0 1136
10 2 0 8 1136
5 8 0 0 1137
5 8 5 0 1137
10 2 0 8 1137
8 5 0 0 1138
8 5 0 5 1138
2 10 8 0 1138
8 5 0 0 1139
8 5 0 5 1139
2 10 8 0 1139
5 8 0 0 1140
5 8 5 0 1140
10 2 0 8 1140
5 8 0 0 1141
5 8 5 0 1141
10 2 0 8 1141
8 5 0 0 1142
8 5 0 5 1142
2 10 8 0 1142
8 5 0 0 1143
8 5 0 5 1143
2 10 8 0 1143
8 5 0 0 1144
8 5 0 5 1144
2 10 8 0 1144
8 5 0 0 1145
8 5 0 5 1145
2 10 8 0 1145
5 8 0 0 1146
5 8 5 0 1146
10 2 0 8 1146
8 5 0 0 1147
8 5 0 5 1147
2 10 8 0 1147
8 5 0 0 1148
8 5 0 5 1148
2 10 8 0 1148
5 8 0 0 1149
5 8 5 0 1149
10 2 0 8 1149
8 5 0 0 1150
8 5 0 5 1150
2 10 8 0 1150
5 8 0 0 1151
5 8 5 0 1151
10 2 0 8 1151
8 5 0 0 1152
10 2 0 5 1152
10 2 0 7 1152
8 5 0 0 1153
8 5 0 5 1153
2 10 8 0 1153
5 8 0 0 1154
5 8 5 0 1154
10 2 0 8 1154
5 8 0 0 1155
5 8 5 0 1155
10 2 0 8 1155
8 5 0 0 1156
8 5 0 5 1156
2 10 8 0 1156
5 8 0 0 1157
5 8 5 0 1157
10 2 0 8 1157
8 5 0 0 1158
8 5 0 5 1158
2 10 8 0 1158
6 6 0 0 1159
5 4 0 6 1159
4 5 6 0 1159
4 5 6 5 1159
6 6 0 0 1160
5 4 0 6 1160
2 10 6 0 1160
2 10 8 0 1160
6 6 0 0 1161
5 4 0 6 1161
2 10 6 0 1161
2 10 8 0 1161
6 6 0 0 1162
5 4 0 6 1162
4 5 6 0 1162
4 5 6 5 1162
6 6 0 0 1163
5 4 0 6 1163
2 10 6 0 1163
2 10 8 0 1163
6 6 0 0 1164
5 4 0 6 1164
2 10 6 0 1164
2 10 8 0 1164
6 6 0 0 1165
5 4 0 6 1165
4 5 6 0 1165
4 5 6 5 1165
6 6 0 0 1166
5 4 0 6 1166
4 5 6 0 1166
4 5 6 5 1166
6 6 0 0 1167
5 4 0 6 1167
2 10 6 0 1167
2 10 8 0 1167
6 6 0 0 1168
5 4 0 6 1168
2 10 6 0 1168
2 10 8 0 1168
6 6 0 0 1169
5 4 0 6 1169
2 10 6 0 1169
2 10 8 0 1169
6 6 0 0 1170
5 4 0 6 1170
2 10 6 0 1170
2 10 8 0 1170
6 6 0 0 1171
5 4 0 6 1171
4 5 6 0 1171
4 5 6 5 1171
6 6 0 0 1172
5 4 0 6 1172
2 10 6 0 1172
2 10 8 0 1172
6 6 0 0 1173
5 4 0 6 1173
4 5 6 0 1173
4 5 6 5 1173
6 6 0 0 1174
5 4 0 6 1174
4 5 6 0 1174
4 5 6 5 1174
6 6 0 0 1175
5 4 0 6 1175
2 10 6 0 1175
2 10 8 0 1175
6 6 0 0 1176
5 4 0 6 1176
2 10 6 0 1176
2 10 8 0 1176
6 6 0 0 1177
5 4 0 6 1177
2 10 6 0 1177
2 10 8 0 1177
6 6 0 0 1178
5 4 0 6 1178
4 5 6 0 1178
4 5 6 5 1178
6 6 0 0 1179
5 4 0 6 1179
2 10 6 0 1179
2 10 8 0 1179
6 6 0 0 1180
5 4 0 6 1180
2 10 6 0 1180
2 10 8 0 1180
6 6 0 0 1181
5 4 0 6 1181
2 10 6 0 1181
2 10 8 0 1181
6 6 0 0 1182
5 4 0 6 1182
2 10 6 0 1182
2 10 8 0 1182
6 6 0 0 1183
5 4 0 6 1183
2 10 6 0 1183
2 10 8 0 1183
6 6 0 0 1184
5 4 0 6 1184
2 10 6 0 1184
2 10 8 0 1184
6 6 0 0 1185
5 4 0 6 1185
2 10 6 0 1185
2 10 8 0 1185
6 6 0 0 1186
5 4 0 6 1186
4 5 6 0 1186
4 5 6 5 1186
6 6 0 0 1187
5 4 0 6 1187
2 10 6 0 1187
2 10 8 0 1187
6 6 0 0 1188
5 4 0 6 1188
2 10 6 0 1188
2 10 8 0 1188
6 6 0 0 1189
5 4 0 6 1189
4 5 6 0 1189
4 5 6 5 1189
6 6 0 0 1190
5 4 0 6 1190
2 10 6 0 1190
2 10 8 0 1190
6 6 0 0 1191
2 10 6 0 1191
2 10 8 0 1191
5 4 0 6 1191
6 6 0 0 1192
4 5 6 0 1192
4 5 6 5 1192
5 4 0 6 1192
6 6 0 0 1193
2 10 6 0 1193
2 10 8 0 1193
5 4 0 6 1193
6 6 0 0 1194
4 5 6 0 1194
4 5 6 5 1194
5 4 0 6 1194
6 6 0 0 1195
2 10 6 0 1195
2 10 8 0 1195
5 4 0 6 1195
6 6 0 0 1196
2 10 6 0 1196
2 10 8 0 1196
5 4 0 6 1196
6 6 0 0 1197
2 10 6 0 1197
2 10 8 0 1197
5 4 0 6 1197
6 6 0 0 1198
2 10 6 0 1198
5 4 0 6 1198
2 10 8 0 1198
6 6 0 0 1199
4 5 6 0 1199
4 5 6 5 1199
5 4 0 6 1199
6 6 0 0 1200
2 10 6 0 1200
2 10 8 0 1200
5 4 0 6 1200
6 6 0 0 1201
2 10 6 0 1201
2 10 8 0 1201
5 4 0 6 1201
6 6 0 0 1202
4 5 6 0 1202
4 5 6 5 1202
5 4 0 6 1202
6 6 0 0 1203
4 5 6 0 1203
4 5 6 5 1203
5 4 0 6 1203
6 6 0 0 1204
2 10 6 0 1204
2 10 8 0 1204
5 4 0 6 1204
6 6 0 0 1205
2 10 6 0 1205
2 10 8 0 1205
5 4 0 6 1205
6 6 0 0 1206
4 5 6 0 1206
4 5 6 5 1206
5 4 0 6 1206
6 6 0 0 1207
4 5 6 0 1207
4 5 6 5 1207
5 4 0 6 1207
6 6 0 0 1208
2 10 6 0 1208
2 10 8 0 1208
5 4 0 6 1208
6 6 0 0 1209
4 5 6 0 1209
4 5 6 5 1209
5 4 0 6 1209
6 6 0 0 1210
4 5 6 0 1210
5 4 0 6 1210
6 6 0 0 1211
2 10 6 0 1211
2 10 8 0 1211
6 4 0 6 1211
6 6 0 0 1212
2 10 6 0 1212
2 10 8 0 1212
6 4 0 6 1212
6 6 0 0 1213
2 10 6 0 1213
2 10 8 0 1213
6 4 0 6 1213
6 6 0 0 1214
2 10 6 0 1214
2 10 8 0 1214
6 4 0 6 1214
6 6 0 0 1215
2 10 6 0 1215
2 10 8 0 1215
6 4 0 6 1215
6 6 0 0 1216
2 10 6 0 1216
2 10 8 0 1216
6 4 0 6 1216
6 6 0 0 1217
2 10 6 0 1217
2 10 8 0 1217
6 4 0 6 1217
6 6 0 0 1218
4 6 6 0 1218
6 4 0 6 1218
6 6 0 0 1219
4 6 6 0 1219
6 4 0 6 1219
6 6 0 0 1220
4 6 6 0 1220
6 4 0 6 1220
6 6 0 0 1221
4 6 6 0 1221
6 4 0 6 1221
6 6 0 0 1222
6 4 0 6 1222
4 6 6 0 1222
6 6 0 0 1223
6 4 0 6 1223
4 6 6 0 1223
6 6 0 0 1224
6 4 0 6 1224
4 6 6 0 1224
6 6 0 0 1225
6 4 0 6 1225
4 6 6 0 1225
6 6 0 0 1226
6 4 0 6 1226
4 6 6 0 1226
6 6 0 0 1227
6 4 0 6 1227
4 6 6 0 1227
6 6 0 0 1228
6 4 0 6 1228
4 6 6 0 1228
6 6 0 0 1229
6 4 0 6 1229
4 6 6 0 1229
6 6 0 0 1230
6 4 0 6 1230
4 6 6 0 1230
6 6 0 0 1231
6 4 0 6 1231
4 6 6 0 1231
6 6 0 0 1232
6 4 0 6 1232
4 6 6 0 1232
6 6 0 0 1233
6 4 0 6 1233
4 6 6 0 1233
6 6 0 0 1234
6 4 0 6 1234
4 6 6 0 1234
6 6 0 0 1235
6 4 0 6 1235
4 6 6 0 1235
6 6 0 0 1236
6 4 0 6 1236
4 6 6 0 1236
6 6 0 0 1237
6 4 0 6 1237
4 6 6 0 1237
6 6 0 0 1238
4 6 6 0 1238
6 4 0 6 1238
6 6 0 0 1239
4 6 6 0 1239
6 4 0 6 1239
6 6 0 0 1240
6 4 0 6 1240
4 6 6 0 1240
6 6 0 0 1241
4 6 6 0 1241
6 4 0 6 1241
6 6 0 0 1242
4 6 6 0 1242
6 4 0 6 1242
6 6 0 0 1243
6 4 0 6 1243
4 6 6 0 1243
6 6 0 0 1244
6 4 0 6 1244
4 6 6 0 1244
6 6 0 0 1245
4 6 6 0 1245
6 4 0 6 1245
6 6 0 0 1246
6 4 0 6 1246
4 6 6 0 1246
6 6 0 0 1247
6 4 0 6 1247
4 6 6 0 1247
6 6 0 0 1248
4 6 6 0 1248
6 4 0 6 1248
6 6 0 0 1249
4 6 6 0 1249
6 4 0 6 1249
6 6 0 0 1250
4 6 6 0 1250
6 4 0 6 1250
6 6 0 0 1251
4 6 6 0 1251
6 4 0 6 1251
6 6 0 0 1252
4 6 6 0 1252
6 4 0 6 1252
6 6 0 0 1253
6 4 0 6 1253
4 6 6 0 1253
6 6 0 0 1254
6 4 0 6 1254
4 6 6 0 1254
6 6 0 0 1255
4 6 6 0 1255
6 4 0 6 1255
6 6 0 0 1256
6 4 0 6 1256
4 6 6 0 1256
6 6 0 0 1257
6 4 0 6 1257
4 6 6 0 1257
6 6 0 0 1258
6 4 0 6 1258
4 6 6 0 1258
6 6 0 0 1259
6 4 0 6 1259
4 6 6 0 1259
6 6 0 0 1260
6 4 0 6 1260
4 6 6 0 1260
6 6 0 0 1261
6 4 0 6 1261
4 6 6 0 1261
6 6 0 0 1262
6 4 0 6 1262
4 6 6 0 1262
6 6 0 0 1263
6 4 0 6 1263
4 6 6 0 1263
6 6 0 0 1264
6 4 0 6 1264
4 6 6 0 1264
6 6 0 0 1265
6 4 0 6 1265
4 6 6 0 1265
6 6 0 0 1266
6 4 0 6 1266
4 6 6 0 1266
6 6 0 0 1267
6 4 0 6 1267
4 6 6 0 1267
6 6 0 0 1268
6 4 0 6 1268
4 6 6 0 1268
7 5 0 0 1269
7 5 0 5 1269
2 10 7 0 1269
5 7 0 0 1270
5 7 5 0 1270
10 2 0 7 1270
7 5 0 0 1271
7 5 0 5 1271
2 10 7 0 1271
7 5 0 0 1272
7 5 0 5 1272
2 10 7 0 1272
5 7 0 0 1273
5 7 5 0 1273
10 2 0 7 1273
7 5 0 0 1274
7 5 0 5 1274
2 10 7 0 1274
5 7 0 0 1275
5 7 5 0 1275
10 2 0 7 1275
7 5 0 0 1276
7 5 0 5 1276
2 10 7 0 1276
7 5 0 0 1277
7 5 0 5 1277
2 10 7 0 1277
5 7 0 0 1278
5 7 5 0 1278
10 2 0 7 1278
7 5 0 0 1279
7 5 0 5 1279
2 10 7 0 1279
7 5 0 0 1280
7 5 0 5 1280
2 10 7 0 1280
5 7 0 0 1281
5 7 5 0 1281
10 2 0 7 1281
7 5 0 0 1282
7 5 0 5 1282
2 10 7 0 1282
5 7 0 0 1283
5 7 5 0 1283
10 2 0 7 1283
7 5 0 0 1284
7 5 0 5 1284
2 10 7 0 1284
7 5 0 0 1285
7 5 0 5 1285
2 10 7 0 1285
5 7 0 0 1286
5 7 5 0 1286
10 2 0 7 1286
7 5 0 0 1287
10 2 0 5 1287
10 2 0 7 1287
7 5 0 0 1288
7 5 0 5 1288
2 10 7 0 1288
5 7 0 0 1289
5 7 5 0 1289
10 2 0 7 1289
7 5 0 0 1290
7 5 0 5 1290
2 10 7 0 1290
5 7 0 0 1291
5 7 5 0 1291
10 2 0 7 1291
5 7 0 0 1292
5 7 5 0 1292
10 2 0 7 1292
7 5 0 0 1293
10 2 0 5 1293
10 2 0 7 1293
5 7 0 0 1294
5 7 5 0 1294
10 2 0 7 1294
7 5 0 0 1295
7 5 0 5 1295
2 10 7 0 1295
7 5 0 0 1296
7 5 0 5 1296
2 10 7 0 1296
5 7 0 0 1297
5 7 5 0 1297
10 2 0 7 1297
7 5 0 0 1298
7 5 0 5 1298
2 10 7 0 1298
5 7 0 0 1299
5 7 5 0 1299
10 2 0 7 1299
7 5 0 0 1300
6 5 0 5 1300
4 5 6 5 1300
5 6 0 0 1301
5 6 5 0 1301
10 2 0 6 1301
10 2 0 8 1301
5 6 0 0 1302
5 6 5 0 1302
10 2 0 6 1302
10 2 0 8 1302
6 5 0 0 1303
6 5 0 5 1303
4 6 6 0 1303
5 6 0 0 1304
5 6 5 0 1304
10 2 0 6 1304
10 2 0 8 1304
6 5 0 0 1305
6 5 0 5 1305
4 6 6 0 1305
6 5 0 0 1306
6 5 0 5 1306
4 6 6 0 1306
5 6 0 0 1307
5 6 5 0 1307
10 2 0 6 1307
10 2 0 8 1307
6 5 0 0 1308
4 5 6 0 1308
10 2 0 5 1308
10 2 0 7 1308
5 6 0 0 1309
5 6 5 0 1309
10 2 0 6 1309
10 2 0 8 1309
6 5 0 0 1310
4 5 6 0 1310
10 2 0 5 1310
10 2 0 7 1310
6 5 0 0 1311
6 5 0 5 1311
4 6 6 0 1311
6 5 0 0 1312
6 5 0 5 1312
4 6 6 0 1312
5 6 0 0 1313
5 6 5 0 1313
10 2 0 6 1313
10 2 0 8 1313
6 5 0 0 1314
6 5 0 5 1314
4 6 6 0 1314
5 6 0 0 1315
5 6 5 0 1315
10 2 0 6 1315
10 2 0 8 1315
6 5 0 0 1316
6 5 0 5 1316
4 6 6 0 1316
6 5 0 0 1317
10 2 0 5 1317
10 2 0 7 1317
4 5 6 0 1317
5 6 0 0 1318
5 6 5 0 1318
10 2 0 6 1318
10 2 0 8 1318
5 6 0 0 1319
5 6 5 0 1319
10 2 0 6 1319
10 2 0 8 1319
5 6 0 0 1320
5 6 5 0 1320
10 2 0 6 1320
10 2 0 8 1320
5 6 0 0 1321
5 6 5 0 1321
10 2 0 6 1321
10 2 0 8 1321
6 5 0 0 1322
4 5 6 0 1322
10 2 0 5 1322
10 2 0 7 1322
6 5 0 0 1323
6 5 0 5 1323
4 6 6 0 1323
5 6 0 0 1324
5 6 5 0 1324
10 2 0 6 1324
10 2 0 8 1324
5 6 0 0 1325
5 6 5 0 1325
10 2 0 6 1325
10 2 0 8 1325
5 6 0 0 1326
5 6 5 0 1326
10 2 0 6 1326
10 2 0 8 1326
6 5 0 0 1327
6 5 0 5 1327
4 6 6 0 1327
5 6 0 0 1328
5 6 5 0 1328
10 2 0 6 1328
10 2 0 8 1328
5 6 0 0 1329
5 6 5 0 1329
10 2 0 6 1329
10 2 0 8 1329
6 5 0 0 1330
6 5 0 5 1330
4 6 6 0 1330
6 5 0 0 1331
6 5 0 5 1331
4 6 6 0 1331
5 6 0 0 1332
5 6 5 0 1332
10 2 0 6 1332
10 2 0 8 1332
5 6 0 0 1333
5 6 5 0 1333
10 2 0 6 1333
10 2 0 8 1333
6 5 0 0 1334
6 5 0 5 1334
4 6 6 0 1334
6 5 0 0 1335
6 5 0 5 1335
4 6 6 0 1335
5 6 0 0 1336
5 6 5 0 1336
6 4 0 6 1336
6 5 0 0 1337
6 5 0 5 1337
4 6 6 0 1337
5 6 0 0 1338
5 6 5 0 1338
6 4 0 6 1338
6 5 0 0 1339
6 5 0 5 1339
4 6 6 0 1339
5 6 0 0 1340
5 6 5 0 1340
6 5 0 0 1341
6 5 0 5 1341
4 6 6 0 1341
6 5 0 0 1342
6 5 0 5 1342
5 6 0 0 1343
5 6 5 0 1343
6 5 0 0 1344
6 5 0 5 1344
5 6 0 0 1345
5 5 5 0 1345
5 5 5 5 1345
5 6 0 0 1346
5 6 5 0 1346
5 6 0 0 1347
5 6 5 0 1347
5 6 0 0 1348
5 6 5 0 1348
6 5 0 0 1349
5 5 0 5 1349
5 5 5 5 1349
5 6 0 0 1350
5 6 5 0 1350
6 5 0 0 1351
6 5 0 5 1351
6 5 0 0 1352
6 5 0 5 1352
6 5 0 0 1353
6 5 0 5 1353
5 6 0 0 1354
5 6 5 0 1354
5 6 0 0 1355
5 6 5 0 1355
6 5 0 0 1356
6 5 0 5 1356
5 6 0 0 1357
5 6 5 0 1357
6 5 0 0 1358
6 5 0 5 1358
5 6 0 0 1359
5 5 5 0 1359
5 5 5 5 1359
6 5 0 0 1360
6 5 0 5 1360
6 5 0 0 1361
5 5 0 5 1361
5 5 5 5 1361
5 6 0 0 1362
5 6 5 0 1362
6 5 0 0 1363
6 5 0 5 1363
6 5 0 0 1364
5 5 0 5 1364
5 5 5 5 1364
5 6 0 0 1365
5 6 5 0 1365
5 6 0 0 1366
5 6 5 0 1366
6 5 0 0 1367
5 5 0 5 1367
5 5 5 5 1367
5 6 0 0 1368
5 6 5 0 1368
6 5 0 0 1369
5 5 0 5 1369
5 5 5 5 1369
5 6 0 0 1370
5 6 5 0 1370
6 5 0 0 1371
6 5 0 5 1371
6 5 0 0 1372
5 5 0 5 1372
5 5 5 5 1372
5 6 0 0 1373
5 6 5 0 1373
6 5 0 0 1374
6 5 0 5 1374
5 6 0 0 1375
5 6 5 0 1375
5 5 0 0 1376
5 5 0 5 1376
5 5 5 0 1376
5 5 5 5 1376
5 5 0 0 1377
5 5 0 5 1377
5 5 5 0 1377
5 5 5 5 1377
5 5 0 0 1378
5 5 0 5 1378
5 5 5 0 1378
5 5 5 5 1378
5 5 0 0 1379
5 5 0 5 1379
5 5 5 0 1379
5 5 5 5 1379
5 5 0 0 1380
5 5 0 5 1380
5 5 5 0 1380
5 5 5 5 1380
5 5 0 0 1381
5 5 0 5 1381
5 5 5 0 1381
5 5 5 5 1381
5 5 0 0 1382
5 5 0 5 1382
5 5 5 0 1382
5 5 5 5 1382
5 5 0 0 1383
5 5 0 5 1383
5 5 5 0 1383
5 5 5 5 1383
5 5 0 0 1384
5 5 0 5 1384
5 5 5 0 1384
5 5 5 5 1384
5 5 0 0 1385
5 5 0 5 1385
5 5 5 0 1385
5 5 5 5 1385
5 5 0 0 1386
5 5 0 5 1386
