% State of a bin packing problem:
%
% Bin number: 1482
% Total uncovered points: 14102
% Total covered points: 134098
% Number of boxes: 4498
% Unused boxes: 0
% Runtime: None
%
% Bin size:
10 10
%
% Boxes (width, height) not in some bins:
%
% Boxes (width, height, x_position, y_position, bin_id) in bins:
10 10 0 0 0
10 10 0 0 1
10 10 0 0 2
10 10 0 0 3
10 10 0 0 4
10 10 0 0 5
10 10 0 0 6
10 10 0 0 7
10 10 0 0 8
10 10 0 0 9
10 10 0 0 10
10 10 0 0 11
10 10 0 0 12
10 10 0 0 13
10 10 0 0 14
10 10 0 0 15
10 10 0 0 16
10 10 0 0 17
10 10 0 0 18
10 10 0 0 19
10 10 0 0 20
10 10 0 0 21
10 10 0 0 22
10 10 0 0 23
10 10 0 0 24
10 10 0 0 25
10 10 0 0 26
10 10 0 0 27
10 10 0 0 28
10 10 0 0 29
10 10 0 0 30
10 10 0 0 31
10 10 0 0 32
10 10 0 0 33
10 10 0 0 34
10 10 0 0 35
10 10 0 0 36
10 10 0 0 37
10 10 0 0 38
10 10 0 0 39
10 10 0 0 40
10 10 0 0 41
10 10 0 0 42
10 10 0 0 43
10 10 0 0 44
10 10 0 0 45
10 10 0 0 46
10 10 0 0 47
10 9 0 0 48
1 1 0 9 48
1 1 1 9 48
1 1 2 9 48
1 1 3 9 48
1 1 4 9 48
1 1 5 9 48
1 1 6 9 48
1 1 7 9 48
1 1 8 9 48
1 1 9 9 48
10 9 0 0 49
1 1 0 9 49
1 1 1 9 49
1 1 2 9 49
1 1 3 9 49
1 1 4 9 49
1 1 5 9 49
1 1 6 9 49
1 1 7 9 49
1 1 8 9 49
1 1 9 9 49
10 9 0 0 50
1 1 0 9 50
1 1 1 9 50
1 1 2 9 50
1 1 3 9 50
1 1 4 9 50
1 1 5 9 50
1 1 6 9 50
1 1 7 9 50
1 1 8 9 50
1 1 9 9 50
9 10 0 0 51
1 1 9 0 51
1 1 9 1 51
1 1 9 2 51
1 1 9 3 51
1 1 9 4 51
1 1 9 5 51
1 1 9 6 51
1 1 9 7 51
1 1 9 8 51
1 1 9 9 51
10 9 0 0 52
1 1 0 9 52
1 1 1 9 52
1 1 2 9 52
1 1 3 9 52
2 1 4 9 52
2 1 6 9 52
2 1 8 9 52
9 10 0 0 53
1 2 9 0 53
1 2 9 2 53
1 2 9 4 53
1 2 9 6 53
1 2 9 8 53
9 10 0 0 54
1 2 9 0 54
1 2 9 2 54
1 2 9 4 54
1 2 9 6 54
1 2 9 8 54
10 9 0 0 55
2 1 0 9 55
2 1 2 9 55
2 1 4 9 55
2 1 6 9 55
2 1 8 9 55
9 10 0 0 56
1 2 9 0 56
1 2 9 2 56
1 2 9 4 56
1 2 9 6 56
1 2 9 8 56
9 10 0 0 57
1 2 9 0 57
1 2 9 2 57
1 2 9 4 57
1 2 9 6 57
1 2 9 8 57
9 10 0 0 58
1 2 9 0 58
1 2 9 2 58
1 2 9 4 58
1 2 9 6 58
1 2 9 8 58
10 9 0 0 59
2 1 0 9 59
2 1 2 9 59
2 1 4 9 59
2 1 6 9 59
2 1 8 9 59
10 9 0 0 60
2 1 0 9 60
2 1 2 9 60
2 1 4 9 60
2 1 6 9 60
2 1 8 9 60
9 10 0 0 61
1 2 9 0 61
1 2 9 2 61
1 2 9 4 61
1 2 9 6 61
1 2 9 8 61
9 10 0 0 62
1 2 9 0 62
1 2 9 2 62
1 2 9 4 62
1 2 9 6 62
9 10 0 0 63
1 3 9 0 63
1 3 9 3 63
1 3 9 6 63
9 10 0 0 64
1 3 9 0 64
1 3 9 3 64
1 3 9 6 64
9 10 0 0 65
1 3 9 0 65
1 3 9 3 65
1 3 9 6 65
9 10 0 0 66
1 3 9 0 66
1 3 9 3 66
1 3 9 6 66
10 9 0 0 67
2 1 0 9 67
2 1 2 9 67
2 1 4 9 67
2 1 6 9 67
2 1 8 9 67
9 10 0 0 68
1 3 9 0 68
1 3 9 3 68
1 3 9 6 68
9 10 0 0 69
1 3 9 0 69
1 3 9 3 69
1 3 9 6 69
9 10 0 0 70
1 3 9 0 70
1 3 9 3 70
1 3 9 6 70
10 9 0 0 71
2 1 0 9 71
2 1 2 9 71
2 1 4 9 71
2 1 6 9 71
2 1 8 9 71
10 9 0 0 72
2 1 0 9 72
2 1 2 9 72
2 1 4 9 72
2 1 6 9 72
2 1 8 9 72
10 9 0 0 73
2 1 0 9 73
2 1 2 9 73
2 1 4 9 73
2 1 6 9 73
2 1 8 9 73
10 9 0 0 74
2 1 0 9 74
2 1 2 9 74
2 1 4 9 74
2 1 6 9 74
2 1 8 9 74
9 10 0 0 75
1 3 9 0 75
1 3 9 3 75
1 3 9 6 75
10 9 0 0 76
2 1 0 9 76
2 1 2 9 76
2 1 4 9 76
2 1 6 9 76
2 1 8 9 76
9 10 0 0 77
1 3 9 0 77
1 3 9 3 77
1 3 9 6 77
9 10 0 0 78
1 3 9 0 78
1 3 9 3 78
1 3 9 6 78
10 9 0 0 79
2 1 0 9 79
3 1 2 9 79
3 1 5 9 79
10 9 0 0 80
3 1 0 9 80
3 1 3 9 80
3 1 6 9 80
10 9 0 0 81
3 1 0 9 81
3 1 3 9 81
3 1 6 9 81
10 9 0 0 82
3 1 0 9 82
3 1 3 9 82
3 1 6 9 82
9 10 0 0 83
1 3 9 0 83
1 3 9 3 83
1 3 9 6 83
9 10 0 0 84
1 3 9 0 84
1 3 9 3 84
1 3 9 6 84
9 10 0 0 85
1 3 9 0 85
1 3 9 3 85
1 3 9 6 85
9 10 0 0 86
1 3 9 0 86
1 3 9 3 86
1 3 9 6 86
10 9 0 0 87
3 1 0 9 87
3 1 3 9 87
3 1 6 9 87
10 9 0 0 88
3 1 0 9 88
3 1 3 9 88
3 1 6 9 88
9 10 0 0 89
1 3 9 0 89
1 3 9 3 89
1 3 9 6 89
10 9 0 0 90
3 1 0 9 90
3 1 3 9 90
3 1 6 9 90
9 10 0 0 91
1 3 9 0 91
1 3 9 3 91
1 3 9 6 91
10 9 0 0 92
3 1 0 9 92
3 1 3 9 92
3 1 6 9 92
9 10 0 0 93
1 3 9 0 93
1 3 9 3 93
1 3 9 6 93
9 10 0 0 94
1 3 9 0 94
1 4 9 3 94
9 10 0 0 95
1 4 9 0 95
1 4 9 4 95
10 9 0 0 96
3 1 0 9 96
3 1 3 9 96
3 1 6 9 96
9 10 0 0 97
1 4 9 0 97
1 4 9 4 97
9 10 0 0 98
1 4 9 0 98
1 4 9 4 98
10 9 0 0 99
3 1 0 9 99
3 1 3 9 99
3 1 6 9 99
9 10 0 0 100
1 4 9 0 100
1 4 9 4 100
9 10 0 0 101
1 4 9 0 101
1 4 9 4 101
10 9 0 0 102
3 1 0 9 102
3 1 3 9 102
3 1 6 9 102
9 10 0 0 103
1 4 9 0 103
1 4 9 4 103
9 10 0 0 104
1 4 9 0 104
1 4 9 4 104
9 10 0 0 105
1 4 9 0 105
1 4 9 4 105
9 10 0 0 106
1 4 9 0 106
1 4 9 4 106
9 10 0 0 107
1 4 9 0 107
1 4 9 4 107
10 9 0 0 108
3 1 0 9 108
3 1 3 9 108
3 1 6 9 108
10 9 0 0 109
3 1 0 9 109
3 1 3 9 109
3 1 6 9 109
10 9 0 0 110
3 1 0 9 110
3 1 3 9 110
3 1 6 9 110
10 9 0 0 111
3 1 0 9 111
3 1 3 9 111
3 1 6 9 111
10 9 0 0 112
3 1 0 9 112
3 1 3 9 112
3 1 6 9 112
10 9 0 0 113
3 1 0 9 113
3 1 3 9 113
3 1 6 9 113
10 9 0 0 114
3 1 0 9 114
3 1 3 9 114
3 1 6 9 114
10 9 0 0 115
3 1 0 9 115
3 1 3 9 115
3 1 6 9 115
9 10 0 0 116
1 4 9 0 116
1 4 9 4 116
10 9 0 0 117
3 1 0 9 117
3 1 3 9 117
3 1 6 9 117
9 10 0 0 118
1 4 9 0 118
1 4 9 4 118
9 10 0 0 119
1 4 9 0 119
1 4 9 4 119
9 10 0 0 120
1 4 9 0 120
1 4 9 4 120
9 10 0 0 121
1 4 9 0 121
1 4 9 4 121
10 9 0 0 122
3 1 0 9 122
3 1 3 9 122
3 1 6 9 122
10 9 0 0 123
3 1 0 9 123
3 1 3 9 123
3 1 6 9 123
10 9 0 0 124
3 1 0 9 124
3 1 3 9 124
4 1 6 9 124
9 10 0 0 125
1 4 9 0 125
1 4 9 4 125
10 9 0 0 126
4 1 0 9 126
4 1 4 9 126
9 10 0 0 127
1 4 9 0 127
1 4 9 4 127
9 10 0 0 128
1 4 9 0 128
1 4 9 4 128
10 9 0 0 129
4 1 0 9 129
4 1 4 9 129
9 10 0 0 130
1 4 9 0 130
1 4 9 4 130
9 10 0 0 131
1 4 9 0 131
1 4 9 4 131
10 9 0 0 132
4 1 0 9 132
4 1 4 9 132
10 9 0 0 133
4 1 0 9 133
4 1 4 9 133
9 10 0 0 134
1 4 9 0 134
1 4 9 4 134
10 9 0 0 135
4 1 0 9 135
4 1 4 9 135
10 9 0 0 136
4 1 0 9 136
4 1 4 9 136
9 10 0 0 137
1 4 9 0 137
1 4 9 4 137
10 9 0 0 138
4 1 0 9 138
4 1 4 9 138
9 10 0 0 139
1 4 9 0 139
1 4 9 4 139
10 9 0 0 140
4 1 0 9 140
4 1 4 9 140
9 10 0 0 141
1 4 9 0 141
1 4 9 4 141
10 9 0 0 142
4 1 0 9 142
4 1 4 9 142
9 10 0 0 143
1 5 9 0 143
1 5 9 5 143
9 10 0 0 144
1 5 9 0 144
1 5 9 5 144
9 10 0 0 145
1 5 9 0 145
1 5 9 5 145
10 9 0 0 146
4 1 0 9 146
4 1 4 9 146
9 9 0 0 147
4 1 0 9 147
4 1 4 9 147
1 5 9 0 147
1 5 9 5 147
9 9 0 0 148
4 1 0 9 148
4 1 4 9 148
1 5 9 0 148
1 5 9 5 148
9 9 0 0 149
4 1 0 9 149
4 1 4 9 149
1 5 9 0 149
1 5 9 5 149
9 9 0 0 150
4 1 0 9 150
4 1 4 9 150
1 5 9 0 150
1 5 9 5 150
9 9 0 0 151
4 1 0 9 151
4 1 4 9 151
1 5 9 0 151
1 5 9 5 151
9 9 0 0 152
4 1 0 9 152
4 1 4 9 152
1 5 9 0 152
1 5 9 5 152
9 9 0 0 153
4 1 0 9 153
4 1 4 9 153
1 5 9 0 153
1 5 9 5 153
9 9 0 0 154
4 1 0 9 154
4 1 4 9 154
1 5 9 0 154
1 5 9 5 154
9 9 0 0 155
4 1 0 9 155
4 1 4 9 155
1 5 9 0 155
1 5 9 5 155
9 9 0 0 156
4 1 0 9 156
4 1 4 9 156
1 5 9 0 156
1 5 9 5 156
9 9 0 0 157
4 1 0 9 157
4 1 4 9 157
1 5 9 0 157
1 5 9 5 157
9 9 0 0 158
4 1 0 9 158
4 1 4 9 158
1 5 9 0 158
1 5 9 5 158
9 9 0 0 159
4 1 0 9 159
4 1 4 9 159
1 5 9 0 159
1 5 9 5 159
9 9 0 0 160
4 1 0 9 160
4 1 4 9 160
1 5 9 0 160
1 5 9 5 160
9 9 0 0 161
4 1 0 9 161
4 1 4 9 161
1 5 9 0 161
1 5 9 5 161
9 9 0 0 162
4 1 0 9 162
4 1 4 9 162
1 5 9 0 162
1 5 9 5 162
9 9 0 0 163
5 1 0 9 163
5 1 5 9 163
1 5 9 0 163
9 9 0 0 164
5 1 0 9 164
5 1 5 9 164
1 5 9 0 164
9 9 0 0 165
5 1 0 9 165
5 1 5 9 165
1 5 9 0 165
9 9 0 0 166
5 1 0 9 166
5 1 5 9 166
1 5 9 0 166
9 9 0 0 167
5 1 0 9 167
5 1 5 9 167
1 5 9 0 167
9 9 0 0 168
5 1 0 9 168
5 1 5 9 168
1 5 9 0 168
9 9 0 0 169
5 1 0 9 169
5 1 5 9 169
1 5 9 0 169
9 9 0 0 170
5 1 0 9 170
5 1 5 9 170
1 5 9 0 170
9 9 0 0 171
5 1 0 9 171
5 1 5 9 171
1 5 9 0 171
9 9 0 0 172
5 1 0 9 172
5 1 5 9 172
1 5 9 0 172
9 9 0 0 173
5 1 0 9 173
5 1 5 9 173
1 5 9 0 173
9 9 0 0 174
5 1 0 9 174
5 1 5 9 174
1 6 9 0 174
9 9 0 0 175
5 1 0 9 175
5 1 5 9 175
1 6 9 0 175
9 9 0 0 176
5 1 0 9 176
5 1 5 9 176
1 6 9 0 176
9 9 0 0 177
5 1 0 9 177
5 1 5 9 177
1 6 9 0 177
9 9 0 0 178
5 1 0 9 178
5 1 5 9 178
1 6 9 0 178
9 9 0 0 179
5 1 0 9 179
5 1 5 9 179
1 6 9 0 179
9 9 0 0 180
5 1 0 9 180
5 1 5 9 180
1 6 9 0 180
9 9 0 0 181
5 1 0 9 181
5 1 5 9 181
1 6 9 0 181
9 9 0 0 182
5 1 0 9 182
5 1 5 9 182
1 6 9 0 182
9 9 0 0 183
5 1 0 9 183
5 1 5 9 183
1 6 9 0 183
9 9 0 0 184
5 1 0 9 184
5 1 5 9 184
1 6 9 0 184
9 9 0 0 185
5 1 0 9 185
5 1 5 9 185
1 6 9 0 185
9 9 0 0 186
5 1 0 9 186
5 1 5 9 186
1 6 9 0 186
9 9 0 0 187
5 1 0 9 187
5 1 5 9 187
1 6 9 0 187
9 9 0 0 188
5 1 0 9 188
5 1 5 9 188
1 6 9 0 188
9 9 0 0 189
5 1 0 9 189
5 1 5 9 189
1 6 9 0 189
9 9 0 0 190
5 1 0 9 190
5 1 5 9 190
1 6 9 0 190
9 9 0 0 191
5 1 0 9 191
5 1 5 9 191
1 6 9 0 191
9 9 0 0 192
5 1 0 9 192
5 1 5 9 192
1 6 9 0 192
8 10 0 0 193
2 2 8 0 193
2 2 8 2 193
2 2 8 4 193
2 2 8 6 193
2 2 8 8 193
10 8 0 0 194
2 2 0 8 194
2 2 2 8 194
2 2 4 8 194
2 2 6 8 194
2 2 8 8 194
10 8 0 0 195
2 2 0 8 195
2 2 2 8 195
2 2 4 8 195
2 2 6 8 195
2 2 8 8 195
8 10 0 0 196
2 2 8 0 196
2 2 8 2 196
2 2 8 4 196
2 2 8 6 196
2 2 8 8 196
10 8 0 0 197
2 2 0 8 197
2 2 2 8 197
2 2 4 8 197
2 2 6 8 197
2 2 8 8 197
8 10 0 0 198
2 2 8 0 198
2 2 8 2 198
2 2 8 4 198
2 2 8 6 198
2 2 8 8 198
8 10 0 0 199
2 2 8 0 199
2 2 8 2 199
2 2 8 4 199
2 2 8 6 199
2 2 8 8 199
8 10 0 0 200
2 2 8 0 200
2 2 8 2 200
2 2 8 4 200
2 2 8 6 200
2 2 8 8 200
10 8 0 0 201
2 2 0 8 201
2 2 2 8 201
6 1 4 8 201
6 1 4 9 201
10 8 0 0 202
3 2 0 8 202
3 2 3 8 202
3 2 6 8 202
10 8 0 0 203
3 2 0 8 203
3 2 3 8 203
3 2 6 8 203
8 10 0 0 204
2 3 8 0 204
2 3 8 3 204
2 3 8 6 204
10 8 0 0 205
3 2 0 8 205
3 2 3 8 205
3 2 6 8 205
10 8 0 0 206
3 2 0 8 206
3 2 3 8 206
3 2 6 8 206
8 10 0 0 207
2 3 8 0 207
2 3 8 3 207
2 3 8 6 207
8 10 0 0 208
2 3 8 0 208
2 3 8 3 208
2 3 8 6 208
8 10 0 0 209
2 3 8 0 209
2 3 8 3 209
2 3 8 6 209
8 10 0 0 210
2 3 8 0 210
2 3 8 3 210
2 3 8 6 210
8 10 0 0 211
2 3 8 0 211
2 3 8 3 211
2 3 8 6 211
10 8 0 0 212
3 2 0 8 212
3 2 3 8 212
3 2 6 8 212
10 8 0 0 213
3 2 0 8 213
3 2 3 8 213
3 2 6 8 213
10 8 0 0 214
3 2 0 8 214
3 2 3 8 214
3 2 6 8 214
8 10 0 0 215
2 3 8 0 215
2 3 8 3 215
2 3 8 6 215
8 10 0 0 216
2 3 8 0 216
2 3 8 3 216
2 3 8 6 216
8 10 0 0 217
2 3 8 0 217
2 3 8 3 217
2 3 8 6 217
8 10 0 0 218
2 3 8 0 218
2 3 8 3 218
2 3 8 6 218
10 8 0 0 219
3 2 0 8 219
3 2 3 8 219
3 2 6 8 219
10 8 0 0 220
3 2 0 8 220
3 2 3 8 220
3 2 6 8 220
8 10 0 0 221
2 3 8 0 221
2 3 8 3 221
2 3 8 6 221
10 8 0 0 222
3 2 0 8 222
3 2 3 8 222
3 2 6 8 222
8 10 0 0 223
2 3 8 0 223
2 3 8 3 223
2 3 8 6 223
8 10 0 0 224
2 3 8 0 224
2 3 8 3 224
2 3 8 6 224
10 8 0 0 225
3 2 0 8 225
3 2 3 8 225
3 2 6 8 225
10 8 0 0 226
3 2 0 8 226
3 2 3 8 226
3 2 6 8 226
10 8 0 0 227
3 2 0 8 227
3 2 3 8 227
3 2 6 8 227
8 10 0 0 228
2 3 8 0 228
2 3 8 3 228
2 3 8 6 228
10 8 0 0 229
3 2 0 8 229
3 2 3 8 229
3 2 6 8 229
8 10 0 0 230
2 3 8 0 230
2 3 8 3 230
2 4 8 6 230
8 10 0 0 231
2 4 8 0 231
2 4 8 4 231
10 8 0 0 232
3 2 0 8 232
3 2 3 8 232
3 2 6 8 232
8 10 0 0 233
2 4 8 0 233
2 4 8 4 233
8 10 0 0 234
2 4 8 0 234
2 4 8 4 234
10 8 0 0 235
3 2 0 8 235
3 2 3 8 235
3 2 6 8 235
8 10 0 0 236
2 4 8 0 236
2 4 8 4 236
10 8 0 0 237
3 2 0 8 237
3 2 3 8 237
3 2 6 8 237
8 10 0 0 238
2 4 8 0 238
2 4 8 4 238
8 10 0 0 239
2 4 8 0 239
2 4 8 4 239
8 10 0 0 240
2 4 8 0 240
2 4 8 4 240
10 8 0 0 241
3 2 0 8 241
3 2 3 8 241
3 2 6 8 241
8 10 0 0 242
2 4 8 0 242
2 4 8 4 242
8 10 0 0 243
2 4 8 0 243
2 4 8 4 243
10 8 0 0 244
3 2 0 8 244
3 2 3 8 244
3 2 6 8 244
10 8 0 0 245
3 2 0 8 245
3 2 3 8 245
3 2 6 8 245
8 10 0 0 246
2 4 8 0 246
2 4 8 4 246
10 8 0 0 247
3 2 0 8 247
3 2 3 8 247
3 2 6 8 247
10 8 0 0 248
4 2 0 8 248
4 2 4 8 248
8 10 0 0 249
2 4 8 0 249
2 4 8 4 249
8 10 0 0 250
2 4 8 0 250
2 4 8 4 250
10 8 0 0 251
4 2 0 8 251
4 2 4 8 251
10 8 0 0 252
4 2 0 8 252
4 2 4 8 252
10 8 0 0 253
4 2 0 8 253
4 2 4 8 253
8 10 0 0 254
2 4 8 0 254
2 4 8 4 254
10 8 0 0 255
4 2 0 8 255
4 2 4 8 255
8 10 0 0 256
2 4 8 0 256
2 4 8 4 256
8 10 0 0 257
2 4 8 0 257
2 4 8 4 257
10 8 0 0 258
4 2 0 8 258
4 2 4 8 258
8 10 0 0 259
2 4 8 0 259
2 4 8 4 259
10 8 0 0 260
4 2 0 8 260
4 2 4 8 260
8 10 0 0 261
2 4 8 0 261
2 4 8 4 261
10 8 0 0 262
4 2 0 8 262
4 2 4 8 262
8 10 0 0 263
2 4 8 0 263
2 4 8 4 263
8 10 0 0 264
2 4 8 0 264
2 4 8 4 264
8 10 0 0 265
2 4 8 0 265
2 4 8 4 265
10 8 0 0 266
4 2 0 8 266
4 2 4 8 266
8 10 0 0 267
2 4 8 0 267
2 4 8 4 267
10 8 0 0 268
4 2 0 8 268
4 2 4 8 268
8 10 0 0 269
2 4 8 0 269
2 4 8 4 269
10 8 0 0 270
4 2 0 8 270
4 2 4 8 270
8 10 0 0 271
2 4 8 0 271
2 4 8 4 271
8 10 0 0 272
2 4 8 0 272
2 4 8 4 272
10 8 0 0 273
4 2 0 8 273
4 2 4 8 273
10 8 0 0 274
4 2 0 8 274
4 2 4 8 274
8 10 0 0 275
2 4 8 0 275
2 5 8 4 275
10 8 0 0 276
4 2 0 8 276
4 2 4 8 276
8 10 0 0 277
1 10 8 0 277
1 10 9 0 277
8 10 0 0 278
2 5 8 0 278
2 5 8 5 278
10 8 0 0 279
4 2 0 8 279
4 2 4 8 279
10 8 0 0 280
4 2 0 8 280
4 2 4 8 280
8 10 0 0 281
2 5 8 0 281
2 5 8 5 281
8 10 0 0 282
1 10 8 0 282
1 10 9 0 282
10 8 0 0 283
4 2 0 8 283
4 2 4 8 283
10 8 0 0 284
4 2 0 8 284
4 2 4 8 284
10 8 0 0 285
4 2 0 8 285
4 2 4 8 285
8 10 0 0 286
2 5 8 0 286
2 5 8 5 286
10 8 0 0 287
4 2 0 8 287
4 2 4 8 287
8 10 0 0 288
1 10 8 0 288
1 10 9 0 288
10 8 0 0 289
4 2 0 8 289
4 2 4 8 289
8 9 0 0 290
5 1 0 9 290
5 1 5 9 290
1 9 8 0 290
1 9 9 0 290
8 9 0 0 291
6 1 0 9 291
1 10 8 0 291
1 10 9 0 291
9 8 0 0 292
1 6 9 0 292
4 2 0 8 292
4 2 4 8 292
8 9 0 0 293
6 1 0 9 293
1 10 8 0 293
1 10 9 0 293
8 9 0 0 294
6 1 0 9 294
1 10 8 0 294
1 10 9 0 294
9 8 0 0 295
1 6 9 0 295
4 2 0 8 295
4 2 4 8 295
8 9 0 0 296
6 1 0 9 296
2 5 8 0 296
2 5 8 5 296
9 8 0 0 297
1 6 9 0 297
4 2 0 8 297
4 2 4 8 297
9 8 0 0 298
1 6 9 0 298
4 2 0 8 298
4 2 4 8 298
8 9 0 0 299
6 1 0 9 299
2 5 8 0 299
2 5 8 5 299
8 9 0 0 300
6 1 0 9 300
1 10 8 0 300
1 10 9 0 300
9 8 0 0 301
1 6 9 0 301
4 2 0 8 301
4 2 4 8 301
8 9 0 0 302
6 1 0 9 302
1 10 8 0 302
1 10 9 0 302
8 9 0 0 303
6 1 0 9 303
2 5 8 0 303
2 5 8 5 303
9 8 0 0 304
1 6 9 0 304
4 2 0 8 304
4 2 4 8 304
8 9 0 0 305
6 1 0 9 305
1 10 8 0 305
1 10 9 0 305
9 8 0 0 306
1 6 9 0 306
4 2 0 8 306
5 2 4 8 306
9 8 0 0 307
1 6 9 0 307
10 1 0 8 307
10 1 0 9 307
8 9 0 0 308
6 1 0 9 308
1 10 8 0 308
1 10 9 0 308
8 9 0 0 309
6 1 0 9 309
2 5 8 0 309
2 5 8 5 309
8 9 0 0 310
6 1 0 9 310
1 10 8 0 310
1 10 9 0 310
9 8 0 0 311
1 6 9 0 311
10 1 0 8 311
10 1 0 9 311
8 9 0 0 312
6 1 0 9 312
2 5 8 0 312
2 5 8 5 312
8 9 0 0 313
6 1 0 9 313
1 10 8 0 313
1 10 9 0 313
9 8 0 0 314
1 6 9 0 314
10 1 0 8 314
10 1 0 9 314
9 8 0 0 315
1 6 9 0 315
10 1 0 8 315
10 1 0 9 315
9 8 0 0 316
1 6 9 0 316
5 2 0 8 316
5 2 5 8 316
9 8 0 0 317
1 6 9 0 317
5 2 0 8 317
5 2 5 8 317
9 8 0 0 318
1 6 9 0 318
5 2 0 8 318
5 2 5 8 318
8 9 0 0 319
6 1 0 9 319
2 5 8 0 319
2 5 8 5 319
8 9 0 0 320
6 1 0 9 320
1 10 8 0 320
1 10 9 0 320
9 8 0 0 321
1 6 9 0 321
5 2 0 8 321
5 2 5 8 321
8 9 0 0 322
6 1 0 9 322
2 5 8 0 322
2 5 8 5 322
8 9 0 0 323
6 1 0 9 323
1 10 8 0 323
1 10 9 0 323
9 8 0 0 324
1 6 9 0 324
5 2 0 8 324
5 2 5 8 324
9 8 0 0 325
1 6 9 0 325
10 1 0 8 325
10 1 0 9 325
8 9 0 0 326
6 1 0 9 326
2 5 8 0 326
2 5 8 5 326
9 8 0 0 327
1 6 9 0 327
5 2 0 8 327
5 2 5 8 327
8 9 0 0 328
6 1 0 9 328
2 5 8 0 328
2 5 8 5 328
8 9 0 0 329
6 1 0 9 329
2 5 8 0 329
2 5 8 5 329
8 9 0 0 330
6 1 0 9 330
1 10 8 0 330
1 10 9 0 330
8 9 0 0 331
6 1 0 9 331
1 10 8 0 331
1 10 9 0 331
9 8 0 0 332
1 6 9 0 332
5 2 0 8 332
5 2 5 8 332
8 9 0 0 333
6 1 0 9 333
1 10 8 0 333
1 10 9 0 333
9 8 0 0 334
1 6 9 0 334
10 1 0 8 334
10 1 0 9 334
9 8 0 0 335
1 6 9 0 335
10 1 0 8 335
10 1 0 9 335
8 9 0 0 336
6 1 0 9 336
1 10 8 0 336
1 10 9 0 336
9 8 0 0 337
1 6 9 0 337
5 2 0 8 337
5 2 5 8 337
8 9 0 0 338
6 1 0 9 338
2 5 8 0 338
2 5 8 5 338
8 9 0 0 339
6 1 0 9 339
1 10 8 0 339
1 10 9 0 339
9 8 0 0 340
1 6 9 0 340
10 1 0 8 340
10 1 0 9 340
9 8 0 0 341
1 6 9 0 341
10 1 0 8 341
10 1 0 9 341
8 9 0 0 342
6 1 0 9 342
1 10 8 0 342
1 10 9 0 342
9 8 0 0 343
1 6 9 0 343
5 2 0 8 343
5 2 5 8 343
9 8 0 0 344
1 6 9 0 344
10 1 0 8 344
10 1 0 9 344
9 8 0 0 345
1 6 9 0 345
10 1 0 8 345
10 1 0 9 345
8 9 0 0 346
6 1 0 9 346
2 5 8 0 346
2 5 8 5 346
9 8 0 0 347
1 6 9 0 347
10 1 0 8 347
10 1 0 9 347
8 9 0 0 348
6 1 0 9 348
1 10 8 0 348
1 10 9 0 348
9 8 0 0 349
1 6 9 0 349
5 2 0 8 349
5 2 5 8 349
8 9 0 0 350
6 1 0 9 350
1 10 8 0 350
1 10 9 0 350
9 8 0 0 351
1 6 9 0 351
10 1 0 8 351
10 1 0 9 351
8 9 0 0 352
6 1 0 9 352
2 5 8 0 352
2 5 8 5 352
9 8 0 0 353
1 6 9 0 353
5 2 0 8 353
5 2 5 8 353
9 8 0 0 354
1 6 9 0 354
10 1 0 8 354
10 1 0 9 354
9 8 0 0 355
1 6 9 0 355
5 2 0 8 355
5 2 5 8 355
9 8 0 0 356
1 6 9 0 356
5 2 0 8 356
5 2 5 8 356
9 8 0 0 357
1 6 9 0 357
10 1 0 8 357
10 1 0 9 357
8 9 0 0 358
6 1 0 9 358
2 5 8 0 358
2 5 8 5 358
9 8 0 0 359
1 7 9 0 359
10 1 0 8 359
10 1 0 9 359
9 8 0 0 360
1 7 9 0 360
5 2 0 8 360
5 2 5 8 360
8 9 0 0 361
6 1 0 9 361
1 10 8 0 361
1 10 9 0 361
8 9 0 0 362
6 1 0 9 362
2 5 8 0 362
2 5 8 5 362
8 9 0 0 363
6 1 0 9 363
1 10 8 0 363
1 10 9 0 363
8 9 0 0 364
6 1 0 9 364
2 5 8 0 364
2 5 8 5 364
8 9 0 0 365
6 1 0 9 365
2 5 8 0 365
2 5 8 5 365
8 9 0 0 366
6 1 0 9 366
2 5 8 0 366
2 5 8 5 366
9 8 0 0 367
1 7 9 0 367
5 2 0 8 367
5 2 5 8 367
9 8 0 0 368
1 7 9 0 368
5 2 0 8 368
5 2 5 8 368
9 8 0 0 369
1 7 9 0 369
10 1 0 8 369
10 1 0 9 369
8 9 0 0 370
6 1 0 9 370
1 10 8 0 370
1 10 9 0 370
9 8 0 0 371
1 7 9 0 371
5 2 0 8 371
5 2 5 8 371
9 8 0 0 372
1 7 9 0 372
10 1 0 8 372
10 1 0 9 372
9 8 0 0 373
1 7 9 0 373
5 2 0 8 373
5 2 5 8 373
9 8 0 0 374
1 7 9 0 374
10 1 0 8 374
10 1 0 9 374
9 8 0 0 375
1 7 9 0 375
10 1 0 8 375
10 1 0 9 375
9 8 0 0 376
1 7 9 0 376
5 2 0 8 376
5 2 5 8 376
8 9 0 0 377
6 1 0 9 377
1 10 8 0 377
1 10 9 0 377
9 8 0 0 378
1 7 9 0 378
5 2 0 8 378
5 2 5 8 378
9 8 0 0 379
1 7 9 0 379
10 1 0 8 379
10 1 0 9 379
9 8 0 0 380
1 7 9 0 380
10 1 0 8 380
10 1 0 9 380
9 8 0 0 381
1 7 9 0 381
5 2 0 8 381
8 9 0 0 382
6 1 0 9 382
2 5 8 0 382
2 5 8 5 382
8 9 0 0 383
6 1 0 9 383
2 5 8 0 383
2 5 8 5 383
8 9 0 0 384
6 1 0 9 384
1 10 8 0 384
8 9 0 0 385
6 1 0 9 385
2 6 8 0 385
8 9 0 0 386
6 1 0 9 386
2 6 8 0 386
8 9 0 0 387
6 1 0 9 387
2 6 8 0 387
8 9 0 0 388
6 1 0 9 388
2 6 8 0 388
9 8 0 0 389
1 7 9 0 389
10 1 0 8 389
10 1 0 9 389
9 8 0 0 390
1 7 9 0 390
6 2 0 8 390
9 8 0 0 391
1 7 9 0 391
6 2 0 8 391
9 8 0 0 392
1 7 9 0 392
6 2 0 8 392
10 7 0 0 393
3 3 0 7 393
3 3 3 7 393
3 3 6 7 393
10 7 0 0 394
3 3 0 7 394
3 3 3 7 394
3 3 6 7 394
10 7 0 0 395
3 3 0 7 395
3 3 3 7 395
3 3 6 7 395
7 10 0 0 396
3 3 7 0 396
3 3 7 3 396
3 3 7 6 396
7 10 0 0 397
3 3 7 0 397
3 3 7 3 397
3 3 7 6 397
10 7 0 0 398
3 3 0 7 398
3 3 3 7 398
3 3 6 7 398
7 10 0 0 399
3 3 7 0 399
3 3 7 3 399
3 3 7 6 399
7 10 0 0 400
3 3 7 0 400
3 3 7 3 400
3 3 7 6 400
7 10 0 0 401
3 3 7 0 401
3 3 7 3 401
3 3 7 6 401
7 10 0 0 402
3 3 7 0 402
3 3 7 3 402
3 3 7 6 402
7 10 0 0 403
3 3 7 0 403
3 3 7 3 403
3 3 7 6 403
10 7 0 0 404
3 3 0 7 404
3 3 3 7 404
3 3 6 7 404
7 10 0 0 405
3 3 7 0 405
3 3 7 3 405
3 3 7 6 405
10 7 0 0 406
3 3 0 7 406
3 3 3 7 406
3 3 6 7 406
10 7 0 0 407
3 3 0 7 407
3 3 3 7 407
3 3 6 7 407
7 10 0 0 408
3 3 7 0 408
3 3 7 3 408
3 3 7 6 408
10 7 0 0 409
4 3 0 7 409
4 3 4 7 409
10 7 0 0 410
4 3 0 7 410
4 3 4 7 410
7 10 0 0 411
3 4 7 0 411
3 4 7 4 411
10 7 0 0 412
4 3 0 7 412
4 3 4 7 412
7 10 0 0 413
3 4 7 0 413
3 4 7 4 413
10 7 0 0 414
4 3 0 7 414
6 2 4 7 414
10 7 0 0 415
4 3 0 7 415
6 2 4 7 415
10 7 0 0 416
4 3 0 7 416
4 3 4 7 416
7 10 0 0 417
3 4 7 0 417
2 6 7 4 417
10 7 0 0 418
4 3 0 7 418
4 3 4 7 418
10 7 0 0 419
4 3 0 7 419
6 2 4 7 419
7 10 0 0 420
3 4 7 0 420
3 4 7 4 420
7 10 0 0 421
3 4 7 0 421
3 4 7 4 421
10 7 0 0 422
4 3 0 7 422
6 2 4 7 422
7 10 0 0 423
3 4 7 0 423
2 6 7 4 423
7 10 0 0 424
3 4 7 0 424
3 4 7 4 424
10 7 0 0 425
4 3 0 7 425
6 2 4 7 425
7 10 0 0 426
3 4 7 0 426
3 4 7 4 426
7 10 0 0 427
3 4 7 0 427
2 6 7 4 427
10 7 0 0 428
4 3 0 7 428
4 3 4 7 428
10 7 0 0 429
4 3 0 7 429
4 3 4 7 429
7 10 0 0 430
3 4 7 0 430
3 4 7 4 430
7 10 0 0 431
3 4 7 0 431
2 6 7 4 431
10 7 0 0 432
4 3 0 7 432
6 2 4 7 432
7 10 0 0 433
3 4 7 0 433
2 6 7 4 433
10 7 0 0 434
4 3 0 7 434
4 3 4 7 434
7 10 0 0 435
3 4 7 0 435
3 4 7 4 435
7 10 0 0 436
3 4 7 0 436
2 6 7 4 436
7 10 0 0 437
3 4 7 0 437
2 6 7 4 437
10 7 0 0 438
4 3 0 7 438
4 3 4 7 438
10 7 0 0 439
4 3 0 7 439
6 2 4 7 439
7 10 0 0 440
3 4 7 0 440
3 4 7 4 440
10 7 0 0 441
4 3 0 7 441
4 3 4 7 441
7 10 0 0 442
3 4 7 0 442
3 4 7 4 442
7 10 0 0 443
3 4 7 0 443
3 4 7 4 443
10 7 0 0 444
4 3 0 7 444
4 3 4 7 444
7 10 0 0 445
3 4 7 0 445
2 6 7 4 445
10 7 0 0 446
4 3 0 7 446
6 2 4 7 446
7 10 0 0 447
3 4 7 0 447
3 4 7 4 447
10 7 0 0 448
4 3 0 7 448
4 3 4 7 448
10 7 0 0 449
4 3 0 7 449
6 2 4 7 449
10 7 0 0 450
4 3 0 7 450
4 3 4 7 450
10 7 0 0 451
4 3 0 7 451
6 2 4 7 451
7 10 0 0 452
3 4 7 0 452
2 6 7 4 452
10 7 0 0 453
4 3 0 7 453
4 3 4 7 453
7 10 0 0 454
3 4 7 0 454
2 6 7 4 454
10 7 0 0 455
4 3 0 7 455
6 2 4 7 455
10 7 0 0 456
4 3 0 7 456
4 3 4 7 456
7 10 0 0 457
3 4 7 0 457
2 6 7 4 457
7 10 0 0 458
3 4 7 0 458
2 6 7 4 458
10 7 0 0 459
4 3 0 7 459
6 2 4 7 459
10 7 0 0 460
4 3 0 7 460
4 3 4 7 460
10 7 0 0 461
4 3 0 7 461
6 2 4 7 461
7 10 0 0 462
3 4 7 0 462
2 6 7 4 462
7 10 0 0 463
3 4 7 0 463
2 6 7 4 463
7 10 0 0 464
3 4 7 0 464
2 6 7 4 464
10 7 0 0 465
4 3 0 7 465
6 2 4 7 465
10 7 0 0 466
4 3 0 7 466
6 2 4 7 466
10 7 0 0 467
5 3 0 7 467
5 3 5 7 467
10 7 0 0 468
5 3 0 7 468
5 3 5 7 468
10 7 0 0 469
5 3 0 7 469
5 3 5 7 469
7 10 0 0 470
3 4 7 0 470
3 4 7 4 470
10 7 0 0 471
5 3 0 7 471
5 3 5 7 471
7 10 0 0 472
3 4 7 0 472
3 4 7 4 472
10 7 0 0 473
5 3 0 7 473
5 3 5 7 473
7 10 0 0 474
3 4 7 0 474
3 4 7 4 474
10 7 0 0 475
5 3 0 7 475
5 3 5 7 475
10 7 0 0 476
5 3 0 7 476
5 3 5 7 476
7 10 0 0 477
3 4 7 0 477
3 4 7 4 477
10 7 0 0 478
5 3 0 7 478
5 3 5 7 478
10 7 0 0 479
5 3 0 7 479
5 3 5 7 479
7 10 0 0 480
3 4 7 0 480
2 6 7 4 480
10 7 0 0 481
5 3 0 7 481
5 3 5 7 481
10 7 0 0 482
5 3 0 7 482
5 3 5 7 482
10 7 0 0 483
5 3 0 7 483
5 3 5 7 483
7 10 0 0 484
3 4 7 0 484
3 5 7 4 484
7 10 0 0 485
3 5 7 0 485
3 5 7 5 485
7 10 0 0 486
3 5 7 0 486
3 5 7 5 486
7 10 0 0 487
3 5 7 0 487
3 5 7 5 487
10 7 0 0 488
5 3 0 7 488
5 3 5 7 488
7 10 0 0 489
3 5 7 0 489
3 5 7 5 489
7 10 0 0 490
3 5 7 0 490
3 5 7 5 490
7 10 0 0 491
3 5 7 0 491
3 5 7 5 491
10 7 0 0 492
5 3 0 7 492
5 3 5 7 492
7 10 0 0 493
3 5 7 0 493
3 5 7 5 493
7 10 0 0 494
3 5 7 0 494
3 5 7 5 494
7 10 0 0 495
3 5 7 0 495
3 5 7 5 495
7 10 0 0 496
3 5 7 0 496
3 5 7 5 496
7 10 0 0 497
3 5 7 0 497
3 5 7 5 497
7 10 0 0 498
3 5 7 0 498
3 5 7 5 498
10 7 0 0 499
5 3 0 7 499
5 3 5 7 499
10 7 0 0 500
5 3 0 7 500
5 3 5 7 500
7 10 0 0 501
3 5 7 0 501
3 5 7 5 501
10 7 0 0 502
5 3 0 7 502
5 3 5 7 502
10 7 0 0 503
5 3 0 7 503
5 3 5 7 503
7 10 0 0 504
3 5 7 0 504
3 5 7 5 504
7 10 0 0 505
3 5 7 0 505
3 5 7 5 505
7 10 0 0 506
3 5 7 0 506
3 5 7 5 506
8 8 0 0 507
6 2 0 8 507
2 6 8 0 507
8 8 0 0 508
6 2 0 8 508
2 6 8 0 508
8 8 0 0 509
6 2 0 8 509
2 6 8 0 509
8 8 0 0 510
6 2 0 8 510
2 6 8 0 510
8 8 0 0 511
6 2 0 8 511
2 6 8 0 511
8 8 0 0 512
6 2 0 8 512
2 6 8 0 512
8 8 0 0 513
6 2 0 8 513
2 6 8 0 513
8 8 0 0 514
6 2 0 8 514
2 6 8 0 514
8 8 0 0 515
6 2 0 8 515
2 6 8 0 515
8 8 0 0 516
6 2 0 8 516
2 6 8 0 516
8 8 0 0 517
6 2 0 8 517
2 6 8 0 517
8 8 0 0 518
6 2 0 8 518
2 6 8 0 518
8 8 0 0 519
6 2 0 8 519
2 6 8 0 519
8 8 0 0 520
6 2 0 8 520
2 6 8 0 520
8 8 0 0 521
6 2 0 8 521
2 6 8 0 521
8 8 0 0 522
6 2 0 8 522
2 6 8 0 522
8 8 0 0 523
6 2 0 8 523
2 6 8 0 523
8 8 0 0 524
6 2 0 8 524
2 6 8 0 524
8 8 0 0 525
6 2 0 8 525
2 6 8 0 525
8 8 0 0 526
6 2 0 8 526
2 6 8 0 526
8 8 0 0 527
6 2 0 8 527
2 6 8 0 527
8 8 0 0 528
6 2 0 8 528
2 6 8 0 528
8 8 0 0 529
6 2 0 8 529
2 6 8 0 529
8 8 0 0 530
6 2 0 8 530
2 6 8 0 530
8 8 0 0 531
6 2 0 8 531
2 6 8 0 531
8 8 0 0 532
6 2 0 8 532
2 6 8 0 532
8 8 0 0 533
6 2 0 8 533
2 6 8 0 533
8 8 0 0 534
6 2 0 8 534
2 6 8 0 534
8 8 0 0 535
6 2 0 8 535
2 6 8 0 535
8 8 0 0 536
6 2 0 8 536
2 6 8 0 536
8 8 0 0 537
6 2 0 8 537
2 7 8 0 537
8 8 0 0 538
6 2 0 8 538
2 7 8 0 538
8 8 0 0 539
6 2 0 8 539
2 7 8 0 539
8 8 0 0 540
6 2 0 8 540
2 7 8 0 540
8 8 0 0 541
6 2 0 8 541
2 7 8 0 541
8 8 0 0 542
6 2 0 8 542
2 7 8 0 542
8 8 0 0 543
6 2 0 8 543
2 7 8 0 543
8 8 0 0 544
6 2 0 8 544
2 7 8 0 544
8 8 0 0 545
6 2 0 8 545
2 7 8 0 545
8 8 0 0 546
7 2 0 8 546
2 7 8 0 546
8 8 0 0 547
7 2 0 8 547
2 7 8 0 547
8 8 0 0 548
7 2 0 8 548
2 7 8 0 548
9 7 0 0 549
1 7 9 0 549
5 3 0 7 549
5 3 5 7 549
7 9 0 0 550
7 1 0 9 550
3 5 7 0 550
3 5 7 5 550
7 9 0 0 551
7 1 0 9 551
3 5 7 0 551
3 5 7 5 551
7 9 0 0 552
7 1 0 9 552
3 5 7 0 552
3 5 7 5 552
7 9 0 0 553
7 1 0 9 553
3 5 7 0 553
3 5 7 5 553
9 7 0 0 554
1 7 9 0 554
5 3 0 7 554
5 3 5 7 554
7 9 0 0 555
7 1 0 9 555
3 5 7 0 555
3 5 7 5 555
7 9 0 0 556
7 1 0 9 556
3 5 7 0 556
3 5 7 5 556
7 9 0 0 557
7 1 0 9 557
3 5 7 0 557
3 5 7 5 557
7 9 0 0 558
7 1 0 9 558
3 5 7 0 558
3 5 7 5 558
7 9 0 0 559
7 1 0 9 559
3 5 7 0 559
3 5 7 5 559
9 7 0 0 560
1 7 9 0 560
5 3 0 7 560
5 3 5 7 560
9 7 0 0 561
1 7 9 0 561
5 3 0 7 561
5 3 5 7 561
9 7 0 0 562
1 7 9 0 562
5 3 0 7 562
5 3 5 7 562
7 9 0 0 563
7 1 0 9 563
3 5 7 0 563
3 5 7 5 563
9 7 0 0 564
1 7 9 0 564
5 3 0 7 564
5 3 5 7 564
7 9 0 0 565
7 1 0 9 565
3 6 7 0 565
9 7 0 0 566
1 7 9 0 566
5 3 0 7 566
5 3 5 7 566
7 9 0 0 567
7 1 0 9 567
3 6 7 0 567
9 7 0 0 568
1 7 9 0 568
5 3 0 7 568
5 3 5 7 568
9 7 0 0 569
1 7 9 0 569
5 3 0 7 569
5 3 5 7 569
9 7 0 0 570
1 7 9 0 570
5 3 0 7 570
5 3 5 7 570
9 7 0 0 571
1 7 9 0 571
5 3 0 7 571
5 3 5 7 571
9 7 0 0 572
1 7 9 0 572
5 3 0 7 572
5 3 5 7 572
7 9 0 0 573
7 1 0 9 573
3 6 7 0 573
7 9 0 0 574
7 1 0 9 574
3 6 7 0 574
7 9 0 0 575
7 1 0 9 575
3 6 7 0 575
7 9 0 0 576
7 1 0 9 576
3 6 7 0 576
9 7 0 0 577
1 7 9 0 577
5 3 0 7 577
5 3 5 7 577
9 7 0 0 578
1 7 9 0 578
5 3 0 7 578
9 7 0 0 579
1 7 9 0 579
6 3 0 7 579
7 9 0 0 580
7 1 0 9 580
3 6 7 0 580
7 9 0 0 581
7 1 0 9 581
3 6 7 0 581
7 9 0 0 582
7 1 0 9 582
3 6 7 0 582
9 7 0 0 583
1 7 9 0 583
6 3 0 7 583
7 9 0 0 584
7 1 0 9 584
3 6 7 0 584
9 7 0 0 585
1 7 9 0 585
6 3 0 7 585
7 9 0 0 586
7 1 0 9 586
3 6 7 0 586
9 7 0 0 587
1 7 9 0 587
6 3 0 7 587
9 7 0 0 588
1 7 9 0 588
6 3 0 7 588
7 9 0 0 589
7 1 0 9 589
3 6 7 0 589
9 7 0 0 590
1 7 9 0 590
6 3 0 7 590
9 7 0 0 591
1 7 9 0 591
6 3 0 7 591
9 7 0 0 592
1 7 9 0 592
6 3 0 7 592
9 7 0 0 593
1 7 9 0 593
6 3 0 7 593
9 7 0 0 594
1 7 9 0 594
6 3 0 7 594
9 7 0 0 595
1 7 9 0 595
6 3 0 7 595
7 9 0 0 596
7 1 0 9 596
3 6 7 0 596
7 9 0 0 597
7 1 0 9 597
3 6 7 0 597
9 7 0 0 598
1 7 9 0 598
6 3 0 7 598
9 7 0 0 599
1 7 9 0 599
6 3 0 7 599
7 9 0 0 600
7 1 0 9 600
3 6 7 0 600
9 7 0 0 601
1 7 9 0 601
6 3 0 7 601
7 9 0 0 602
7 1 0 9 602
3 6 7 0 602
9 7 0 0 603
1 7 9 0 603
6 3 0 7 603
7 9 0 0 604
7 1 0 9 604
3 6 7 0 604
9 7 0 0 605
1 7 9 0 605
6 3 0 7 605
7 9 0 0 606
7 1 0 9 606
3 6 7 0 606
9 7 0 0 607
1 7 9 0 607
6 3 0 7 607
7 9 0 0 608
7 1 0 9 608
3 6 7 0 608
7 9 0 0 609
7 1 0 9 609
3 6 7 0 609
7 9 0 0 610
7 1 0 9 610
3 6 7 0 610
9 7 0 0 611
1 7 9 0 611
6 3 0 7 611
9 7 0 0 612
1 8 9 0 612
9 1 0 7 612
7 2 0 8 612
7 9 0 0 613
7 1 0 9 613
3 6 7 0 613
7 9 0 0 614
7 1 0 9 614
3 6 7 0 614
9 7 0 0 615
1 8 9 0 615
9 1 0 7 615
7 2 0 8 615
9 7 0 0 616
1 8 9 0 616
9 1 0 7 616
7 2 0 8 616
7 9 0 0 617
7 1 0 9 617
3 6 7 0 617
9 7 0 0 618
1 8 9 0 618
9 1 0 7 618
7 2 0 8 618
9 7 0 0 619
1 8 9 0 619
9 1 0 7 619
7 2 0 8 619
7 9 0 0 620
7 1 0 9 620
3 6 7 0 620
7 9 0 0 621
7 1 0 9 621
3 6 7 0 621
7 9 0 0 622
7 1 0 9 622
3 6 7 0 622
9 7 0 0 623
1 8 9 0 623
9 1 0 7 623
7 2 0 8 623
9 7 0 0 624
1 8 9 0 624
9 1 0 7 624
7 2 0 8 624
9 7 0 0 625
1 8 9 0 625
9 1 0 7 625
7 2 0 8 625
9 7 0 0 626
1 8 9 0 626
9 1 0 7 626
7 2 0 8 626
7 9 0 0 627
7 1 0 9 627
3 6 7 0 627
9 7 0 0 628
1 8 9 0 628
9 1 0 7 628
7 2 0 8 628
9 7 0 0 629
1 8 9 0 629
9 1 0 7 629
7 2 0 8 629
9 7 0 0 630
1 8 9 0 630
9 1 0 7 630
7 2 0 8 630
9 7 0 0 631
1 8 9 0 631
9 1 0 7 631
7 2 0 8 631
9 7 0 0 632
1 8 9 0 632
9 1 0 7 632
7 2 0 8 632
10 6 0 0 633
4 4 0 6 633
4 4 4 6 633
6 10 0 0 634
4 4 6 0 634
4 4 6 4 634
10 6 0 0 635
4 4 0 6 635
4 4 4 6 635
10 6 0 0 636
4 4 0 6 636
4 4 4 6 636
6 10 0 0 637
4 4 6 0 637
4 4 6 4 637
6 10 0 0 638
4 4 6 0 638
4 4 6 4 638
6 10 0 0 639
4 4 6 0 639
4 4 6 4 639
10 6 0 0 640
4 4 0 6 640
4 4 4 6 640
6 10 0 0 641
4 4 6 0 641
4 4 6 4 641
6 10 0 0 642
4 4 6 0 642
4 4 6 4 642
10 6 0 0 643
4 4 0 6 643
4 4 4 6 643
6 10 0 0 644
4 4 6 0 644
4 4 6 4 644
10 6 0 0 645
4 4 0 6 645
4 4 4 6 645
10 6 0 0 646
4 4 0 6 646
4 4 4 6 646
10 6 0 0 647
4 4 0 6 647
4 4 4 6 647
6 10 0 0 648
4 4 6 0 648
4 4 6 4 648
6 10 0 0 649
4 4 6 0 649
4 4 6 4 649
10 6 0 0 650
4 4 0 6 650
4 4 4 6 650
6 10 0 0 651
4 4 6 0 651
4 4 6 4 651
6 10 0 0 652
4 4 6 0 652
4 4 6 4 652
6 10 0 0 653
4 4 6 0 653
4 4 6 4 653
10 6 0 0 654
4 4 0 6 654
4 4 4 6 654
6 10 0 0 655
4 4 6 0 655
4 4 6 4 655
10 6 0 0 656
4 4 0 6 656
4 4 4 6 656
6 10 0 0 657
4 4 6 0 657
4 4 6 4 657
10 6 0 0 658
4 4 0 6 658
4 4 4 6 658
6 10 0 0 659
2 10 6 0 659
2 10 8 0 659
10 6 0 0 660
9 2 0 6 660
9 2 0 8 660
10 6 0 0 661
9 2 0 6 661
9 2 0 8 661
10 6 0 0 662
9 2 0 6 662
9 2 0 8 662
10 6 0 0 663
9 2 0 6 663
9 2 0 8 663
10 6 0 0 664
9 2 0 6 664
9 2 0 8 664
10 6 0 0 665
9 2 0 6 665
9 2 0 8 665
10 6 0 0 666
9 2 0 6 666
9 2 0 8 666
10 6 0 0 667
9 2 0 6 667
9 2 0 8 667
10 6 0 0 668
9 2 0 6 668
9 2 0 8 668
10 6 0 0 669
9 2 0 6 669
9 2 0 8 669
10 6 0 0 670
9 2 0 6 670
9 2 0 8 670
6 10 0 0 671
4 5 6 0 671
4 5 6 5 671
6 10 0 0 672
2 10 6 0 672
2 10 8 0 672
6 10 0 0 673
4 5 6 0 673
4 5 6 5 673
6 10 0 0 674
2 10 6 0 674
2 10 8 0 674
10 6 0 0 675
9 2 0 6 675
10 2 0 8 675
10 6 0 0 676
10 2 0 6 676
10 2 0 8 676
10 6 0 0 677
5 4 0 6 677
5 4 5 6 677
6 10 0 0 678
4 5 6 0 678
4 5 6 5 678
6 10 0 0 679
2 10 6 0 679
2 10 8 0 679
6 10 0 0 680
2 10 6 0 680
2 10 8 0 680
6 10 0 0 681
4 5 6 0 681
4 5 6 5 681
10 6 0 0 682
5 4 0 6 682
5 4 5 6 682
6 10 0 0 683
4 5 6 0 683
4 5 6 5 683
6 10 0 0 684
4 5 6 0 684
4 5 6 5 684
6 10 0 0 685
2 10 6 0 685
2 10 8 0 685
10 6 0 0 686
10 2 0 6 686
10 2 0 8 686
10 6 0 0 687
5 4 0 6 687
5 4 5 6 687
6 10 0 0 688
4 5 6 0 688
4 5 6 5 688
10 6 0 0 689
10 2 0 6 689
10 2 0 8 689
10 6 0 0 690
10 2 0 6 690
10 2 0 8 690
6 10 0 0 691
2 10 6 0 691
2 10 8 0 691
6 10 0 0 692
4 5 6 0 692
4 5 6 5 692
10 6 0 0 693
5 4 0 6 693
5 4 5 6 693
10 6 0 0 694
10 2 0 6 694
10 2 0 8 694
6 10 0 0 695
2 10 6 0 695
2 10 8 0 695
6 10 0 0 696
4 5 6 0 696
4 5 6 5 696
6 10 0 0 697
4 5 6 0 697
4 5 6 5 697
6 10 0 0 698
2 10 6 0 698
2 10 8 0 698
6 10 0 0 699
2 10 6 0 699
2 10 8 0 699
6 10 0 0 700
4 5 6 0 700
4 5 6 5 700
10 6 0 0 701
10 2 0 6 701
10 2 0 8 701
10 6 0 0 702
10 2 0 6 702
10 2 0 8 702
6 10 0 0 703
4 5 6 0 703
4 5 6 5 703
6 10 0 0 704
4 5 6 0 704
4 5 6 5 704
10 6 0 0 705
10 2 0 6 705
10 2 0 8 705
6 10 0 0 706
2 10 6 0 706
2 10 8 0 706
6 10 0 0 707
4 5 6 0 707
4 5 6 5 707
10 6 0 0 708
10 2 0 6 708
10 2 0 8 708
10 6 0 0 709
5 4 0 6 709
5 4 5 6 709
6 10 0 0 710
2 10 6 0 710
2 10 8 0 710
10 6 0 0 711
10 2 0 6 711
10 2 0 8 711
10 6 0 0 712
10 2 0 6 712
10 2 0 8 712
6 10 0 0 713
2 10 6 0 713
2 10 8 0 713
6 10 0 0 714
2 10 6 0 714
2 10 8 0 714
6 10 0 0 715
2 10 6 0 715
2 10 8 0 715
10 6 0 0 716
5 4 0 6 716
5 4 5 6 716
10 6 0 0 717
5 4 0 6 717
5 4 5 6 717
6 10 0 0 718
4 5 6 0 718
4 5 6 5 718
7 8 0 0 719
7 2 0 8 719
3 6 7 0 719
7 8 0 0 720
7 2 0 8 720
3 6 7 0 720
7 8 0 0 721
7 2 0 8 721
3 6 7 0 721
7 8 0 0 722
7 2 0 8 722
3 6 7 0 722
8 7 0 0 723
2 7 8 0 723
6 3 0 7 723
7 8 0 0 724
7 2 0 8 724
3 6 7 0 724
7 8 0 0 725
7 2 0 8 725
3 6 7 0 725
8 7 0 0 726
2 7 8 0 726
6 3 0 7 726
7 8 0 0 727
7 2 0 8 727
3 6 7 0 727
7 8 0 0 728
7 2 0 8 728
3 6 7 0 728
8 7 0 0 729
2 7 8 0 729
6 3 0 7 729
7 8 0 0 730
7 2 0 8 730
3 6 7 0 730
7 8 0 0 731
7 2 0 8 731
3 6 7 0 731
7 8 0 0 732
7 2 0 8 732
3 6 7 0 732
7 8 0 0 733
7 2 0 8 733
3 6 7 0 733
7 8 0 0 734
7 2 0 8 734
3 6 7 0 734
7 8 0 0 735
7 2 0 8 735
3 6 7 0 735
7 8 0 0 736
7 2 0 8 736
3 6 7 0 736
8 7 0 0 737
2 7 8 0 737
6 3 0 7 737
7 8 0 0 738
7 2 0 8 738
3 6 7 0 738
8 7 0 0 739
2 7 8 0 739
6 3 0 7 739
7 8 0 0 740
7 2 0 8 740
3 6 7 0 740
8 7 0 0 741
2 7 8 0 741
6 3 0 7 741
7 8 0 0 742
7 2 0 8 742
3 6 7 0 742
8 7 0 0 743
2 7 8 0 743
6 3 0 7 743
8 7 0 0 744
2 7 8 0 744
6 3 0 7 744
8 7 0 0 745
2 7 8 0 745
6 3 0 7 745
8 7 0 0 746
2 7 8 0 746
6 3 0 7 746
7 8 0 0 747
7 2 0 8 747
3 6 7 0 747
7 8 0 0 748
7 2 0 8 748
3 6 7 0 748
7 8 0 0 749
7 2 0 8 749
3 6 7 0 749
7 8 0 0 750
7 2 0 8 750
3 6 7 0 750
7 8 0 0 751
7 2 0 8 751
3 6 7 0 751
7 8 0 0 752
7 2 0 8 752
3 6 7 0 752
8 7 0 0 753
2 7 8 0 753
6 3 0 7 753
8 7 0 0 754
2 7 8 0 754
6 3 0 7 754
7 8 0 0 755
7 2 0 8 755
2 10 7 0 755
8 7 0 0 756
2 7 8 0 756
6 3 0 7 756
8 7 0 0 757
2 7 8 0 757
6 3 0 7 757
7 8 0 0 758
7 2 0 8 758
2 10 7 0 758
8 7 0 0 759
2 7 8 0 759
6 3 0 7 759
7 8 0 0 760
7 2 0 8 760
2 10 7 0 760
7 8 0 0 761
7 2 0 8 761
2 10 7 0 761
8 7 0 0 762
2 7 8 0 762
6 3 0 7 762
8 7 0 0 763
2 7 8 0 763
6 3 0 7 763
8 7 0 0 764
2 7 8 0 764
6 3 0 7 764
7 8 0 0 765
7 2 0 8 765
2 10 7 0 765
8 7 0 0 766
2 7 8 0 766
6 3 0 7 766
7 8 0 0 767
7 2 0 8 767
2 10 7 0 767
8 7 0 0 768
2 7 8 0 768
6 3 0 7 768
7 8 0 0 769
7 2 0 8 769
2 10 7 0 769
7 8 0 0 770
7 2 0 8 770
2 10 7 0 770
7 8 0 0 771
7 2 0 8 771
2 10 7 0 771
8 7 0 0 772
2 7 8 0 772
6 3 0 7 772
8 7 0 0 773
2 7 8 0 773
6 3 0 7 773
8 7 0 0 774
2 7 8 0 774
6 3 0 7 774
7 8 0 0 775
7 2 0 8 775
2 10 7 0 775
7 8 0 0 776
7 2 0 8 776
2 10 7 0 776
8 7 0 0 777
2 7 8 0 777
6 3 0 7 777
7 8 0 0 778
7 2 0 8 778
2 10 7 0 778
7 8 0 0 779
7 2 0 8 779
2 10 7 0 779
7 8 0 0 780
7 2 0 8 780
2 10 7 0 780
8 7 0 0 781
2 7 8 0 781
6 3 0 7 781
7 8 0 0 782
8 2 0 8 782
2 8 8 0 782
8 7 0 0 783
2 7 8 0 783
6 3 0 7 783
8 7 0 0 784
2 7 8 0 784
10 2 0 7 784
8 7 0 0 785
2 7 8 0 785
10 2 0 7 785
8 7 0 0 786
2 7 8 0 786
10 2 0 7 786
8 7 0 0 787
2 7 8 0 787
10 2 0 7 787
7 8 0 0 788
8 2 0 8 788
2 8 8 0 788
8 7 0 0 789
2 8 8 0 789
8 2 0 7 789
7 8 0 0 790
8 2 0 8 790
2 8 8 0 790
8 7 0 0 791
2 8 8 0 791
8 2 0 7 791
8 7 0 0 792
2 8 8 0 792
8 2 0 7 792
8 7 0 0 793
2 8 8 0 793
8 2 0 7 793
7 8 0 0 794
8 2 0 8 794
2 8 8 0 794
7 8 0 0 795
8 2 0 8 795
2 8 8 0 795
8 7 0 0 796
2 8 8 0 796
8 2 0 7 796
8 7 0 0 797
2 8 8 0 797
8 2 0 7 797
7 8 0 0 798
8 2 0 8 798
2 8 8 0 798
7 8 0 0 799
8 2 0 8 799
2 8 8 0 799
8 7 0 0 800
2 8 8 0 800
8 2 0 7 800
8 7 0 0 801
2 8 8 0 801
8 2 0 7 801
8 7 0 0 802
2 8 8 0 802
8 2 0 7 802
8 7 0 0 803
2 8 8 0 803
8 2 0 7 803
7 8 0 0 804
8 2 0 8 804
2 8 8 0 804
7 8 0 0 805
8 2 0 8 805
2 8 8 0 805
8 7 0 0 806
2 8 8 0 806
8 2 0 7 806
8 7 0 0 807
2 8 8 0 807
8 2 0 7 807
8 7 0 0 808
2 8 8 0 808
8 2 0 7 808
8 7 0 0 809
2 8 8 0 809
8 2 0 7 809
8 7 0 0 810
2 8 8 0 810
8 2 0 7 810
8 7 0 0 811
2 8 8 0 811
8 2 0 7 811
7 8 0 0 812
8 2 0 8 812
2 8 8 0 812
7 8 0 0 813
8 2 0 8 813
2 8 8 0 813
8 7 0 0 814
2 8 8 0 814
8 2 0 7 814
8 7 0 0 815
2 8 8 0 815
8 2 0 7 815
8 7 0 0 816
2 8 8 0 816
8 2 0 7 816
7 8 0 0 817
8 2 0 8 817
2 8 8 0 817
8 7 0 0 818
2 8 8 0 818
8 2 0 7 818
8 7 0 0 819
2 8 8 0 819
8 2 0 7 819
9 6 0 0 820
1 8 9 0 820
9 1 0 6 820
9 1 0 7 820
8 2 0 8 820
6 9 0 0 821
7 1 0 9 821
1 9 6 0 821
2 10 7 0 821
9 6 0 0 822
1 8 9 0 822
9 1 0 6 822
9 1 0 7 822
8 2 0 8 822
9 6 0 0 823
1 8 9 0 823
9 1 0 6 823
9 1 0 7 823
8 2 0 8 823
9 6 0 0 824
1 8 9 0 824
9 1 0 6 824
9 1 0 7 824
8 2 0 8 824
6 9 0 0 825
7 1 0 9 825
1 9 6 0 825
2 10 7 0 825
6 9 0 0 826
7 1 0 9 826
1 9 6 0 826
2 10 7 0 826
6 9 0 0 827
7 1 0 9 827
1 9 6 0 827
2 10 7 0 827
6 9 0 0 828
7 1 0 9 828
1 9 6 0 828
2 10 7 0 828
6 9 0 0 829
7 1 0 9 829
1 9 6 0 829
2 10 7 0 829
9 6 0 0 830
1 8 9 0 830
9 1 0 6 830
9 1 0 7 830
8 2 0 8 830
9 6 0 0 831
1 8 9 0 831
9 1 0 6 831
9 1 0 7 831
8 2 0 8 831
9 6 0 0 832
1 8 9 0 832
9 1 0 6 832
9 1 0 7 832
8 2 0 8 832
9 6 0 0 833
1 8 9 0 833
9 1 0 6 833
9 1 0 7 833
8 2 0 8 833
6 9 0 0 834
7 1 0 9 834
1 9 6 0 834
3 7 7 0 834
6 9 0 0 835
7 1 0 9 835
1 9 6 0 835
3 7 7 0 835
6 9 0 0 836
7 1 0 9 836
1 9 6 0 836
3 7 7 0 836
9 6 0 0 837
1 8 9 0 837
9 1 0 6 837
9 1 0 7 837
8 2 0 8 837
9 6 0 0 838
1 8 9 0 838
9 1 0 6 838
9 1 0 7 838
8 2 0 8 838
9 6 0 0 839
1 8 9 0 839
9 1 0 6 839
9 1 0 7 839
8 2 0 8 839
6 9 0 0 840
7 1 0 9 840
1 9 6 0 840
3 7 7 0 840
9 6 0 0 841
1 8 9 0 841
9 1 0 6 841
9 1 0 7 841
8 2 0 8 841
9 6 0 0 842
1 8 9 0 842
9 1 0 6 842
9 1 0 7 842
8 2 0 8 842
9 6 0 0 843
1 8 9 0 843
9 1 0 6 843
9 1 0 7 843
8 2 0 8 843
6 9 0 0 844
7 1 0 9 844
1 9 6 0 844
3 7 7 0 844
9 6 0 0 845
1 8 9 0 845
9 1 0 6 845
9 1 0 7 845
8 2 0 8 845
6 9 0 0 846
7 1 0 9 846
1 9 6 0 846
3 7 7 0 846
9 6 0 0 847
1 8 9 0 847
9 1 0 6 847
9 1 0 7 847
8 2 0 8 847
9 6 0 0 848
1 8 9 0 848
9 1 0 6 848
9 1 0 7 848
8 2 0 8 848
9 6 0 0 849
1 8 9 0 849
9 1 0 6 849
9 1 0 7 849
8 2 0 8 849
9 6 0 0 850
1 8 9 0 850
9 1 0 6 850
9 1 0 7 850
8 2 0 8 850
9 6 0 0 851
1 8 9 0 851
9 1 0 6 851
9 1 0 7 851
8 2 0 8 851
6 9 0 0 852
7 1 0 9 852
1 9 6 0 852
3 7 7 0 852
6 9 0 0 853
7 1 0 9 853
1 9 6 0 853
3 7 7 0 853
9 6 0 0 854
1 8 9 0 854
9 1 0 6 854
9 1 0 7 854
8 2 0 8 854
9 6 0 0 855
1 8 9 0 855
9 1 0 6 855
9 1 0 7 855
8 2 0 8 855
9 6 0 0 856
1 8 9 0 856
9 1 0 6 856
9 1 0 7 856
9 2 0 8 856
6 9 0 0 857
8 1 0 9 857
1 9 6 0 857
1 9 7 0 857
2 8 8 0 857
9 6 0 0 858
1 8 9 0 858
9 1 0 6 858
9 1 0 7 858
9 2 0 8 858
6 9 0 0 859
8 1 0 9 859
1 9 6 0 859
1 9 7 0 859
2 8 8 0 859
6 9 0 0 860
8 1 0 9 860
1 9 6 0 860
1 9 7 0 860
2 8 8 0 860
9 6 0 0 861
1 8 9 0 861
9 1 0 6 861
9 1 0 7 861
9 2 0 8 861
6 9 0 0 862
8 1 0 9 862
1 9 6 0 862
1 9 7 0 862
2 8 8 0 862
6 9 0 0 863
8 1 0 9 863
1 9 6 0 863
1 9 7 0 863
2 8 8 0 863
9 6 0 0 864
1 8 9 0 864
9 1 0 6 864
9 2 0 7 864
9 6 0 0 865
1 8 9 0 865
9 2 0 6 865
9 2 0 8 865
6 9 0 0 866
8 1 0 9 866
1 9 6 0 866
1 9 7 0 866
2 8 8 0 866
9 6 0 0 867
1 8 9 0 867
9 2 0 6 867
9 2 0 8 867
9 6 0 0 868
1 8 9 0 868
9 2 0 6 868
9 2 0 8 868
9 6 0 0 869
1 8 9 0 869
9 2 0 6 869
9 2 0 8 869
6 9 0 0 870
8 1 0 9 870
1 9 6 0 870
1 9 7 0 870
2 8 8 0 870
6 9 0 0 871
8 1 0 9 871
1 9 6 0 871
1 9 7 0 871
2 8 8 0 871
9 6 0 0 872
1 8 9 0 872
9 2 0 6 872
9 2 0 8 872
6 9 0 0 873
8 1 0 9 873
1 9 6 0 873
1 9 7 0 873
2 8 8 0 873
9 6 0 0 874
1 8 9 0 874
9 2 0 6 874
9 2 0 8 874
6 9 0 0 875
8 1 0 9 875
1 9 6 0 875
1 9 7 0 875
2 8 8 0 875
6 9 0 0 876
8 1 0 9 876
1 9 6 0 876
1 9 7 0 876
2 8 8 0 876
6 9 0 0 877
8 1 0 9 877
1 9 6 0 877
1 9 7 0 877
2 8 8 0 877
6 9 0 0 878
8 1 0 9 878
1 9 6 0 878
1 9 7 0 878
2 8 8 0 878
9 6 0 0 879
1 8 9 0 879
9 2 0 6 879
9 2 0 8 879
9 6 0 0 880
1 8 9 0 880
9 2 0 6 880
9 2 0 8 880
9 6 0 0 881
1 8 9 0 881
9 2 0 6 881
9 2 0 8 881
6 9 0 0 882
8 1 0 9 882
1 9 6 0 882
1 9 7 0 882
2 8 8 0 882
6 9 0 0 883
8 1 0 9 883
1 9 6 0 883
1 9 7 0 883
2 8 8 0 883
9 6 0 0 884
1 9 9 0 884
9 2 0 6 884
9 2 0 8 884
9 6 0 0 885
1 9 9 0 885
9 2 0 6 885
9 2 0 8 885
9 6 0 0 886
1 9 9 0 886
9 2 0 6 886
9 2 0 8 886
9 6 0 0 887
1 9 9 0 887
9 2 0 6 887
9 2 0 8 887
6 9 0 0 888
8 1 0 9 888
1 9 6 0 888
2 9 8 0 888
6 9 0 0 889
8 1 0 9 889
2 9 8 0 889
2 9 6 0 889
9 6 0 0 890
10 2 0 6 890
10 2 0 8 890
6 9 0 0 891
8 1 0 9 891
2 9 8 0 891
2 9 6 0 891
6 9 0 0 892
8 1 0 9 892
2 9 8 0 892
2 9 6 0 892
6 9 0 0 893
8 1 0 9 893
2 9 8 0 893
2 9 6 0 893
9 6 0 0 894
10 2 0 6 894
10 2 0 8 894
6 9 0 0 895
8 1 0 9 895
2 9 8 0 895
2 9 6 0 895
6 9 0 0 896
8 1 0 9 896
2 9 8 0 896
2 9 6 0 896
6 9 0 0 897
8 1 0 9 897
2 9 8 0 897
2 9 6 0 897
6 9 0 0 898
8 1 0 9 898
2 9 8 0 898
2 9 6 0 898
6 9 0 0 899
8 1 0 9 899
2 9 8 0 899
2 9 6 0 899
6 9 0 0 900
8 1 0 9 900
2 9 8 0 900
2 9 6 0 900
6 9 0 0 901
8 1 0 9 901
2 9 8 0 901
2 9 6 0 901
9 6 0 0 902
5 4 0 6 902
5 4 5 6 902
9 6 0 0 903
10 2 0 6 903
10 2 0 8 903
6 9 0 0 904
8 1 0 9 904
2 9 8 0 904
2 9 6 0 904
9 6 0 0 905
5 4 0 6 905
5 4 5 6 905
9 6 0 0 906
5 4 0 6 906
5 4 5 6 906
6 9 0 0 907
8 1 0 9 907
2 9 8 0 907
2 9 6 0 907
6 9 0 0 908
8 1 0 9 908
2 9 8 0 908
2 9 6 0 908
6 9 0 0 909
8 1 0 9 909
2 9 8 0 909
2 9 6 0 909
6 9 0 0 910
8 1 0 9 910
2 9 8 0 910
2 9 6 0 910
9 6 0 0 911
10 2 0 6 911
10 2 0 8 911
9 6 0 0 912
5 4 0 6 912
5 4 5 6 912
9 6 0 0 913
10 2 0 6 913
10 2 0 8 913
9 6 0 0 914
5 4 0 6 914
5 4 5 6 914
6 9 0 0 915
8 1 0 9 915
2 9 8 0 915
2 9 6 0 915
6 9 0 0 916
8 1 0 9 916
2 9 8 0 916
2 9 6 0 916
9 6 0 0 917
10 2 0 6 917
10 2 0 8 917
9 6 0 0 918
10 2 0 6 918
10 2 0 8 918
6 9 0 0 919
8 1 0 9 919
2 9 8 0 919
2 9 6 0 919
9 6 0 0 920
10 2 0 6 920
10 2 0 8 920
6 9 0 0 921
8 1 0 9 921
2 9 8 0 921
2 9 6 0 921
9 6 0 0 922
5 4 0 6 922
5 4 5 6 922
9 6 0 0 923
10 2 0 6 923
10 2 0 8 923
9 6 0 0 924
5 4 0 6 924
5 4 5 6 924
6 9 0 0 925
8 1 0 9 925
4 5 6 0 925
9 6 0 0 926
10 2 0 6 926
10 2 0 8 926
6 9 0 0 927
4 5 6 0 927
4 5 6 5 927
9 6 0 0 928
10 2 0 6 928
10 2 0 8 928
6 9 0 0 929
4 5 6 0 929
4 5 6 5 929
9 6 0 0 930
10 2 0 6 930
10 2 0 8 930
9 6 0 0 931
5 4 0 6 931
5 4 5 6 931
9 6 0 0 932
5 4 0 6 932
5 4 5 6 932
6 9 0 0 933
4 5 6 0 933
4 5 6 5 933
5 10 0 0 934
5 10 5 0 934
10 5 0 0 935
10 5 0 5 935
10 5 0 0 936
10 5 0 5 936
5 10 0 0 937
5 10 5 0 937
10 5 0 0 938
10 5 0 5 938
10 5 0 0 939
10 5 0 5 939
10 5 0 0 940
10 5 0 5 940
5 10 0 0 941
5 10 5 0 941
5 10 0 0 942
5 10 5 0 942
10 5 0 0 943
10 5 0 5 943
10 5 0 0 944
10 5 0 5 944
5 10 0 0 945
5 10 5 0 945
10 5 0 0 946
4 5 0 5 946
5 4 4 5 946
10 5 0 0 947
10 5 0 5 947
5 10 0 0 948
5 10 5 0 948
10 5 0 0 949
10 5 0 5 949
10 5 0 0 950
10 5 0 5 950
10 5 0 0 951
10 5 0 5 951
5 10 0 0 952
5 10 5 0 952
5 10 0 0 953
5 10 5 0 953
10 5 0 0 954
10 2 0 5 954
10 2 0 7 954
10 5 0 0 955
4 5 0 5 955
5 4 4 5 955
5 10 0 0 956
5 10 5 0 956
5 10 0 0 957
5 10 5 0 957
10 5 0 0 958
10 5 0 5 958
5 10 0 0 959
5 10 5 0 959
10 5 0 0 960
10 5 0 5 960
10 5 0 0 961
10 5 0 5 961
10 5 0 0 962
10 5 0 5 962
5 10 0 0 963
5 10 5 0 963
10 5 0 0 964
10 5 0 5 964
5 10 0 0 965
5 10 5 0 965
10 5 0 0 966
10 5 0 5 966
5 10 0 0 967
5 10 5 0 967
10 5 0 0 968
10 5 0 5 968
5 10 0 0 969
5 10 5 0 969
10 5 0 0 970
10 5 0 5 970
5 10 0 0 971
3 7 5 0 971
10 5 0 0 972
10 5 0 5 972
5 10 0 0 973
5 9 5 0 973
10 5 0 0 974
9 5 0 5 974
7 7 0 0 975
7 3 0 7 975
3 7 7 0 975
7 7 0 0 976
7 3 0 7 976
3 7 7 0 976
7 7 0 0 977
7 3 0 7 977
3 7 7 0 977
7 7 0 0 978
7 3 0 7 978
3 7 7 0 978
7 7 0 0 979
3 7 7 0 979
7 3 0 7 979
7 7 0 0 980
3 7 7 0 980
7 3 0 7 980
7 7 0 0 981
3 7 7 0 981
7 3 0 7 981
7 7 0 0 982
3 7 7 0 982
7 3 0 7 982
7 7 0 0 983
3 7 7 0 983
7 3 0 7 983
7 7 0 0 984
7 3 0 7 984
3 7 7 0 984
7 7 0 0 985
7 3 0 7 985
3 7 7 0 985
7 7 0 0 986
7 3 0 7 986
3 7 7 0 986
7 7 0 0 987
7 3 0 7 987
3 7 7 0 987
7 7 0 0 988
7 3 0 7 988
3 7 7 0 988
7 7 0 0 989
7 3 0 7 989
3 7 7 0 989
7 7 0 0 990
7 3 0 7 990
3 7 7 0 990
7 7 0 0 991
7 3 0 7 991
3 7 7 0 991
7 7 0 0 992
7 3 0 7 992
3 7 7 0 992
7 7 0 0 993
7 3 0 7 993
3 7 7 0 993
7 7 0 0 994
7 3 0 7 994
3 7 7 0 994
7 7 0 0 995
7 3 0 7 995
3 7 7 0 995
7 7 0 0 996
7 3 0 7 996
3 7 7 0 996
7 7 0 0 997
7 3 0 7 997
3 7 7 0 997
7 7 0 0 998
7 3 0 7 998
3 7 7 0 998
7 7 0 0 999
7 3 0 7 999
3 7 7 0 999
7 7 0 0 1000
7 3 0 7 1000
3 7 7 0 1000
7 7 0 0 1001
7 3 0 7 1001
3 7 7 0 1001
7 7 0 0 1002
7 3 0 7 1002
3 8 7 0 1002
7 7 0 0 1003
7 3 0 7 1003
3 8 7 0 1003
7 7 0 0 1004
7 3 0 7 1004
3 8 7 0 1004
7 7 0 0 1005
7 3 0 7 1005
3 8 7 0 1005
7 7 0 0 1006
7 3 0 7 1006
3 8 7 0 1006
7 7 0 0 1007
7 3 0 7 1007
3 8 7 0 1007
7 7 0 0 1008
7 3 0 7 1008
3 8 7 0 1008
7 7 0 0 1009
7 3 0 7 1009
3 8 7 0 1009
7 7 0 0 1010
7 3 0 7 1010
3 8 7 0 1010
7 7 0 0 1011
7 3 0 7 1011
3 8 7 0 1011
7 7 0 0 1012
7 3 0 7 1012
3 8 7 0 1012
7 7 0 0 1013
7 3 0 7 1013
3 8 7 0 1013
7 7 0 0 1014
8 3 0 7 1014
7 7 0 0 1015
8 3 0 7 1015
8 6 0 0 1016
6 4 0 6 1016
6 8 0 0 1017
4 6 6 0 1017
8 6 0 0 1018
8 3 0 6 1018
6 8 0 0 1019
4 6 6 0 1019
8 6 0 0 1020
8 3 0 6 1020
8 6 0 0 1021
6 4 0 6 1021
8 6 0 0 1022
8 3 0 6 1022
8 6 0 0 1023
6 4 0 6 1023
6 8 0 0 1024
4 6 6 0 1024
6 8 0 0 1025
4 6 6 0 1025
6 8 0 0 1026
4 6 6 0 1026
8 6 0 0 1027
6 4 0 6 1027
6 8 0 0 1028
4 6 6 0 1028
8 6 0 0 1029
6 4 0 6 1029
8 6 0 0 1030
6 4 0 6 1030
8 6 0 0 1031
8 3 0 6 1031
6 8 0 0 1032
4 6 6 0 1032
8 6 0 0 1033
8 3 0 6 1033
6 8 0 0 1034
4 6 6 0 1034
8 6 0 0 1035
8 3 0 6 1035
8 6 0 0 1036
6 4 0 6 1036
8 6 0 0 1037
6 4 0 6 1037
8 6 0 0 1038
8 3 0 6 1038
8 6 0 0 1039
6 4 0 6 1039
6 8 0 0 1040
4 6 6 0 1040
8 6 0 0 1041
6 4 0 6 1041
8 6 0 0 1042
8 3 0 6 1042
6 8 0 0 1043
4 6 6 0 1043
6 8 0 0 1044
4 6 6 0 1044
8 6 0 0 1045
6 4 0 6 1045
8 6 0 0 1046
8 3 0 6 1046
6 8 0 0 1047
3 8 6 0 1047
6 8 0 0 1048
4 6 6 0 1048
6 8 0 0 1049
4 6 6 0 1049
6 8 0 0 1050
4 6 6 0 1050
8 6 0 0 1051
8 3 0 6 1051
8 6 0 0 1052
6 4 0 6 1052
6 8 0 0 1053
3 8 6 0 1053
6 8 0 0 1054
4 6 6 0 1054
6 8 0 0 1055
3 8 6 0 1055
6 8 0 0 1056
3 8 6 0 1056
6 8 0 0 1057
4 6 6 0 1057
8 6 0 0 1058
6 4 0 6 1058
8 6 0 0 1059
8 3 0 6 1059
8 6 0 0 1060
6 4 0 6 1060
6 8 0 0 1061
3 8 6 0 1061
6 8 0 0 1062
4 6 6 0 1062
8 6 0 0 1063
8 3 0 6 1063
8 6 0 0 1064
8 3 0 6 1064
6 8 0 0 1065
3 8 6 0 1065
8 6 0 0 1066
6 4 0 6 1066
8 6 0 0 1067
8 3 0 6 1067
8 6 0 0 1068
8 3 0 6 1068
6 8 0 0 1069
4 6 6 0 1069
8 6 0 0 1070
8 3 0 6 1070
6 8 0 0 1071
4 6 6 0 1071
8 6 0 0 1072
8 3 0 6 1072
8 6 0 0 1073
8 3 0 6 1073
8 6 0 0 1074
6 4 0 6 1074
8 6 0 0 1075
8 3 0 6 1075
8 6 0 0 1076
6 4 0 6 1076
6 8 0 0 1077
4 6 6 0 1077
8 6 0 0 1078
6 4 0 6 1078
8 6 0 0 1079
6 4 0 6 1079
8 6 0 0 1080
6 4 0 6 1080
8 6 0 0 1081
6 4 0 6 1081
8 6 0 0 1082
6 4 0 6 1082
6 8 0 0 1083
4 6 6 0 1083
8 6 0 0 1084
8 3 0 6 1084
6 8 0 0 1085
4 6 6 0 1085
8 6 0 0 1086
6 4 0 6 1086
8 6 0 0 1087
8 3 0 6 1087
8 6 0 0 1088
6 4 0 6 1088
6 8 0 0 1089
3 8 6 0 1089
6 8 0 0 1090
4 6 6 0 1090
6 8 0 0 1091
4 6 6 0 1091
6 8 0 0 1092
4 6 6 0 1092
6 8 0 0 1093
4 6 6 0 1093
6 8 0 0 1094
4 6 6 0 1094
6 8 0 0 1095
3 8 6 0 1095
6 8 0 0 1096
3 8 6 0 1096
8 6 0 0 1097
8 3 0 6 1097
6 8 0 0 1098
4 6 6 0 1098
6 8 0 0 1099
4 6 6 0 1099
6 8 0 0 1100
3 8 6 0 1100
6 8 0 0 1101
4 6 6 0 1101
6 8 0 0 1102
3 8 6 0 1102
8 6 0 0 1103
8 3 0 6 1103
6 8 0 0 1104
3 8 6 0 1104
6 8 0 0 1105
4 6 6 0 1105
8 6 0 0 1106
8 3 0 6 1106
8 6 0 0 1107
6 4 0 6 1107
6 8 0 0 1108
3 8 6 0 1108
6 8 0 0 1109
3 8 6 0 1109
6 8 0 0 1110
3 8 6 0 1110
8 6 0 0 1111
8 3 0 6 1111
5 9 0 0 1112
5 9 5 0 1112
9 5 0 0 1113
9 5 0 5 1113
9 5 0 0 1114
9 5 0 5 1114
5 9 0 0 1115
3 8 5 0 1115
5 9 0 0 1116
5 9 5 0 1116
5 9 0 0 1117
5 9 5 0 1117
9 5 0 0 1118
9 5 0 5 1118
9 5 0 0 1119
9 5 0 5 1119
9 5 0 0 1120
9 5 0 5 1120
5 9 0 0 1121
5 9 5 0 1121
9 5 0 0 1122
9 5 0 5 1122
9 5 0 0 1123
9 5 0 5 1123
5 9 0 0 1124
5 9 5 0 1124
5 9 0 0 1125
5 9 5 0 1125
9 5 0 0 1126
9 5 0 5 1126
9 5 0 0 1127
9 5 0 5 1127
9 5 0 0 1128
9 5 0 5 1128
5 9 0 0 1129
5 9 5 0 1129
9 5 0 0 1130
6 4 0 5 1130
5 9 0 0 1131
5 9 5 0 1131
5 9 0 0 1132
5 9 5 0 1132
5 9 0 0 1133
5 9 5 0 1133
9 5 0 0 1134
9 5 0 5 1134
5 9 0 0 1135
5 9 5 0 1135
5 9 0 0 1136
5 9 5 0 1136
9 5 0 0 1137
9 5 0 5 1137
9 5 0 0 1138
9 5 0 5 1138
5 9 0 0 1139
5 9 5 0 1139
9 5 0 0 1140
9 5 0 5 1140
5 9 0 0 1141
5 9 5 0 1141
5 9 0 0 1142
5 9 5 0 1142
9 5 0 0 1143
8 3 0 5 1143
9 5 0 0 1144
9 5 0 5 1144
9 5 0 0 1145
9 5 0 5 1145
5 9 0 0 1146
5 9 5 0 1146
5 9 0 0 1147
5 8 5 0 1147
9 5 0 0 1148
5 5 0 5 1148
5 5 5 5 1148
7 6 0 0 1149
3 8 7 0 1149
6 4 0 6 1149
7 6 0 0 1150
3 8 7 0 1150
6 4 0 6 1150
6 7 0 0 1151
4 10 6 0 1151
7 6 0 0 1152
3 8 7 0 1152
6 4 0 6 1152
7 6 0 0 1153
3 8 7 0 1153
6 4 0 6 1153
7 6 0 0 1154
3 8 7 0 1154
6 4 0 6 1154
6 7 0 0 1155
4 6 6 0 1155
8 3 0 7 1155
7 6 0 0 1156
3 8 7 0 1156
6 4 0 6 1156
7 6 0 0 1157
3 8 7 0 1157
6 4 0 6 1157
6 7 0 0 1158
4 6 6 0 1158
8 3 0 7 1158
6 7 0 0 1159
4 6 6 0 1159
8 3 0 7 1159
7 6 0 0 1160
3 8 7 0 1160
6 4 0 6 1160
6 7 0 0 1161
4 6 6 0 1161
8 3 0 7 1161
7 6 0 0 1162
3 8 7 0 1162
6 4 0 6 1162
6 7 0 0 1163
4 6 6 0 1163
8 3 0 7 1163
7 6 0 0 1164
3 8 7 0 1164
6 4 0 6 1164
7 6 0 0 1165
3 8 7 0 1165
6 4 0 6 1165
7 6 0 0 1166
3 8 7 0 1166
6 4 0 6 1166
6 7 0 0 1167
4 6 6 0 1167
8 3 0 7 1167
6 7 0 0 1168
4 6 6 0 1168
8 3 0 7 1168
7 6 0 0 1169
3 8 7 0 1169
6 4 0 6 1169
7 6 0 0 1170
3 8 7 0 1170
6 4 0 6 1170
6 7 0 0 1171
4 6 6 0 1171
8 3 0 7 1171
7 6 0 0 1172
3 8 7 0 1172
6 4 0 6 1172
7 6 0 0 1173
3 8 7 0 1173
6 4 0 6 1173
7 6 0 0 1174
3 8 7 0 1174
6 4 0 6 1174
7 6 0 0 1175
3 8 7 0 1175
6 4 0 6 1175
7 6 0 0 1176
3 8 7 0 1176
6 4 0 6 1176
7 6 0 0 1177
3 8 7 0 1177
6 4 0 6 1177
6 7 0 0 1178
4 6 6 0 1178
8 3 0 7 1178
6 7 0 0 1179
4 6 6 0 1179
8 3 0 7 1179
6 7 0 0 1180
4 6 6 0 1180
8 3 0 7 1180
6 7 0 0 1181
4 6 6 0 1181
8 3 0 7 1181
7 6 0 0 1182
3 8 7 0 1182
6 4 0 6 1182
7 6 0 0 1183
6 4 0 6 1183
3 8 7 0 1183
6 7 0 0 1184
4 6 6 0 1184
8 3 0 7 1184
6 7 0 0 1185
4 6 6 0 1185
8 3 0 7 1185
7 6 0 0 1186
6 4 0 6 1186
3 8 7 0 1186
7 6 0 0 1187
6 4 0 6 1187
3 8 7 0 1187
6 7 0 0 1188
8 3 0 7 1188
4 6 6 0 1188
7 6 0 0 1189
6 4 0 6 1189
3 8 7 0 1189
6 7 0 0 1190
8 3 0 7 1190
4 6 6 0 1190
7 6 0 0 1191
6 4 0 6 1191
3 9 7 0 1191
7 6 0 0 1192
6 4 0 6 1192
3 9 7 0 1192
6 7 0 0 1193
4 6 6 0 1193
8 3 0 7 1193
7 6 0 0 1194
10 4 0 6 1194
6 7 0 0 1195
8 3 0 7 1195
4 6 6 0 1195
6 7 0 0 1196
4 6 6 0 1196
8 3 0 7 1196
7 6 0 0 1197
10 4 0 6 1197
6 7 0 0 1198
4 10 6 0 1198
6 7 0 0 1199
4 10 6 0 1199
7 6 0 0 1200
10 4 0 6 1200
7 6 0 0 1201
10 4 0 6 1201
7 6 0 0 1202
10 4 0 6 1202
7 6 0 0 1203
10 4 0 6 1203
7 6 0 0 1204
10 4 0 6 1204
6 7 0 0 1205
4 10 6 0 1205
7 6 0 0 1206
10 4 0 6 1206
7 6 0 0 1207
10 4 0 6 1207
7 6 0 0 1208
10 4 0 6 1208
6 7 0 0 1209
4 10 6 0 1209
6 7 0 0 1210
4 10 6 0 1210
6 7 0 0 1211
4 10 6 0 1211
7 6 0 0 1212
10 4 0 6 1212
6 7 0 0 1213
4 10 6 0 1213
6 7 0 0 1214
4 10 6 0 1214
7 6 0 0 1215
10 4 0 6 1215
6 7 0 0 1216
4 10 6 0 1216
6 7 0 0 1217
4 10 6 0 1217
6 7 0 0 1218
4 10 6 0 1218
7 6 0 0 1219
10 4 0 6 1219
7 6 0 0 1220
10 4 0 6 1220
6 7 0 0 1221
4 10 6 0 1221
6 7 0 0 1222
4 10 6 0 1222
7 6 0 0 1223
10 4 0 6 1223
7 6 0 0 1224
10 4 0 6 1224
7 6 0 0 1225
10 4 0 6 1225
7 6 0 0 1226
10 4 0 6 1226
6 7 0 0 1227
4 10 6 0 1227
6 7 0 0 1228
4 10 6 0 1228
6 7 0 0 1229
4 10 6 0 1229
7 6 0 0 1230
10 4 0 6 1230
7 6 0 0 1231
10 4 0 6 1231
6 7 0 0 1232
4 10 6 0 1232
6 7 0 0 1233
4 10 6 0 1233
7 6 0 0 1234
10 4 0 6 1234
7 6 0 0 1235
10 4 0 6 1235
7 6 0 0 1236
10 4 0 6 1236
6 7 0 0 1237
4 10 6 0 1237
7 6 0 0 1238
10 4 0 6 1238
7 6 0 0 1239
10 4 0 6 1239
7 6 0 0 1240
10 4 0 6 1240
7 6 0 0 1241
10 4 0 6 1241
7 6 0 0 1242
10 4 0 6 1242
7 6 0 0 1243
10 4 0 6 1243
7 6 0 0 1244
10 4 0 6 1244
6 7 0 0 1245
4 10 6 0 1245
6 7 0 0 1246
4 10 6 0 1246
7 6 0 0 1247
10 4 0 6 1247
7 6 0 0 1248
10 4 0 6 1248
7 6 0 0 1249
10 4 0 6 1249
7 6 0 0 1250
10 4 0 6 1250
7 6 0 0 1251
10 4 0 6 1251
6 7 0 0 1252
4 10 6 0 1252
6 7 0 0 1253
4 10 6 0 1253
8 5 0 0 1254
5 5 0 5 1254
5 5 5 5 1254
5 8 0 0 1255
5 8 5 0 1255
5 8 0 0 1256
5 8 5 0 1256
8 5 0 0 1257
8 5 0 5 1257
8 5 0 0 1258
8 5 0 5 1258
8 5 0 0 1259
8 5 0 5 1259
5 8 0 0 1260
5 8 5 0 1260
5 8 0 0 1261
5 8 5 0 1261
8 5 0 0 1262
8 5 0 5 1262
5 8 0 0 1263
5 8 5 0 1263
8 5 0 0 1264
8 5 0 5 1264
4 10 0 0 1265
5 8 4 0 1265
5 8 0 0 1266
4 10 5 0 1266
8 5 0 0 1267
8 5 0 5 1267
8 5 0 0 1268
8 5 0 5 1268
5 8 0 0 1269
4 10 5 0 1269
5 8 0 0 1270
4 10 5 0 1270
4 10 0 0 1271
4 10 4 0 1271
4 10 0 0 1272
5 8 4 0 1272
8 5 0 0 1273
5 5 0 5 1273
5 5 5 5 1273
8 5 0 0 1274
8 5 0 5 1274
4 10 0 0 1275
5 8 4 0 1275
8 5 0 0 1276
8 5 0 5 1276
4 10 0 0 1277
5 5 4 0 1277
5 5 4 5 1277
10 4 0 0 1278
10 4 0 4 1278
4 10 0 0 1279
4 10 4 0 1279
10 4 0 0 1280
8 5 0 4 1280
8 5 0 0 1281
10 4 0 5 1281
8 5 0 0 1282
8 5 0 5 1282
4 10 0 0 1283
4 10 4 0 1283
10 4 0 0 1284
10 4 0 4 1284
4 10 0 0 1285
5 8 4 0 1285
10 4 0 0 1286
10 4 0 4 1286
8 5 0 0 1287
10 4 0 5 1287
4 10 0 0 1288
5 8 4 0 1288
10 4 0 0 1289
8 5 0 4 1289
4 10 0 0 1290
4 10 4 0 1290
8 5 0 0 1291
10 4 0 5 1291
4 10 0 0 1292
5 8 4 0 1292
8 5 0 0 1293
8 5 0 5 1293
5 8 0 0 1294
5 8 5 0 1294
4 10 0 0 1295
4 10 4 0 1295
10 4 0 0 1296
8 5 0 4 1296
4 10 0 0 1297
4 10 4 0 1297
8 5 0 0 1298
9 3 0 5 1298
4 10 0 0 1299
5 8 4 0 1299
8 5 0 0 1300
10 4 0 5 1300
8 5 0 0 1301
10 4 0 5 1301
10 4 0 0 1302
8 5 0 4 1302
8 5 0 0 1303
8 5 0 5 1303
8 5 0 0 1304
8 5 0 5 1304
8 5 0 0 1305
8 5 0 5 1305
4 10 0 0 1306
5 8 4 0 1306
10 4 0 0 1307
9 3 0 4 1307
9 3 0 7 1307
10 4 0 0 1308
9 4 0 4 1308
4 9 0 0 1309
4 9 4 0 1309
9 4 0 0 1310
6 6 0 4 1310
4 9 0 0 1311
6 6 4 0 1311
6 6 0 0 1312
4 9 6 0 1312
6 6 0 0 1313
9 3 0 6 1313
6 6 0 0 1314
4 9 6 0 1314
6 6 0 0 1315
4 9 6 0 1315
6 6 0 0 1316
4 9 6 0 1316
9 4 0 0 1317
9 4 0 4 1317
4 9 0 0 1318
4 9 4 0 1318
6 6 0 0 1319
4 9 6 0 1319
6 6 0 0 1320
9 4 0 6 1320
4 9 0 0 1321
6 6 4 0 1321
6 6 0 0 1322
9 4 0 6 1322
6 6 0 0 1323
9 4 0 6 1323
6 6 0 0 1324
3 9 6 0 1324
6 6 0 0 1325
9 3 0 6 1325
6 6 0 0 1326
4 9 6 0 1326
9 4 0 0 1327
9 4 0 4 1327
6 6 0 0 1328
9 4 0 6 1328
6 6 0 0 1329
9 4 0 6 1329
6 6 0 0 1330
4 9 6 0 1330
6 6 0 0 1331
9 4 0 6 1331
6 6 0 0 1332
9 4 0 6 1332
9 4 0 0 1333
9 4 0 4 1333
4 9 0 0 1334
4 9 4 0 1334
4 9 0 0 1335
6 6 4 0 1335
6 6 0 0 1336
4 9 6 0 1336
9 4 0 0 1337
6 6 0 4 1337
4 9 0 0 1338
4 9 4 0 1338
9 4 0 0 1339
6 6 0 4 1339
4 9 0 0 1340
4 9 4 0 1340
9 4 0 0 1341
6 6 0 4 1341
4 9 0 0 1342
4 9 4 0 1342
9 4 0 0 1343
6 6 0 4 1343
9 4 0 0 1344
9 4 0 4 1344
4 9 0 0 1345
4 9 4 0 1345
4 9 0 0 1346
6 6 4 0 1346
4 9 0 0 1347
4 9 4 0 1347
4 9 0 0 1348
6 6 4 0 1348
4 9 0 0 1349
4 9 4 0 1349
9 4 0 0 1350
9 3 0 4 1350
9 3 0 7 1350
6 6 0 0 1351
9 4 0 6 1351
4 9 0 0 1352
6 6 4 0 1352
6 6 0 0 1353
9 4 0 6 1353
4 9 0 0 1354
6 6 4 0 1354
6 6 0 0 1355
9 4 0 6 1355
6 6 0 0 1356
9 3 0 6 1356
5 7 0 0 1357
5 7 5 0 1357
9 3 0 7 1357
5 7 0 0 1358
5 7 5 0 1358
9 3 0 7 1358
5 7 0 0 1359
5 7 5 0 1359
9 3 0 7 1359
7 5 0 0 1360
7 5 0 5 1360
3 9 7 0 1360
7 5 0 0 1361
7 5 0 5 1361
3 9 7 0 1361
5 7 0 0 1362
5 7 5 0 1362
9 3 0 7 1362
7 5 0 0 1363
7 5 0 5 1363
3 9 7 0 1363
7 5 0 0 1364
7 5 0 5 1364
3 9 7 0 1364
5 7 0 0 1365
5 7 5 0 1365
9 3 0 7 1365
5 7 0 0 1366
5 7 5 0 1366
9 3 0 7 1366
7 5 0 0 1367
7 5 0 5 1367
3 9 7 0 1367
5 7 0 0 1368
5 7 5 0 1368
9 3 0 7 1368
5 7 0 0 1369
9 3 0 7 1369
5 7 5 0 1369
7 5 0 0 1370
7 5 0 5 1370
3 9 7 0 1370
7 5 0 0 1371
7 5 0 5 1371
3 9 7 0 1371
5 7 0 0 1372
5 7 5 0 1372
9 3 0 7 1372
7 5 0 0 1373
7 5 0 5 1373
3 9 7 0 1373
5 7 0 0 1374
5 7 5 0 1374
9 3 0 7 1374
5 7 0 0 1375
5 7 5 0 1375
9 3 0 7 1375
7 5 0 0 1376
3 9 7 0 1376
7 5 0 5 1376
5 7 0 0 1377
9 3 0 7 1377
5 7 5 0 1377
7 5 0 0 1378
7 5 0 5 1378
3 9 7 0 1378
7 5 0 0 1379
7 5 0 5 1379
3 9 7 0 1379
5 7 0 0 1380
5 7 5 0 1380
10 3 0 7 1380
7 5 0 0 1381
7 4 0 5 1381
3 10 7 0 1381
5 7 0 0 1382
5 7 5 0 1382
10 3 0 7 1382
7 5 0 0 1383
7 5 0 5 1383
3 10 7 0 1383
5 7 0 0 1384
5 7 5 0 1384
10 3 0 7 1384
7 5 0 0 1385
7 5 0 5 1385
3 10 7 0 1385
5 7 0 0 1386
5 7 5 0 1386
10 3 0 7 1386
5 7 0 0 1387
5 7 5 0 1387
10 3 0 7 1387
7 5 0 0 1388
7 5 0 5 1388
3 10 7 0 1388
5 7 0 0 1389
5 7 5 0 1389
10 3 0 7 1389
7 5 0 0 1390
7 5 0 5 1390
3 10 7 0 1390
5 7 0 0 1391
4 8 5 0 1391
8 4 0 0 1392
8 4 0 4 1392
4 8 0 0 1393
4 8 4 0 1393
8 4 0 0 1394
8 4 0 4 1394
8 4 0 0 1395
8 4 0 4 1395
8 4 0 0 1396
8 4 0 4 1396
8 4 0 0 1397
8 4 0 4 1397
4 8 0 0 1398
4 8 4 0 1398
8 4 0 0 1399
8 4 0 4 1399
4 8 0 0 1400
4 8 4 0 1400
8 4 0 0 1401
8 4 0 4 1401
4 8 0 0 1402
4 8 4 0 1402
4 8 0 0 1403
4 8 4 0 1403
8 4 0 0 1404
8 4 0 4 1404
8 4 0 0 1405
8 4 0 4 1405
4 8 0 0 1406
4 8 4 0 1406
4 8 0 0 1407
4 8 4 0 1407
4 8 0 0 1408
4 8 4 0 1408
8 4 0 0 1409
8 4 0 4 1409
4 8 0 0 1410
4 8 4 0 1410
8 4 0 0 1411
8 4 0 4 1411
4 8 0 0 1412
4 8 4 0 1412
8 4 0 0 1413
8 4 0 4 1413
4 8 0 0 1414
4 8 4 0 1414
8 4 0 0 1415
8 4 0 4 1415
4 8 0 0 1416
4 8 4 0 1416
8 4 0 0 1417
8 4 0 4 1417
4 8 0 0 1418
4 7 4 0 1418
4 8 0 0 1419
4 7 4 0 1419
8 4 0 0 1420
8 4 0 4 1420
4 8 0 0 1421
4 7 4 0 1421
8 4 0 0 1422
8 4 0 4 1422
8 4 0 0 1423
8 4 0 4 1423
4 8 0 0 1424
4 7 4 0 1424
4 8 0 0 1425
4 8 4 0 1425
8 4 0 0 1426
8 4 0 4 1426
4 8 0 0 1427
4 8 4 0 1427
8 4 0 0 1428
8 4 0 4 1428
4 8 0 0 1429
4 8 4 0 1429
8 4 0 0 1430
8 4 0 4 1430
8 4 0 0 1431
6 5 0 4 1431
6 5 0 0 1432
3 10 6 0 1432
6 5 0 5 1432
6 5 0 0 1433
3 10 6 0 1433
6 5 0 5 1433
10 3 0 0 1434
5 6 0 3 1434
5 6 5 3 1434
3 10 0 0 1435
3 10 3 0 1435
3 10 6 0 1435
10 3 0 0 1436
5 6 0 3 1436
4 7 5 3 1436
5 6 0 0 1437
5 6 5 0 1437
7 4 0 6 1437
3 10 0 0 1438
3 10 3 0 1438
3 10 6 0 1438
5 6 0 0 1439
10 3 0 6 1439
5 6 5 0 1439
5 6 0 0 1440
5 6 5 0 1440
10 3 0 6 1440
6 5 0 0 1441
3 10 6 0 1441
6 5 0 5 1441
5 6 0 0 1442
5 6 5 0 1442
7 4 0 6 1442
10 3 0 0 1443
10 3 0 3 1443
7 4 0 6 1443
3 10 0 0 1444
6 5 3 0 1444
7 4 3 5 1444
5 6 0 0 1445
10 3 0 6 1445
5 6 5 0 1445
10 3 0 0 1446
10 3 0 3 1446
7 4 0 6 1446
3 10 0 0 1447
3 10 3 0 1447
4 7 6 0 1447
10 3 0 0 1448
10 3 0 3 1448
10 3 0 6 1448
10 3 0 0 1449
6 5 0 3 1449
4 7 6 3 1449
10 3 0 0 1450
5 6 0 3 1450
5 6 5 3 1450
3 10 0 0 1451
6 5 3 0 1451
7 4 3 5 1451
10 3 0 0 1452
5 6 0 3 1452
4 7 5 3 1452
6 5 0 0 1453
10 3 0 5 1453
10 3 0 0 1454
6 5 0 3 1454
4 7 6 3 1454
6 5 0 0 1455
3 10 6 0 1455
6 5 0 5 1455
3 10 0 0 1456
5 6 3 0 1456
7 4 3 6 1456
3 10 0 0 1457
3 10 3 0 1457
4 7 6 0 1457
3 10 0 0 1458
3 10 3 0 1458
3 10 6 0 1458
10 3 0 0 1459
5 6 0 3 1459
5 6 5 3 1459
5 6 0 0 1460
5 6 5 0 1460
7 4 0 6 1460
5 6 0 0 1461
5 6 5 0 1461
7 4 0 6 1461
3 10 0 0 1462
5 6 3 0 1462
5 6 0 0 1463
5 6 5 0 1463
10 3 0 6 1463
6 5 0 0 1464
3 10 6 0 1464
6 5 0 5 1464
5 6 0 0 1465
5 6 5 0 1465
10 3 0 6 1465
3 10 0 0 1466
3 10 3 0 1466
3 10 6 0 1466
6 5 0 0 1467
10 3 0 5 1467
5 6 0 0 1468
5 6 5 0 1468
10 3 0 6 1468
5 6 0 0 1469
10 3 0 6 1469
5 6 5 0 1469
6 5 0 0 1470
10 3 0 5 1470
6 5 0 0 1471
6 5 0 5 1471
3 10 6 0 1471
10 3 0 0 1472
10 3 0 3 1472
10 3 0 6 1472
6 5 0 0 1473
6 5 0 5 1473
3 10 6 0 1473
5 6 0 0 1474
5 6 5 0 1474
10 3 0 6 1474
10 3 0 0 1475
6 5 0 3 1475
3 10 0 0 1476
6 5 3 0 1476
6 5 3 5 1476
5 6 0 0 1477
5 6 5 0 1477
10 3 0 6 1477
10 3 0 0 1478
10 3 0 3 1478
10 3 0 6 1478
3 10 0 0 1479
3 10 3 0 1479
3 10 6 0 1479
3 10 0 0 1480
6 5 3 0 1480
6 5 3 5 1480
10 3 0 0 1481
