% State of a bin packing problem:
%
% Bin number: 485
% Total uncovered points: 2822
% Total covered points: 45678
% Number of boxes: 4032
% Unused boxes: 0
% Runtime: None
%
% Bin size:
10 10
%
% Boxes (width, height) not in some bins:
%
% Boxes (width, height, x_position, y_position, bin_id) in bins:
4 9 0 0 0
4 9 4 0 0
1 2 8 0 0
1 2 9 0 0
1 2 8 2 0
1 2 9 2 0
1 2 8 4 0
1 2 9 4 0
1 2 8 6 0
1 2 9 6 0
1 2 8 8 0
1 2 9 8 0
3 1 0 9 0
3 1 3 9 0
4 9 0 0 1
4 9 4 0 1
1 2 8 0 1
1 2 9 0 1
1 2 8 2 1
1 2 9 2 1
1 2 8 4 1
1 2 9 4 1
1 2 8 6 1
1 2 9 6 1
1 2 8 8 1
1 2 9 8 1
3 1 0 9 1
3 1 3 9 1
4 9 0 0 2
4 9 4 0 2
1 2 8 0 2
1 2 9 0 2
1 2 8 2 2
1 2 9 2 2
1 2 8 4 2
1 2 9 4 2
1 2 8 6 2
1 2 9 6 2
1 2 8 8 2
1 2 9 8 2
3 1 0 9 2
3 1 3 9 2
4 9 0 0 3
4 9 4 0 3
1 2 8 0 3
1 2 9 0 3
1 2 8 2 3
1 2 9 2 3
1 2 8 4 3
1 2 9 4 3
1 2 8 6 3
1 2 9 6 3
1 2 8 8 3
1 2 9 8 3
3 1 0 9 3
3 1 3 9 3
4 9 0 0 4
4 9 4 0 4
1 2 8 0 4
1 2 9 0 4
1 2 8 2 4
1 2 9 2 4
1 2 8 4 4
1 2 9 4 4
1 2 8 6 4
1 2 9 6 4
1 2 8 8 4
1 2 9 8 4
3 1 0 9 4
3 1 3 9 4
4 9 0 0 5
4 9 4 0 5
1 2 8 0 5
1 2 9 0 5
1 2 8 2 5
1 2 9 2 5
1 2 8 4 5
1 2 9 4 5
1 2 8 6 5
1 2 9 6 5
1 2 8 8 5
1 2 9 8 5
3 1 0 9 5
3 1 3 9 5
4 9 0 0 6
4 9 4 0 6
1 2 8 0 6
1 2 9 0 6
1 2 8 2 6
1 2 9 2 6
1 2 8 4 6
1 2 9 4 6
1 2 8 6 6
1 2 9 6 6
1 2 8 8 6
1 2 9 8 6
3 1 0 9 6
3 1 3 9 6
4 9 0 0 7
4 9 4 0 7
1 2 8 0 7
1 2 9 0 7
1 2 8 2 7
1 2 9 2 7
1 2 8 4 7
1 2 9 4 7
1 2 8 6 7
1 2 9 6 7
1 2 8 8 7
1 2 9 8 7
3 1 0 9 7
3 1 3 9 7
4 9 0 0 8
4 9 4 0 8
1 2 8 0 8
1 2 9 0 8
1 2 8 2 8
1 2 9 2 8
1 2 8 4 8
1 2 9 4 8
1 2 8 6 8
1 2 9 6 8
1 2 8 8 8
1 2 9 8 8
3 1 0 9 8
3 1 3 9 8
4 9 0 0 9
4 9 4 0 9
1 2 8 0 9
1 2 9 0 9
1 2 8 2 9
1 2 9 2 9
1 2 8 4 9
1 2 9 4 9
1 2 8 6 9
1 2 9 6 9
1 2 8 8 9
1 2 9 8 9
3 1 0 9 9
3 1 3 9 9
4 9 0 0 10
4 9 4 0 10
1 2 8 0 10
1 2 9 0 10
1 2 8 2 10
1 2 9 2 10
1 2 8 4 10
1 2 9 4 10
1 2 8 6 10
1 2 9 6 10
1 2 8 8 10
1 2 9 8 10
3 1 0 9 10
3 1 3 9 10
4 9 0 0 11
4 9 4 0 11
1 2 8 0 11
1 2 9 0 11
1 2 8 2 11
1 2 9 2 11
1 2 8 4 11
1 2 9 4 11
1 2 8 6 11
1 2 9 6 11
1 2 8 8 11
1 2 9 8 11
3 1 0 9 11
3 1 3 9 11
4 9 0 0 12
4 9 4 0 12
1 2 8 0 12
1 2 9 0 12
1 2 8 2 12
1 2 9 2 12
1 2 8 4 12
1 2 9 4 12
1 2 8 6 12
1 2 9 6 12
1 2 8 8 12
1 2 9 8 12
3 1 0 9 12
3 1 3 9 12
4 9 0 0 13
4 9 4 0 13
1 2 8 0 13
1 2 9 0 13
1 2 8 2 13
1 2 9 2 13
1 2 8 4 13
1 2 9 4 13
1 2 8 6 13
1 2 9 6 13
1 2 8 8 13
1 2 9 8 13
3 1 0 9 13
3 1 3 9 13
4 9 0 0 14
4 9 4 0 14
1 2 8 0 14
1 2 9 0 14
1 2 8 2 14
1 2 9 2 14
1 2 8 4 14
1 2 9 4 14
1 2 8 6 14
1 2 9 6 14
1 2 8 8 14
1 2 9 8 14
3 1 0 9 14
3 1 3 9 14
4 9 0 0 15
4 9 4 0 15
1 2 8 0 15
1 2 9 0 15
1 2 8 2 15
1 2 9 2 15
1 2 8 4 15
1 2 9 4 15
1 2 8 6 15
1 2 9 6 15
1 2 8 8 15
1 2 9 8 15
3 1 0 9 15
3 1 3 9 15
4 9 0 0 16
4 9 4 0 16
1 2 8 0 16
1 2 9 0 16
1 2 8 2 16
1 2 9 2 16
1 2 8 4 16
1 2 9 4 16
1 2 8 6 16
1 2 9 6 16
1 2 8 8 16
1 2 9 8 16
3 1 0 9 16
3 1 3 9 16
4 9 0 0 17
4 9 4 0 17
1 2 8 0 17
1 2 9 0 17
1 2 8 2 17
1 2 9 2 17
1 2 8 4 17
1 2 9 4 17
1 2 8 6 17
1 2 9 6 17
1 2 8 8 17
1 2 9 8 17
3 1 0 9 17
3 1 3 9 17
4 9 0 0 18
4 9 4 0 18
1 2 8 0 18
1 2 9 0 18
1 2 8 2 18
1 2 9 2 18
1 2 8 4 18
1 2 9 4 18
1 2 8 6 18
1 2 9 6 18
1 2 8 8 18
1 2 9 8 18
3 1 0 9 18
3 1 3 9 18
4 9 0 0 19
4 9 4 0 19
1 2 8 0 19
1 2 9 0 19
1 2 8 2 19
1 2 9 2 19
1 2 8 4 19
1 2 9 4 19
1 2 8 6 19
1 2 9 6 19
1 2 8 8 19
1 2 9 8 19
3 1 0 9 19
3 1 3 9 19
4 9 0 0 20
4 9 4 0 20
1 2 8 0 20
1 2 9 0 20
1 2 8 2 20
1 2 9 2 20
1 2 8 4 20
1 2 9 4 20
1 2 8 6 20
1 2 9 6 20
1 2 8 8 20
1 2 9 8 20
3 1 0 9 20
3 1 3 9 20
4 9 0 0 21
4 9 4 0 21
1 2 8 0 21
1 2 9 0 21
1 2 8 2 21
1 2 9 2 21
1 2 8 4 21
1 2 9 4 21
1 2 8 6 21
1 2 9 6 21
1 2 8 8 21
1 2 9 8 21
3 1 0 9 21
3 1 3 9 21
4 9 0 0 22
4 9 4 0 22
1 2 8 0 22
1 2 9 0 22
1 2 8 2 22
1 2 9 2 22
1 2 8 4 22
1 2 9 4 22
1 2 8 6 22
1 2 9 6 22
1 2 8 8 22
1 2 9 8 22
3 1 0 9 22
3 1 3 9 22
4 9 0 0 23
4 9 4 0 23
1 2 8 0 23
1 2 9 0 23
1 2 8 2 23
1 2 9 2 23
1 2 8 4 23
1 2 9 4 23
1 2 8 6 23
1 2 9 6 23
1 2 8 8 23
1 2 9 8 23
3 1 0 9 23
3 1 3 9 23
4 9 0 0 24
4 9 4 0 24
1 2 8 0 24
1 2 9 0 24
1 2 8 2 24
1 2 9 2 24
1 2 8 4 24
1 2 9 4 24
1 2 8 6 24
1 2 9 6 24
1 2 8 8 24
1 2 9 8 24
3 1 0 9 24
3 1 3 9 24
4 9 0 0 25
4 9 4 0 25
1 2 8 0 25
1 2 9 0 25
1 2 8 2 25
1 2 9 2 25
1 2 8 4 25
1 2 9 4 25
1 2 8 6 25
1 2 9 6 25
1 2 8 8 25
1 2 9 8 25
3 1 0 9 25
3 1 3 9 25
4 9 0 0 26
4 9 4 0 26
1 2 8 0 26
1 2 9 0 26
1 2 8 2 26
1 2 9 2 26
1 2 8 4 26
1 2 9 4 26
1 2 8 6 26
1 2 9 6 26
1 2 8 8 26
1 2 9 8 26
3 1 0 9 26
3 1 3 9 26
4 9 0 0 27
4 9 4 0 27
1 2 8 0 27
1 2 9 0 27
1 2 8 2 27
1 2 9 2 27
1 2 8 4 27
1 2 9 4 27
1 2 8 6 27
1 2 9 6 27
1 2 8 8 27
1 2 9 8 27
3 1 0 9 27
3 1 3 9 27
4 9 0 0 28
4 9 4 0 28
1 2 8 0 28
1 2 9 0 28
1 2 8 2 28
1 2 9 2 28
1 2 8 4 28
1 2 9 4 28
1 2 8 6 28
1 2 9 6 28
1 2 8 8 28
1 2 9 8 28
3 1 0 9 28
3 1 3 9 28
4 9 0 0 29
4 9 4 0 29
1 2 8 0 29
1 2 9 0 29
1 2 8 2 29
1 2 9 2 29
1 2 8 4 29
1 2 9 4 29
1 2 8 6 29
1 2 9 6 29
1 2 8 8 29
1 2 9 8 29
3 1 0 9 29
3 1 3 9 29
4 9 0 0 30
4 9 4 0 30
1 2 8 0 30
1 2 9 0 30
1 2 8 2 30
1 2 9 2 30
1 2 8 4 30
1 2 9 4 30
1 2 8 6 30
1 2 9 6 30
1 2 8 8 30
1 2 9 8 30
3 1 0 9 30
3 1 3 9 30
4 9 0 0 31
4 9 4 0 31
1 2 8 0 31
1 2 9 0 31
1 2 8 2 31
1 2 9 2 31
1 2 8 4 31
1 2 9 4 31
1 2 8 6 31
1 2 9 6 31
1 2 8 8 31
1 2 9 8 31
3 1 0 9 31
3 1 3 9 31
4 9 0 0 32
4 9 4 0 32
1 2 8 0 32
1 2 9 0 32
1 2 8 2 32
1 2 9 2 32
1 2 8 4 32
1 2 9 4 32
1 2 8 6 32
1 2 9 6 32
1 2 8 8 32
1 2 9 8 32
3 1 0 9 32
3 1 3 9 32
4 9 0 0 33
4 9 4 0 33
1 2 8 0 33
1 2 9 0 33
1 2 8 2 33
1 2 9 2 33
1 2 8 4 33
1 2 9 4 33
1 2 8 6 33
1 2 9 6 33
1 2 8 8 33
1 2 9 8 33
3 1 0 9 33
3 1 3 9 33
4 9 0 0 34
4 9 4 0 34
1 2 8 0 34
1 2 9 0 34
1 2 8 2 34
1 2 9 2 34
1 2 8 4 34
1 2 9 4 34
1 2 8 6 34
1 2 9 6 34
1 2 8 8 34
1 2 9 8 34
3 1 0 9 34
3 1 3 9 34
4 9 0 0 35
4 9 4 0 35
1 2 8 0 35
1 2 9 0 35
1 2 8 2 35
1 2 9 2 35
1 2 8 4 35
1 2 9 4 35
1 2 8 6 35
1 2 9 6 35
1 2 8 8 35
1 2 9 8 35
3 1 0 9 35
3 1 3 9 35
4 9 0 0 36
4 9 4 0 36
1 2 8 0 36
1 2 9 0 36
1 2 8 2 36
1 2 9 2 36
3 1 0 9 36
3 1 3 9 36
3 1 6 9 36
2 2 8 4 36
2 2 8 6 36
4 9 0 0 37
4 9 4 0 37
3 1 0 9 37
3 1 3 9 37
3 1 6 9 37
1 4 9 0 37
1 4 9 4 37
1 4 8 0 37
1 4 8 4 37
4 9 0 0 38
4 9 4 0 38
3 1 0 9 38
3 1 3 9 38
3 1 6 9 38
2 2 8 0 38
2 2 8 2 38
2 2 8 4 38
2 2 8 6 38
4 9 0 0 39
4 9 4 0 39
3 1 0 9 39
3 1 3 9 39
3 1 6 9 39
2 2 8 0 39
2 2 8 2 39
2 2 8 4 39
2 2 8 6 39
4 9 0 0 40
4 9 4 0 40
3 1 0 9 40
3 1 3 9 40
3 1 6 9 40
1 4 9 0 40
1 4 9 4 40
1 4 8 0 40
1 4 8 4 40
4 9 0 0 41
4 9 4 0 41
3 1 0 9 41
3 1 3 9 41
3 1 6 9 41
2 2 8 0 41
2 2 8 2 41
2 2 8 4 41
2 2 8 6 41
4 9 0 0 42
4 9 4 0 42
3 1 0 9 42
3 1 3 9 42
3 1 6 9 42
1 4 9 0 42
1 4 9 4 42
1 4 8 0 42
1 4 8 4 42
4 9 0 0 43
4 9 4 0 43
3 1 0 9 43
3 1 3 9 43
3 1 6 9 43
2 2 8 0 43
2 2 8 2 43
1 4 9 4 43
1 4 8 4 43
4 9 0 0 44
4 9 4 0 44
3 1 0 9 44
3 1 3 9 44
3 1 6 9 44
2 2 8 0 44
1 4 9 2 44
2 2 8 6 44
1 4 8 2 44
4 9 0 0 45
4 9 4 0 45
3 1 0 9 45
3 1 3 9 45
3 1 6 9 45
1 4 9 0 45
1 4 9 4 45
1 4 8 0 45
1 4 8 4 45
4 9 0 0 46
4 9 4 0 46
3 1 0 9 46
3 1 3 9 46
3 1 6 9 46
2 2 8 0 46
2 2 8 2 46
2 2 8 4 46
1 4 9 6 46
4 9 0 0 47
4 9 4 0 47
3 1 0 9 47
3 1 3 9 47
3 1 6 9 47
2 2 8 0 47
1 4 9 2 47
1 4 9 6 47
1 4 8 2 47
4 9 0 0 48
4 9 4 0 48
3 1 0 9 48
3 1 3 9 48
3 1 6 9 48
2 2 8 0 48
2 2 8 2 48
1 4 9 4 48
1 4 8 4 48
4 9 0 0 49
4 9 4 0 49
3 1 0 9 49
3 1 3 9 49
3 1 6 9 49
2 2 8 0 49
2 2 8 2 49
2 2 8 4 49
1 4 9 6 49
4 9 0 0 50
4 9 4 0 50
3 1 0 9 50
3 1 3 9 50
3 1 6 9 50
2 2 8 0 50
2 2 8 2 50
1 4 9 4 50
1 4 8 4 50
4 9 0 0 51
4 9 4 0 51
3 1 0 9 51
3 1 3 9 51
3 1 6 9 51
1 4 9 0 51
2 2 8 4 51
1 4 9 6 51
1 4 8 0 51
4 9 0 0 52
4 9 4 0 52
3 1 0 9 52
3 1 3 9 52
3 1 6 9 52
2 2 8 0 52
2 2 8 2 52
2 2 8 4 52
1 4 9 6 52
4 9 0 0 53
4 9 4 0 53
3 1 0 9 53
3 1 3 9 53
3 1 6 9 53
1 4 9 0 53
1 4 9 4 53
1 4 8 0 53
1 4 8 4 53
4 9 0 0 54
4 9 4 0 54
3 1 0 9 54
3 1 3 9 54
3 1 6 9 54
2 2 8 0 54
1 4 9 2 54
2 2 8 6 54
1 4 8 2 54
4 9 0 0 55
4 9 4 0 55
3 1 0 9 55
3 1 3 9 55
3 1 6 9 55
2 2 8 0 55
2 2 8 2 55
2 2 8 4 55
1 4 9 6 55
4 9 0 0 56
4 9 4 0 56
3 1 0 9 56
3 1 3 9 56
3 1 6 9 56
1 4 9 0 56
1 4 9 4 56
1 4 8 0 56
1 4 8 4 56
4 9 0 0 57
4 9 4 0 57
3 1 0 9 57
3 1 3 9 57
3 1 6 9 57
2 2 8 0 57
2 2 8 2 57
2 2 8 4 57
2 2 8 6 57
4 9 0 0 58
4 9 4 0 58
3 1 0 9 58
3 1 3 9 58
3 1 6 9 58
2 2 8 0 58
2 2 8 2 58
2 2 8 4 58
2 2 8 6 58
4 9 0 0 59
4 9 4 0 59
3 1 0 9 59
3 1 3 9 59
3 1 6 9 59
2 2 8 0 59
1 4 9 2 59
2 2 8 6 59
1 4 8 2 59
4 9 0 0 60
4 9 4 0 60
3 1 0 9 60
3 1 3 9 60
3 1 6 9 60
2 2 8 0 60
1 4 9 2 60
2 2 8 6 60
1 4 8 2 60
4 9 0 0 61
4 9 4 0 61
3 1 0 9 61
3 1 3 9 61
3 1 6 9 61
2 2 8 0 61
1 4 9 2 61
2 2 8 6 61
1 4 8 2 61
4 9 0 0 62
4 9 4 0 62
3 1 0 9 62
3 1 3 9 62
3 1 6 9 62
2 2 8 0 62
2 2 8 2 62
2 2 8 4 62
1 4 9 6 62
4 9 0 0 63
4 9 4 0 63
3 1 0 9 63
3 1 3 9 63
3 1 6 9 63
2 2 8 0 63
1 4 9 2 63
2 2 8 6 63
1 4 8 2 63
4 9 0 0 64
4 9 4 0 64
3 1 0 9 64
3 1 3 9 64
3 1 6 9 64
2 2 8 0 64
2 2 8 2 64
1 4 9 4 64
1 4 8 4 64
4 9 0 0 65
4 9 4 0 65
3 1 0 9 65
3 1 3 9 65
3 1 6 9 65
2 2 8 0 65
1 4 9 2 65
1 4 9 6 65
1 4 8 2 65
4 9 0 0 66
4 9 4 0 66
3 1 0 9 66
3 1 3 9 66
3 1 6 9 66
2 2 8 0 66
1 4 9 2 66
2 2 8 6 66
1 4 8 2 66
4 9 0 0 67
4 9 4 0 67
3 1 0 9 67
3 1 3 9 67
3 1 6 9 67
2 2 8 0 67
1 4 9 2 67
2 2 8 6 67
1 4 8 2 67
4 9 0 0 68
4 9 4 0 68
3 1 0 9 68
3 1 3 9 68
3 1 6 9 68
2 2 8 0 68
1 4 9 2 68
2 2 8 6 68
1 4 8 2 68
4 9 0 0 69
4 9 4 0 69
3 1 0 9 69
3 1 3 9 69
3 1 6 9 69
2 2 8 0 69
1 4 9 2 69
2 2 8 6 69
1 4 8 2 69
4 9 0 0 70
4 9 4 0 70
3 1 0 9 70
3 1 3 9 70
3 1 6 9 70
2 2 8 0 70
1 4 9 2 70
2 2 8 6 70
1 4 8 2 70
4 9 0 0 71
4 9 4 0 71
3 1 0 9 71
3 1 3 9 71
3 1 6 9 71
2 2 8 0 71
2 2 8 2 71
2 2 8 4 71
2 2 8 6 71
4 9 0 0 72
4 9 4 0 72
3 1 0 9 72
3 1 3 9 72
3 1 6 9 72
2 2 8 0 72
1 4 9 2 72
1 4 9 6 72
1 4 8 2 72
4 9 0 0 73
4 9 4 0 73
3 1 0 9 73
3 1 3 9 73
3 1 6 9 73
2 2 8 0 73
1 4 9 2 73
2 2 8 6 73
1 4 8 2 73
4 9 0 0 74
4 9 4 0 74
3 1 0 9 74
3 1 3 9 74
3 1 6 9 74
2 2 8 0 74
1 4 9 2 74
1 4 9 6 74
1 4 8 2 74
4 9 0 0 75
4 9 4 0 75
3 1 0 9 75
3 1 3 9 75
3 1 6 9 75
2 2 8 0 75
2 2 8 2 75
1 4 9 4 75
1 4 8 4 75
4 9 0 0 76
4 9 4 0 76
3 1 0 9 76
3 1 3 9 76
3 1 6 9 76
2 2 8 0 76
2 2 8 2 76
2 2 8 4 76
2 2 8 6 76
4 9 0 0 77
4 9 4 0 77
3 1 0 9 77
3 1 3 9 77
3 1 6 9 77
1 4 9 0 77
2 2 8 4 77
1 4 9 6 77
1 4 8 0 77
4 9 0 0 78
4 9 4 0 78
3 1 0 9 78
3 1 3 9 78
3 1 6 9 78
2 2 8 0 78
2 2 8 2 78
2 2 8 4 78
2 2 8 6 78
4 9 0 0 79
4 9 4 0 79
3 1 0 9 79
3 1 3 9 79
3 1 6 9 79
1 4 9 0 79
1 4 9 4 79
1 4 8 0 79
1 4 8 4 79
4 9 0 0 80
4 9 4 0 80
3 1 0 9 80
3 1 3 9 80
3 1 6 9 80
2 2 8 0 80
2 2 8 2 80
2 2 8 4 80
1 4 9 6 80
4 9 0 0 81
4 9 4 0 81
3 1 0 9 81
3 1 3 9 81
3 1 6 9 81
2 2 8 0 81
1 4 9 2 81
2 2 8 6 81
1 4 8 2 81
4 9 0 0 82
4 9 4 0 82
3 1 0 9 82
3 1 3 9 82
3 1 6 9 82
1 4 9 0 82
2 2 8 4 82
1 4 9 6 82
1 4 8 0 82
4 9 0 0 83
4 9 4 0 83
3 1 0 9 83
3 1 3 9 83
3 1 6 9 83
2 2 8 0 83
1 4 9 2 83
2 2 8 6 83
1 4 8 2 83
4 9 0 0 84
4 9 4 0 84
3 1 0 9 84
3 1 3 9 84
3 1 6 9 84
2 2 8 0 84
2 2 8 2 84
1 4 9 4 84
1 4 8 4 84
4 9 0 0 85
4 9 4 0 85
3 1 0 9 85
3 1 3 9 85
3 1 6 9 85
2 2 8 0 85
1 4 9 2 85
1 4 9 6 85
1 4 8 2 85
4 9 0 0 86
4 9 4 0 86
3 1 0 9 86
3 1 3 9 86
3 1 6 9 86
2 2 8 0 86
2 2 8 2 86
2 2 8 4 86
1 4 9 6 86
4 9 0 0 87
4 9 4 0 87
3 1 0 9 87
3 1 3 9 87
3 1 6 9 87
2 2 8 0 87
2 2 8 2 87
2 2 8 4 87
1 4 9 6 87
4 9 0 0 88
4 9 4 0 88
3 1 0 9 88
3 1 3 9 88
3 1 6 9 88
1 4 9 0 88
1 4 9 4 88
1 4 8 0 88
1 4 8 4 88
4 9 0 0 89
4 9 4 0 89
3 1 0 9 89
3 1 3 9 89
3 1 6 9 89
2 2 8 0 89
2 2 8 2 89
2 2 8 4 89
2 2 8 6 89
4 9 0 0 90
4 9 4 0 90
3 1 0 9 90
3 1 3 9 90
3 1 6 9 90
2 2 8 0 90
2 2 8 2 90
2 2 8 4 90
2 2 8 6 90
4 9 0 0 91
4 9 4 0 91
3 1 0 9 91
3 1 3 9 91
3 1 6 9 91
1 4 9 0 91
1 4 9 4 91
1 4 8 0 91
1 4 8 4 91
4 9 0 0 92
4 9 4 0 92
3 1 0 9 92
3 1 3 9 92
3 1 6 9 92
2 2 8 0 92
2 2 8 2 92
2 2 8 4 92
1 4 9 6 92
4 9 0 0 93
4 9 4 0 93
3 1 0 9 93
3 1 3 9 93
3 1 6 9 93
1 4 9 0 93
1 4 9 4 93
1 4 8 0 93
1 4 8 4 93
4 9 0 0 94
4 9 4 0 94
3 1 0 9 94
3 1 3 9 94
3 1 6 9 94
2 2 8 0 94
2 2 8 2 94
2 2 8 4 94
1 4 9 6 94
4 9 0 0 95
4 9 4 0 95
3 1 0 9 95
3 1 3 9 95
3 1 6 9 95
1 4 9 0 95
1 4 9 4 95
1 4 8 0 95
1 4 8 4 95
4 9 0 0 96
4 9 4 0 96
3 1 0 9 96
3 1 3 9 96
3 1 6 9 96
2 2 8 0 96
2 2 8 2 96
1 4 9 4 96
1 4 8 4 96
4 9 0 0 97
4 9 4 0 97
3 1 0 9 97
3 1 3 9 97
3 1 6 9 97
2 2 8 0 97
1 4 9 2 97
1 4 9 6 97
1 4 8 2 97
4 9 0 0 98
4 9 4 0 98
3 1 0 9 98
3 1 3 9 98
3 1 6 9 98
1 4 9 0 98
1 4 9 4 98
1 4 8 0 98
1 4 8 4 98
4 9 0 0 99
4 9 4 0 99
3 1 0 9 99
3 1 3 9 99
3 1 6 9 99
2 2 8 0 99
2 2 8 2 99
1 4 9 4 99
1 4 8 4 99
4 9 0 0 100
4 9 4 0 100
3 1 0 9 100
3 1 3 9 100
3 1 6 9 100
2 2 8 0 100
1 4 9 2 100
2 2 8 6 100
1 4 8 2 100
4 9 0 0 101
4 9 4 0 101
3 1 0 9 101
3 1 3 9 101
3 1 6 9 101
1 4 9 0 101
1 4 9 4 101
1 4 8 0 101
1 4 8 4 101
4 9 0 0 102
4 9 4 0 102
3 1 0 9 102
3 1 3 9 102
3 1 6 9 102
1 4 9 0 102
2 2 8 4 102
2 2 8 6 102
1 4 8 0 102
4 9 0 0 103
4 9 4 0 103
3 1 0 9 103
3 1 3 9 103
3 1 6 9 103
1 4 9 0 103
1 4 9 4 103
1 4 8 0 103
1 4 8 4 103
4 9 0 0 104
4 9 4 0 104
3 1 0 9 104
3 1 3 9 104
3 1 6 9 104
1 4 9 0 104
2 2 8 4 104
2 2 8 6 104
1 4 8 0 104
4 9 0 0 105
4 9 4 0 105
3 1 0 9 105
3 1 3 9 105
3 1 6 9 105
1 4 9 0 105
1 4 9 4 105
1 4 8 0 105
1 4 8 4 105
4 9 0 0 106
4 9 4 0 106
3 1 0 9 106
3 1 3 9 106
3 1 6 9 106
2 2 8 0 106
2 2 8 2 106
2 2 8 4 106
2 2 8 6 106
4 9 0 0 107
4 9 4 0 107
3 1 0 9 107
3 1 3 9 107
3 1 6 9 107
2 2 8 0 107
2 2 8 2 107
1 4 9 4 107
1 4 8 4 107
4 9 0 0 108
4 9 4 0 108
3 1 0 9 108
3 1 3 9 108
3 1 6 9 108
1 4 9 0 108
2 2 8 4 108
1 4 9 6 108
1 4 8 0 108
4 9 0 0 109
4 9 4 0 109
3 1 0 9 109
3 1 3 9 109
3 1 6 9 109
2 2 8 0 109
2 2 8 2 109
2 2 8 4 109
1 4 9 6 109
4 9 0 0 110
4 9 4 0 110
3 1 0 9 110
3 1 3 9 110
3 1 6 9 110
1 4 9 0 110
2 2 8 4 110
2 2 8 6 110
1 4 8 0 110
4 9 0 0 111
4 9 4 0 111
3 1 0 9 111
3 1 3 9 111
3 1 6 9 111
1 4 9 0 111
2 2 8 4 111
1 4 9 6 111
1 4 8 0 111
4 9 0 0 112
4 9 4 0 112
3 1 0 9 112
3 1 3 9 112
3 1 6 9 112
2 2 8 0 112
1 4 9 2 112
2 2 8 6 112
1 4 8 2 112
4 9 0 0 113
4 9 4 0 113
3 1 0 9 113
3 1 3 9 113
3 1 6 9 113
2 2 8 0 113
2 2 8 2 113
1 4 9 4 113
1 4 8 4 113
4 9 0 0 114
4 9 4 0 114
3 1 0 9 114
3 1 3 9 114
3 1 6 9 114
1 4 9 0 114
2 2 8 4 114
1 4 9 6 114
1 4 8 0 114
4 9 0 0 115
4 9 4 0 115
3 1 0 9 115
3 1 3 9 115
3 1 6 9 115
1 4 9 0 115
2 2 8 4 115
2 2 8 6 115
1 4 8 0 115
4 9 0 0 116
4 9 4 0 116
3 1 0 9 116
3 1 3 9 116
3 1 6 9 116
2 2 8 0 116
2 2 8 2 116
1 4 9 4 116
1 4 8 4 116
4 9 0 0 117
4 9 4 0 117
3 1 0 9 117
3 1 3 9 117
3 1 6 9 117
2 2 8 0 117
2 2 8 2 117
1 4 9 4 117
1 4 8 4 117
4 9 0 0 118
4 9 4 0 118
2 2 8 0 118
2 2 8 2 118
2 2 8 4 118
2 2 8 6 118
2 2 8 8 118
8 1 0 9 118
4 9 0 0 119
4 9 4 0 119
1 4 8 0 119
2 2 8 4 119
1 4 9 0 119
1 4 8 6 119
1 4 9 6 119
8 1 0 9 119
4 9 0 0 120
4 9 4 0 120
1 4 8 0 120
1 4 9 0 120
2 2 8 4 120
2 2 8 6 120
2 2 8 8 120
8 1 0 9 120
4 9 0 0 121
4 9 4 0 121
1 4 8 0 121
1 4 9 0 121
1 4 8 4 121
2 2 8 8 121
1 4 9 4 121
8 1 0 9 121
4 9 0 0 122
4 9 4 0 122
1 4 8 0 122
2 2 8 4 122
2 2 8 6 122
2 2 8 8 122
1 4 9 0 122
8 1 0 9 122
4 9 0 0 123
4 9 4 0 123
1 4 8 0 123
2 2 8 4 123
2 2 8 6 123
2 2 8 8 123
1 4 9 0 123
8 1 0 9 123
4 9 0 0 124
4 9 4 0 124
1 4 8 0 124
1 4 9 0 124
2 2 8 4 124
2 2 8 6 124
2 2 8 8 124
8 1 0 9 124
4 9 0 0 125
4 9 4 0 125
1 4 8 0 125
1 4 9 0 125
2 2 8 4 125
2 2 8 6 125
2 2 8 8 125
8 1 0 9 125
4 9 0 0 126
4 9 4 0 126
2 2 8 0 126
1 4 8 2 126
2 2 8 6 126
1 4 9 2 126
2 2 8 8 126
8 1 0 9 126
4 9 0 0 127
4 9 4 0 127
2 2 8 0 127
2 2 8 2 127
1 4 8 4 127
1 4 9 4 127
2 2 8 8 127
8 1 0 9 127
4 9 0 0 128
4 9 4 0 128
1 4 8 0 128
1 4 9 0 128
1 4 8 4 128
2 2 8 8 128
1 4 9 4 128
8 1 0 9 128
4 9 0 0 129
4 9 4 0 129
2 2 8 0 129
1 4 8 2 129
2 2 8 6 129
2 2 8 8 129
1 4 9 2 129
8 1 0 9 129
4 9 0 0 130
4 9 4 0 130
2 2 8 0 130
2 2 8 2 130
2 2 8 4 130
2 2 8 6 130
2 2 8 8 130
8 1 0 9 130
4 9 0 0 131
4 9 4 0 131
2 2 8 0 131
1 4 8 2 131
1 4 9 2 131
2 2 8 6 131
2 2 8 8 131
8 1 0 9 131
4 9 0 0 132
4 9 4 0 132
1 4 8 0 132
1 4 9 0 132
1 4 8 4 132
2 2 8 8 132
1 4 9 4 132
8 1 0 9 132
4 9 0 0 133
4 9 4 0 133
2 2 8 0 133
2 2 8 2 133
2 2 8 4 133
2 2 8 6 133
2 2 8 8 133
8 1 0 9 133
4 9 0 0 134
4 9 4 0 134
1 4 8 0 134
1 4 9 0 134
2 2 8 4 134
1 4 8 6 134
1 4 9 6 134
8 1 0 9 134
4 9 0 0 135
4 9 4 0 135
1 4 8 0 135
1 4 9 0 135
2 2 8 4 135
1 4 8 6 135
1 4 9 6 135
8 1 0 9 135
4 9 0 0 136
4 9 4 0 136
1 4 8 0 136
2 2 8 4 136
2 2 8 6 136
2 2 8 8 136
1 4 9 0 136
8 1 0 9 136
4 9 0 0 137
4 9 4 0 137
2 2 8 0 137
1 4 8 2 137
2 2 8 6 137
1 4 9 2 137
2 2 8 8 137
8 1 0 9 137
4 9 0 0 138
4 9 4 0 138
2 2 8 0 138
1 4 8 2 138
1 4 9 2 138
2 2 8 6 138
2 2 8 8 138
8 1 0 9 138
4 9 0 0 139
4 9 4 0 139
1 4 8 0 139
2 2 8 4 139
2 2 8 6 139
2 2 8 8 139
1 4 9 0 139
8 1 0 9 139
4 9 0 0 140
4 9 4 0 140
1 4 8 0 140
2 2 8 4 140
2 2 8 6 140
2 2 8 8 140
1 4 9 0 140
8 1 0 9 140
4 9 0 0 141
4 9 4 0 141
2 2 8 0 141
2 2 8 2 141
2 2 8 4 141
1 4 8 6 141
1 4 9 6 141
8 1 0 9 141
4 9 0 0 142
4 9 4 0 142
1 4 8 0 142
1 4 9 0 142
1 4 8 4 142
2 2 8 8 142
1 4 9 4 142
8 1 0 9 142
4 9 0 0 143
4 9 4 0 143
2 2 8 0 143
2 2 8 2 143
2 2 8 4 143
2 2 8 6 143
2 2 8 8 143
8 1 0 9 143
4 9 0 0 144
4 9 4 0 144
1 4 8 0 144
2 2 8 4 144
2 2 8 6 144
1 4 9 0 144
2 2 8 8 144
8 1 0 9 144
4 9 0 0 145
4 9 4 0 145
1 4 8 0 145
1 4 9 0 145
1 4 8 4 145
2 2 8 8 145
1 4 9 4 145
8 1 0 9 145
4 9 0 0 146
4 9 4 0 146
2 2 8 0 146
1 4 8 2 146
1 4 9 2 146
1 4 8 6 146
1 4 9 6 146
8 1 0 9 146
4 9 0 0 147
4 9 4 0 147
2 2 8 0 147
2 2 8 2 147
2 2 8 4 147
1 4 8 6 147
1 4 9 6 147
8 1 0 9 147
4 9 0 0 148
4 9 4 0 148
2 2 8 0 148
2 2 8 2 148
1 4 8 4 148
2 2 8 8 148
1 4 9 4 148
8 1 0 9 148
4 9 0 0 149
4 9 4 0 149
2 2 8 0 149
2 2 8 2 149
2 2 8 4 149
1 4 8 6 149
1 4 9 6 149
8 1 0 9 149
4 9 0 0 150
4 9 4 0 150
1 4 8 0 150
2 2 8 4 150
2 2 8 6 150
2 2 8 8 150
1 4 9 0 150
8 1 0 9 150
4 9 0 0 151
4 9 4 0 151
2 2 8 0 151
1 4 8 2 151
2 2 8 6 151
1 4 9 2 151
2 2 8 8 151
8 1 0 9 151
4 9 0 0 152
4 9 4 0 152
1 4 8 0 152
1 4 9 0 152
1 4 8 4 152
1 4 9 4 152
2 2 8 8 152
8 1 0 9 152
4 9 0 0 153
4 9 4 0 153
1 4 8 0 153
1 4 9 0 153
1 4 8 4 153
2 2 8 8 153
1 4 9 4 153
8 1 0 9 153
4 9 0 0 154
4 9 4 0 154
2 2 8 0 154
1 4 8 2 154
1 4 9 2 154
1 4 8 6 154
1 4 9 6 154
8 1 0 9 154
4 9 0 0 155
4 9 4 0 155
1 4 8 0 155
1 4 9 0 155
2 2 8 4 155
1 4 8 6 155
1 4 9 6 155
8 1 0 9 155
4 9 0 0 156
4 9 4 0 156
2 2 8 0 156
1 4 8 2 156
1 4 9 2 156
2 2 8 6 156
2 2 8 8 156
8 1 0 9 156
4 9 0 0 157
4 9 4 0 157
1 4 8 0 157
2 2 8 4 157
2 2 8 6 157
2 2 8 8 157
1 4 9 0 157
8 1 0 9 157
4 9 0 0 158
4 9 4 0 158
2 2 8 0 158
2 2 8 2 158
1 4 8 4 158
2 2 8 8 158
1 4 9 4 158
8 1 0 9 158
4 9 0 0 159
4 9 4 0 159
2 2 8 0 159
1 4 8 2 159
2 2 8 6 159
2 2 8 8 159
1 4 9 2 159
8 1 0 9 159
4 9 0 0 160
4 9 4 0 160
2 2 8 0 160
2 2 8 2 160
1 4 8 4 160
2 2 8 8 160
1 4 9 4 160
8 1 0 9 160
4 9 0 0 161
4 9 4 0 161
1 4 8 0 161
2 2 8 4 161
2 2 8 6 161
2 2 8 8 161
1 4 9 0 161
8 1 0 9 161
4 9 0 0 162
4 9 4 0 162
2 2 8 0 162
2 2 8 2 162
1 4 8 4 162
2 2 8 8 162
1 4 9 4 162
8 1 0 9 162
4 9 0 0 163
4 9 4 0 163
2 2 8 0 163
1 4 8 2 163
2 2 8 6 163
2 2 8 8 163
1 4 9 2 163
8 1 0 9 163
4 9 0 0 164
4 9 4 0 164
1 4 8 0 164
2 2 8 4 164
2 2 8 6 164
2 2 8 8 164
1 4 9 0 164
8 1 0 9 164
4 9 0 0 165
4 9 4 0 165
1 4 8 0 165
1 4 9 0 165
1 4 8 4 165
2 2 8 8 165
1 4 9 4 165
8 1 0 9 165
4 9 0 0 166
4 9 4 0 166
2 2 8 0 166
1 4 8 2 166
1 4 9 2 166
2 2 8 6 166
2 2 8 8 166
8 1 0 9 166
4 9 0 0 167
4 9 4 0 167
1 4 8 0 167
2 2 8 4 167
1 4 9 0 167
1 4 8 6 167
1 4 9 6 167
8 1 0 9 167
4 9 0 0 168
4 9 4 0 168
2 2 8 0 168
1 4 8 2 168
2 2 8 6 168
1 4 9 2 168
2 2 8 8 168
8 1 0 9 168
4 9 0 0 169
4 9 4 0 169
1 4 8 0 169
1 4 9 0 169
2 2 8 4 169
1 4 8 6 169
1 4 9 6 169
8 1 0 9 169
4 9 0 0 170
4 9 4 0 170
2 2 8 0 170
2 2 8 2 170
1 4 8 4 170
1 4 9 4 170
2 2 8 8 170
8 1 0 9 170
4 9 0 0 171
4 9 4 0 171
1 4 8 0 171
1 4 9 0 171
1 4 8 4 171
2 2 8 8 171
1 4 9 4 171
8 1 0 9 171
4 9 0 0 172
4 9 4 0 172
1 4 8 0 172
2 2 8 4 172
2 2 8 6 172
1 4 9 0 172
2 2 8 8 172
8 1 0 9 172
4 9 0 0 173
4 9 4 0 173
2 2 8 0 173
2 2 8 2 173
2 2 8 4 173
1 4 8 6 173
1 4 9 6 173
8 1 0 9 173
4 9 0 0 174
4 9 4 0 174
2 2 8 0 174
1 4 8 2 174
2 2 8 6 174
2 2 8 8 174
1 4 9 2 174
8 1 0 9 174
4 9 0 0 175
4 9 4 0 175
2 2 8 0 175
1 4 8 2 175
1 4 9 2 175
2 2 8 6 175
2 2 8 8 175
8 1 0 9 175
4 9 0 0 176
4 9 4 0 176
2 2 8 0 176
1 4 8 2 176
1 4 9 2 176
1 4 8 6 176
1 4 9 6 176
8 1 0 9 176
4 9 0 0 177
4 9 4 0 177
2 2 8 0 177
2 2 8 2 177
2 2 8 4 177
2 2 8 6 177
2 2 8 8 177
8 1 0 9 177
4 9 0 0 178
4 9 4 0 178
1 4 8 0 178
2 2 8 4 178
1 4 9 0 178
2 2 8 6 178
2 2 8 8 178
8 1 0 9 178
4 9 0 0 179
4 9 4 0 179
2 2 8 0 179
2 2 8 2 179
2 2 8 4 179
1 4 8 6 179
1 4 9 6 179
8 1 0 9 179
4 9 0 0 180
4 9 4 0 180
2 2 8 0 180
1 4 8 2 180
1 4 9 2 180
1 4 8 6 180
1 4 9 6 180
8 1 0 9 180
4 9 0 0 181
4 9 4 0 181
2 2 8 0 181
1 4 8 2 181
1 4 9 2 181
1 4 8 6 181
1 4 9 6 181
8 1 0 9 181
4 9 0 0 182
4 9 4 0 182
1 4 8 0 182
2 2 8 4 182
1 4 9 0 182
1 4 8 6 182
1 4 9 6 182
8 1 0 9 182
4 9 0 0 183
4 9 4 0 183
1 4 8 0 183
2 2 8 4 183
2 2 8 6 183
1 4 9 0 183
2 2 8 8 183
8 1 0 9 183
4 9 0 0 184
4 9 4 0 184
2 2 8 0 184
1 4 8 2 184
2 2 8 6 184
1 4 9 2 184
2 2 8 8 184
8 1 0 9 184
4 9 0 0 185
4 9 4 0 185
1 4 8 0 185
1 4 9 0 185
1 4 8 4 185
2 2 8 8 185
1 4 9 4 185
8 1 0 9 185
4 9 0 0 186
4 9 4 0 186
2 2 8 0 186
1 4 8 2 186
1 4 9 2 186
2 2 8 6 186
2 2 8 8 186
8 1 0 9 186
4 9 0 0 187
4 9 4 0 187
2 2 8 0 187
2 2 8 2 187
2 2 8 4 187
2 2 8 6 187
2 2 8 8 187
8 1 0 9 187
4 9 0 0 188
4 9 4 0 188
1 4 8 0 188
1 4 9 0 188
1 4 8 4 188
2 2 8 8 188
1 4 9 4 188
8 1 0 9 188
4 9 0 0 189
4 9 4 0 189
2 2 8 0 189
2 2 8 2 189
2 2 8 4 189
2 2 8 6 189
2 2 8 8 189
8 1 0 9 189
4 9 0 0 190
4 9 4 0 190
1 4 8 0 190
1 4 9 0 190
2 2 8 4 190
1 4 8 6 190
1 4 9 6 190
8 1 0 9 190
4 9 0 0 191
4 9 4 0 191
2 2 8 0 191
2 2 8 2 191
2 2 8 4 191
2 2 8 6 191
2 2 8 8 191
8 1 0 9 191
4 9 0 0 192
4 9 4 0 192
1 4 8 0 192
1 4 9 0 192
1 4 8 4 192
1 4 9 4 192
2 2 8 8 192
8 1 0 9 192
4 9 0 0 193
4 9 4 0 193
1 4 8 0 193
1 4 9 0 193
1 4 8 4 193
1 4 9 4 193
2 2 8 8 193
8 1 0 9 193
4 9 0 0 194
4 9 4 0 194
1 4 8 0 194
2 2 8 4 194
1 4 9 0 194
1 4 8 6 194
1 4 9 6 194
8 1 0 9 194
4 9 0 0 195
4 9 4 0 195
1 4 8 0 195
1 4 9 0 195
1 4 8 4 195
2 2 8 8 195
1 4 9 4 195
8 1 0 9 195
4 9 0 0 196
4 9 4 0 196
2 2 8 0 196
2 2 8 2 196
2 2 8 4 196
2 2 8 6 196
2 2 8 8 196
8 1 0 9 196
4 9 0 0 197
4 9 4 0 197
1 5 8 0 197
1 5 9 0 197
1 5 8 5 197
1 5 9 5 197
8 1 0 9 197
4 9 0 0 198
4 9 4 0 198
1 5 8 0 198
1 5 9 0 198
1 5 8 5 198
1 5 9 5 198
8 1 0 9 198
4 9 0 0 199
4 9 4 0 199
1 5 8 0 199
1 5 9 0 199
1 5 8 5 199
1 5 9 5 199
8 1 0 9 199
4 6 0 0 200
4 6 4 0 200
1 5 8 0 200
1 5 9 0 200
1 5 8 5 200
1 5 9 5 200
3 2 0 6 200
3 2 0 8 200
2 3 3 6 200
3 2 5 6 200
3 2 5 8 200
4 6 0 0 201
4 6 4 0 201
1 5 8 0 201
1 5 9 0 201
1 5 8 5 201
1 5 9 5 201
2 3 0 6 201
2 3 2 6 201
2 3 4 6 201
2 3 6 6 201
8 1 0 9 201
4 6 0 0 202
4 6 4 0 202
1 5 8 0 202
1 5 9 0 202
1 5 8 5 202
1 5 9 5 202
2 3 0 6 202
3 2 2 6 202
2 3 5 6 202
3 2 2 8 202
4 6 0 0 203
4 6 4 0 203
1 5 8 0 203
1 5 9 0 203
1 5 8 5 203
1 5 9 5 203
2 3 0 6 203
2 3 2 6 203
2 3 4 6 203
2 3 6 6 203
8 1 0 9 203
4 6 0 0 204
4 6 4 0 204
1 5 8 0 204
1 5 9 0 204
1 5 8 5 204
1 5 9 5 204
3 2 0 6 204
2 3 3 6 204
3 2 5 6 204
3 2 5 8 204
3 2 0 8 204
4 6 0 0 205
4 6 4 0 205
1 5 8 0 205
1 5 9 0 205
1 5 8 5 205
1 5 9 5 205
2 3 0 6 205
2 3 2 6 205
2 3 4 6 205
2 3 6 6 205
8 1 0 9 205
4 6 0 0 206
4 6 4 0 206
1 5 8 0 206
1 5 9 0 206
1 5 8 5 206
1 5 9 5 206
3 2 0 6 206
3 2 0 8 206
3 2 3 6 206
2 3 6 6 206
3 2 3 8 206
4 6 0 0 207
4 6 4 0 207
1 5 8 0 207
1 5 9 0 207
1 5 8 5 207
1 5 9 5 207
2 3 0 6 207
2 3 2 6 207
3 2 4 6 207
3 2 4 8 207
4 6 0 0 208
4 6 4 0 208
1 5 8 0 208
1 5 9 0 208
1 5 8 5 208
1 5 9 5 208
2 3 0 6 208
2 3 2 6 208
2 3 4 6 208
2 3 6 6 208
8 1 0 9 208
4 6 0 0 209
4 6 4 0 209
1 5 8 0 209
1 5 9 0 209
1 5 8 5 209
1 5 9 5 209
2 3 0 6 209
2 3 2 6 209
3 2 4 6 209
3 2 4 8 209
4 6 0 0 210
4 6 4 0 210
1 5 8 0 210
1 5 9 0 210
1 5 8 5 210
1 5 9 5 210
2 3 0 6 210
2 3 2 6 210
2 3 4 6 210
2 3 6 6 210
8 1 0 9 210
4 6 0 0 211
4 6 4 0 211
1 5 8 0 211
1 5 9 0 211
1 5 8 5 211
1 5 9 5 211
2 3 0 6 211
3 2 2 6 211
2 3 5 6 211
3 2 2 8 211
4 6 0 0 212
4 6 4 0 212
1 5 8 0 212
1 5 9 0 212
1 5 8 5 212
1 5 9 5 212
3 2 0 6 212
3 2 0 8 212
2 3 3 6 212
2 3 5 6 212
4 6 0 0 213
4 6 4 0 213
1 5 8 0 213
1 5 9 0 213
1 5 8 5 213
1 5 9 5 213
3 2 0 6 213
3 2 0 8 213
3 2 3 6 213
3 2 3 8 213
2 3 6 6 213
4 6 0 0 214
4 6 4 0 214
1 5 8 0 214
1 5 9 0 214
1 5 8 5 214
1 5 9 5 214
3 2 0 6 214
2 3 3 6 214
2 3 5 6 214
3 2 0 8 214
4 6 0 0 215
4 6 4 0 215
1 5 8 0 215
1 5 9 0 215
1 5 8 5 215
1 5 9 5 215
2 3 0 6 215
3 2 2 6 215
2 3 5 6 215
3 2 2 8 215
4 6 0 0 216
4 6 4 0 216
1 5 8 0 216
1 5 9 0 216
1 5 8 5 216
1 5 9 5 216
2 3 0 6 216
2 3 2 6 216
3 2 4 6 216
3 2 4 8 216
4 6 0 0 217
4 6 4 0 217
1 5 8 0 217
1 5 9 0 217
1 5 8 5 217
1 5 9 5 217
2 3 0 6 217
2 3 2 6 217
2 3 4 6 217
2 3 6 6 217
8 1 0 9 217
4 6 0 0 218
4 6 4 0 218
1 5 8 0 218
1 5 9 0 218
1 5 8 5 218
1 5 9 5 218
3 2 0 6 218
3 2 0 8 218
2 3 3 6 218
2 3 5 6 218
4 6 0 0 219
4 6 4 0 219
1 5 8 0 219
1 5 9 0 219
1 5 8 5 219
1 5 9 5 219
2 3 0 6 219
2 3 2 6 219
3 2 4 6 219
3 2 4 8 219
4 6 0 0 220
4 6 4 0 220
1 5 8 0 220
1 5 9 0 220
1 5 8 5 220
1 5 9 5 220
2 3 0 6 220
2 3 2 6 220
2 3 4 6 220
2 3 6 6 220
8 1 0 9 220
4 6 0 0 221
4 6 4 0 221
1 5 8 0 221
1 5 9 0 221
1 5 8 5 221
1 5 9 5 221
3 2 0 6 221
2 3 3 6 221
3 2 5 6 221
3 2 5 8 221
3 2 0 8 221
4 6 0 0 222
4 6 4 0 222
1 5 8 0 222
1 5 9 0 222
1 5 8 5 222
1 5 9 5 222
2 3 0 6 222
2 3 2 6 222
2 3 4 6 222
2 3 6 6 222
8 1 0 9 222
4 6 0 0 223
4 6 4 0 223
1 5 8 0 223
1 5 9 0 223
1 5 8 5 223
1 5 9 5 223
3 2 0 6 223
3 2 0 8 223
3 2 3 6 223
2 3 6 6 223
3 2 3 8 223
4 6 0 0 224
4 6 4 0 224
1 5 8 0 224
1 5 9 0 224
1 5 8 5 224
1 5 9 5 224
2 3 0 6 224
2 3 2 6 224
2 3 4 6 224
2 3 6 6 224
8 1 0 9 224
4 6 0 0 225
4 6 4 0 225
1 5 8 0 225
1 5 9 0 225
1 5 8 5 225
1 5 9 5 225
3 2 0 6 225
3 2 0 8 225
3 2 3 6 225
2 3 6 6 225
3 2 3 8 225
4 6 0 0 226
4 6 4 0 226
1 5 8 0 226
1 5 9 0 226
1 5 8 5 226
1 5 9 5 226
3 2 0 6 226
2 3 3 6 226
3 2 5 6 226
3 2 5 8 226
3 2 0 8 226
4 6 0 0 227
4 6 4 0 227
1 5 8 0 227
1 5 9 0 227
1 5 8 5 227
1 5 9 5 227
2 3 0 6 227
2 3 2 6 227
2 3 4 6 227
2 3 6 6 227
8 1 0 9 227
4 6 0 0 228
4 6 4 0 228
1 5 8 0 228
1 5 9 0 228
1 5 8 5 228
1 5 9 5 228
2 3 0 6 228
3 2 2 6 228
3 2 5 6 228
3 2 2 8 228
3 2 5 8 228
4 6 0 0 229
4 6 4 0 229
1 5 8 0 229
1 5 9 0 229
1 5 8 5 229
1 5 9 5 229
2 3 0 6 229
2 3 2 6 229
3 2 4 6 229
3 2 4 8 229
4 6 0 0 230
4 6 4 0 230
1 5 8 0 230
1 5 9 0 230
1 5 8 5 230
1 5 9 5 230
2 3 0 6 230
3 2 2 6 230
3 2 5 6 230
3 2 2 8 230
3 2 5 8 230
4 6 0 0 231
4 6 4 0 231
1 5 8 0 231
1 5 9 0 231
1 5 8 5 231
1 5 9 5 231
2 3 0 6 231
2 3 2 6 231
2 3 4 6 231
2 3 6 6 231
8 1 0 9 231
4 6 0 0 232
4 6 4 0 232
1 5 8 0 232
1 5 9 0 232
1 5 8 5 232
1 5 9 5 232
3 2 0 6 232
2 3 3 6 232
3 2 5 6 232
3 2 5 8 232
3 2 0 8 232
4 6 0 0 233
4 6 4 0 233
1 5 8 0 233
1 5 9 0 233
1 5 8 5 233
1 5 9 5 233
2 3 0 6 233
2 3 2 6 233
2 3 4 6 233
2 3 6 6 233
8 1 0 9 233
4 6 0 0 234
4 6 4 0 234
1 5 8 0 234
1 5 9 0 234
1 5 8 5 234
1 5 9 5 234
3 2 0 6 234
2 3 3 6 234
3 2 5 6 234
3 2 5 8 234
3 2 0 8 234
4 6 0 0 235
4 6 4 0 235
1 5 8 0 235
1 5 9 0 235
1 5 8 5 235
1 5 9 5 235
2 3 0 6 235
2 3 2 6 235
2 3 4 6 235
2 3 6 6 235
8 1 0 9 235
4 6 0 0 236
4 6 4 0 236
1 5 8 0 236
1 5 9 0 236
1 5 8 5 236
1 5 9 5 236
3 2 0 6 236
3 2 0 8 236
3 2 3 6 236
2 3 6 6 236
3 2 3 8 236
4 6 0 0 237
4 6 4 0 237
2 3 8 0 237
2 3 8 3 237
3 2 0 6 237
2 3 3 6 237
3 2 0 8 237
2 3 5 6 237
2 3 7 6 237
4 6 0 0 238
4 6 4 0 238
2 3 8 0 238
2 3 8 3 238
2 3 0 6 238
3 2 2 6 238
3 2 2 8 238
3 2 5 6 238
3 2 5 8 238
2 3 8 6 238
4 6 0 0 239
4 6 4 0 239
3 2 0 6 239
3 2 0 8 239
2 3 8 0 239
2 3 8 3 239
3 2 3 6 239
3 2 3 8 239
3 2 6 6 239
3 2 6 8 239
4 6 0 0 240
4 6 4 0 240
2 3 8 0 240
2 3 8 3 240
3 2 0 6 240
3 2 0 8 240
3 2 3 6 240
2 3 6 6 240
3 2 3 8 240
2 3 8 6 240
4 6 0 0 241
4 6 4 0 241
3 2 0 6 241
2 3 8 0 241
2 3 8 3 241
2 3 3 6 241
3 2 0 8 241
2 3 5 6 241
2 3 7 6 241
4 6 0 0 242
4 6 4 0 242
2 3 8 0 242
3 2 0 6 242
3 2 0 8 242
3 2 3 6 242
3 2 3 8 242
3 2 6 6 242
3 2 6 8 242
2 3 8 3 242
4 6 0 0 243
4 6 4 0 243
2 3 8 0 243
3 2 0 6 243
2 3 8 3 243
3 2 0 8 243
2 3 3 6 243
3 2 5 6 243
3 2 5 8 243
2 3 8 6 243
4 6 0 0 244
4 6 4 0 244
2 3 8 0 244
2 3 8 3 244
2 3 0 6 244
3 2 2 6 244
2 3 5 6 244
3 2 7 6 244
3 2 7 8 244
3 2 2 8 244
4 6 0 0 245
4 6 4 0 245
3 2 0 6 245
3 2 0 8 245
3 2 3 6 245
2 3 8 0 245
3 2 3 8 245
2 3 8 3 245
2 3 6 6 245
2 3 8 6 245
4 6 0 0 246
4 6 4 0 246
3 2 0 6 246
3 2 0 8 246
3 2 3 6 246
3 2 3 8 246
3 2 6 6 246
3 2 6 8 246
2 3 8 0 246
2 3 8 3 246
4 6 0 0 247
4 6 4 0 247
3 2 0 6 247
3 2 0 8 247
3 2 3 6 247
3 2 3 8 247
3 2 6 6 247
3 2 6 8 247
2 3 8 0 247
2 3 8 3 247
4 6 0 0 248
4 6 4 0 248
3 2 0 6 248
3 2 0 8 248
3 2 3 6 248
2 3 8 0 248
3 2 3 8 248
2 3 8 3 248
3 2 6 6 248
3 2 6 8 248
4 6 0 0 249
4 6 4 0 249
2 3 8 0 249
3 2 0 6 249
3 2 0 8 249
2 3 8 3 249
2 3 3 6 249
2 3 5 6 249
2 3 7 6 249
4 6 0 0 250
4 6 4 0 250
2 3 8 0 250
2 3 8 3 250
3 2 0 6 250
3 2 0 8 250
2 3 3 6 250
3 2 5 6 250
2 3 8 6 250
3 2 5 8 250
4 6 0 0 251
4 6 4 0 251
2 3 8 0 251
3 2 0 6 251
3 2 0 8 251
3 2 3 6 251
2 3 8 3 251
2 3 6 6 251
2 3 8 6 251
3 2 3 8 251
4 6 0 0 252
4 6 4 0 252
2 3 8 0 252
3 2 0 6 252
3 2 0 8 252
2 3 8 3 252
3 2 3 6 252
2 3 6 6 252
2 3 8 6 252
3 2 3 8 252
4 6 0 0 253
4 6 4 0 253
3 2 0 6 253
3 2 0 8 253
2 3 8 0 253
2 3 8 3 253
3 2 3 6 253
2 3 6 6 253
3 2 3 8 253
2 3 8 6 253
4 6 0 0 254
4 6 4 0 254
3 2 0 6 254
2 3 8 0 254
2 3 8 3 254
2 3 3 6 254
3 2 0 8 254
3 2 5 6 254
3 2 5 8 254
2 3 8 6 254
4 6 0 0 255
4 6 4 0 255
2 3 8 0 255
2 3 8 3 255
2 3 0 6 255
2 3 2 6 255
2 3 4 6 255
2 3 6 6 255
2 3 8 6 255
8 1 0 9 255
4 6 0 0 256
4 6 4 0 256
2 3 8 0 256
3 2 0 6 256
3 2 0 8 256
2 3 8 3 256
2 3 3 6 256
3 2 5 6 256
3 2 5 8 256
2 3 8 6 256
4 6 0 0 257
4 6 4 0 257
2 3 8 0 257
3 2 0 6 257
2 3 8 3 257
2 3 3 6 257
3 2 0 8 257
3 2 5 6 257
3 2 5 8 257
2 3 8 6 257
4 6 0 0 258
4 6 4 0 258
2 3 8 0 258
3 2 0 6 258
2 3 8 3 258
3 2 0 8 258
3 2 3 6 258
3 2 3 8 258
2 3 6 6 258
2 3 8 6 258
4 6 0 0 259
4 6 4 0 259
2 3 8 0 259
3 2 0 6 259
2 3 8 3 259
2 3 3 6 259
2 3 5 6 259
3 2 7 6 259
3 2 7 8 259
3 2 0 8 259
4 6 0 0 260
4 6 4 0 260
3 2 0 6 260
3 2 0 8 260
3 2 3 6 260
3 2 3 8 260
2 3 8 0 260
3 2 6 6 260
2 3 8 3 260
3 2 6 8 260
4 6 0 0 261
4 6 4 0 261
3 2 0 6 261
2 3 8 0 261
3 2 0 8 261
2 3 8 3 261
3 2 3 6 261
2 3 6 6 261
3 2 3 8 261
2 3 8 6 261
4 6 0 0 262
4 6 4 0 262
2 3 8 0 262
2 3 8 3 262
2 3 0 6 262
2 3 2 6 262
3 2 4 6 262
3 2 7 6 262
3 2 4 8 262
3 2 7 8 262
4 6 0 0 263
4 6 4 0 263
2 3 8 0 263
2 3 8 3 263
3 2 0 6 263
3 2 0 8 263
3 2 3 6 263
3 2 3 8 263
3 2 6 6 263
3 2 6 8 263
4 6 0 0 264
4 6 4 0 264
8 1 0 6 264
8 1 0 7 264
8 1 0 8 264
8 1 0 9 264
2 7 8 0 264
4 6 0 0 265
4 6 4 0 265
8 1 0 6 265
8 1 0 7 265
8 1 0 8 265
8 1 0 9 265
2 7 8 0 265
4 6 0 0 266
4 6 4 0 266
6 3 0 6 266
8 1 0 9 266
2 7 8 0 266
6 3 0 0 267
6 3 0 3 267
6 3 0 6 267
8 1 0 9 267
2 7 8 0 267
2 7 6 0 267
6 3 0 0 268
6 3 0 3 268
6 3 0 6 268
8 1 0 9 268
2 7 8 0 268
2 7 6 0 268
6 3 0 0 269
6 3 0 3 269
6 3 0 6 269
8 1 0 9 269
2 7 8 0 269
2 7 6 0 269
6 3 0 0 270
6 3 0 3 270
6 3 0 6 270
8 1 0 9 270
2 7 8 0 270
2 7 6 0 270
6 3 0 0 271
6 3 0 3 271
6 3 0 6 271
8 1 0 9 271
2 7 8 0 271
2 7 6 0 271
6 3 0 0 272
6 3 0 3 272
6 3 0 6 272
8 1 0 9 272
2 7 8 0 272
2 7 6 0 272
6 3 0 0 273
6 3 0 3 273
6 3 0 6 273
8 1 0 9 273
2 7 8 0 273
2 7 6 0 273
6 3 0 0 274
6 3 0 3 274
6 3 0 6 274
8 1 0 9 274
2 7 8 0 274
2 7 6 0 274
6 3 0 0 275
6 3 0 3 275
6 3 0 6 275
8 1 0 9 275
2 7 8 0 275
2 7 6 0 275
6 3 0 0 276
6 3 0 3 276
6 3 0 6 276
8 1 0 9 276
2 7 8 0 276
2 7 6 0 276
6 3 0 0 277
6 3 0 3 277
6 3 0 6 277
8 1 0 9 277
2 7 8 0 277
2 7 6 0 277
6 3 0 0 278
6 3 0 3 278
6 3 0 6 278
8 1 0 9 278
2 7 8 0 278
2 7 6 0 278
6 3 0 0 279
6 3 0 3 279
6 3 0 6 279
8 1 0 9 279
2 7 8 0 279
2 7 6 0 279
6 3 0 0 280
6 3 0 3 280
6 3 0 6 280
8 1 0 9 280
2 7 8 0 280
2 7 6 0 280
6 3 0 0 281
6 3 0 3 281
6 3 0 6 281
8 1 0 9 281
2 7 8 0 281
2 7 6 0 281
6 3 0 0 282
6 3 0 3 282
6 3 0 6 282
8 1 0 9 282
2 7 8 0 282
2 7 6 0 282
6 3 0 0 283
6 3 0 3 283
6 3 0 6 283
8 1 0 9 283
2 7 8 0 283
2 7 6 0 283
6 3 0 0 284
6 3 0 3 284
6 3 0 6 284
8 1 0 9 284
2 7 8 0 284
2 7 6 0 284
6 3 0 0 285
6 3 0 3 285
6 3 0 6 285
8 1 0 9 285
2 7 8 0 285
2 7 6 0 285
6 3 0 0 286
6 3 0 3 286
6 3 0 6 286
8 1 0 9 286
2 7 8 0 286
2 7 6 0 286
6 3 0 0 287
6 3 0 3 287
6 3 0 6 287
8 1 0 9 287
2 7 8 0 287
2 7 6 0 287
6 3 0 0 288
6 3 0 3 288
6 3 0 6 288
8 1 0 9 288
2 7 8 0 288
2 7 6 0 288
6 3 0 0 289
6 3 0 3 289
6 3 0 6 289
8 1 0 9 289
2 7 8 0 289
2 7 6 0 289
6 3 0 0 290
6 3 0 3 290
6 3 0 6 290
8 1 0 9 290
2 7 8 0 290
2 7 6 0 290
6 3 0 0 291
6 3 0 3 291
6 3 0 6 291
8 1 0 9 291
2 7 8 0 291
2 7 6 0 291
6 3 0 0 292
6 3 0 3 292
6 3 0 6 292
8 1 0 9 292
2 7 8 0 292
2 7 6 0 292
6 3 0 0 293
6 3 0 3 293
6 3 0 6 293
8 1 0 9 293
2 7 8 0 293
2 7 6 0 293
6 3 0 0 294
6 3 0 3 294
6 3 0 6 294
8 1 0 9 294
2 7 8 0 294
2 7 6 0 294
6 3 0 0 295
6 3 0 3 295
6 3 0 6 295
8 1 0 9 295
2 7 8 0 295
2 7 6 0 295
6 3 0 0 296
6 3 0 3 296
6 3 0 6 296
8 1 0 9 296
2 7 8 0 296
2 7 6 0 296
6 3 0 0 297
6 3 0 3 297
6 3 0 6 297
8 1 0 9 297
2 7 8 0 297
2 7 6 0 297
6 3 0 0 298
6 3 0 3 298
6 3 0 6 298
8 1 0 9 298
2 7 8 0 298
2 7 6 0 298
6 3 0 0 299
6 3 0 3 299
6 3 0 6 299
8 1 0 9 299
2 7 8 0 299
2 7 6 0 299
6 3 0 0 300
6 3 0 3 300
6 3 0 6 300
8 1 0 9 300
2 7 8 0 300
2 7 6 0 300
6 3 0 0 301
6 3 0 3 301
6 3 0 6 301
8 1 0 9 301
2 7 8 0 301
2 7 6 0 301
6 3 0 0 302
6 3 0 3 302
6 3 0 6 302
8 1 0 9 302
2 7 8 0 302
2 7 6 0 302
6 3 0 0 303
6 3 0 3 303
6 3 0 6 303
8 1 0 9 303
2 7 8 0 303
2 7 6 0 303
6 3 0 0 304
6 3 0 3 304
6 3 0 6 304
8 1 0 9 304
2 7 8 0 304
2 7 6 0 304
6 3 0 0 305
6 3 0 3 305
6 3 0 6 305
8 1 0 9 305
2 7 8 0 305
2 7 6 0 305
6 3 0 0 306
6 3 0 3 306
6 3 0 6 306
8 1 0 9 306
2 7 8 0 306
2 7 6 0 306
6 3 0 0 307
6 3 0 3 307
6 3 0 6 307
8 1 0 9 307
2 7 8 0 307
2 7 6 0 307
6 3 0 0 308
6 3 0 3 308
6 3 0 6 308
8 1 0 9 308
2 7 8 0 308
2 7 6 0 308
6 3 0 0 309
6 3 0 3 309
6 3 0 6 309
8 1 0 9 309
2 7 8 0 309
2 7 6 0 309
6 3 0 0 310
6 3 0 3 310
6 3 0 6 310
8 1 0 9 310
2 7 8 0 310
2 7 6 0 310
6 3 0 0 311
6 3 0 3 311
6 3 0 6 311
8 1 0 9 311
2 7 8 0 311
2 7 6 0 311
6 3 0 0 312
6 3 0 3 312
6 3 0 6 312
8 1 0 9 312
2 7 8 0 312
2 7 6 0 312
6 3 0 0 313
6 3 0 3 313
6 3 0 6 313
8 1 0 9 313
2 7 8 0 313
2 7 6 0 313
6 3 0 0 314
6 3 0 3 314
6 3 0 6 314
8 1 0 9 314
2 7 8 0 314
2 7 6 0 314
6 3 0 0 315
6 3 0 3 315
6 3 0 6 315
8 1 0 9 315
2 7 8 0 315
2 7 6 0 315
6 3 0 0 316
6 3 0 3 316
6 3 0 6 316
8 1 0 9 316
2 7 8 0 316
2 7 6 0 316
6 3 0 0 317
6 3 0 3 317
6 3 0 6 317
8 1 0 9 317
2 7 8 0 317
2 7 6 0 317
6 3 0 0 318
6 3 0 3 318
6 3 0 6 318
8 1 0 9 318
2 7 8 0 318
2 7 6 0 318
6 3 0 0 319
6 3 0 3 319
6 3 0 6 319
8 1 0 9 319
2 7 8 0 319
2 7 6 0 319
6 3 0 0 320
6 3 0 3 320
6 3 0 6 320
8 1 0 9 320
2 7 8 0 320
2 7 6 0 320
6 3 0 0 321
6 3 0 3 321
6 3 0 6 321
8 1 0 9 321
2 7 8 0 321
2 7 6 0 321
6 3 0 0 322
6 3 0 3 322
6 3 0 6 322
8 1 0 9 322
2 7 8 0 322
2 7 6 0 322
6 3 0 0 323
6 3 0 3 323
6 3 0 6 323
8 1 0 9 323
2 7 8 0 323
2 7 6 0 323
6 3 0 0 324
6 3 0 3 324
6 3 0 6 324
8 1 0 9 324
2 7 8 0 324
2 7 6 0 324
6 3 0 0 325
6 3 0 3 325
6 3 0 6 325
8 1 0 9 325
2 7 8 0 325
2 7 6 0 325
6 3 0 0 326
6 3 0 3 326
6 3 0 6 326
8 1 0 9 326
2 7 8 0 326
2 7 6 0 326
6 3 0 0 327
6 3 0 3 327
6 3 0 6 327
8 1 0 9 327
2 7 8 0 327
2 7 6 0 327
6 3 0 0 328
6 3 0 3 328
6 3 0 6 328
8 1 0 9 328
2 7 8 0 328
2 7 6 0 328
6 3 0 0 329
6 3 0 3 329
6 3 0 6 329
8 1 0 9 329
2 7 8 0 329
2 7 6 0 329
6 3 0 0 330
6 3 0 3 330
6 3 0 6 330
8 1 0 9 330
2 7 8 0 330
2 7 6 0 330
6 3 0 0 331
6 3 0 3 331
6 3 0 6 331
8 1 0 9 331
2 7 8 0 331
2 7 6 0 331
6 3 0 0 332
6 3 0 3 332
6 3 0 6 332
8 1 0 9 332
2 7 8 0 332
2 7 6 0 332
6 3 0 0 333
6 3 0 3 333
6 3 0 6 333
8 1 0 9 333
2 7 8 0 333
2 7 6 0 333
6 3 0 0 334
6 3 0 3 334
6 3 0 6 334
8 1 0 9 334
2 7 8 0 334
2 7 6 0 334
6 3 0 0 335
6 3 0 3 335
6 3 0 6 335
8 1 0 9 335
2 7 8 0 335
2 7 6 0 335
6 3 0 0 336
6 3 0 3 336
6 3 0 6 336
8 1 0 9 336
2 7 8 0 336
2 7 6 0 336
6 3 0 0 337
6 3 0 3 337
6 3 0 6 337
8 1 0 9 337
2 7 8 0 337
2 7 6 0 337
6 3 0 0 338
6 3 0 3 338
6 3 0 6 338
8 1 0 9 338
2 7 8 0 338
2 7 6 0 338
6 3 0 0 339
6 3 0 3 339
6 3 0 6 339
8 1 0 9 339
2 7 8 0 339
2 7 6 0 339
6 3 0 0 340
6 3 0 3 340
6 3 0 6 340
8 1 0 9 340
2 7 8 0 340
2 7 6 0 340
6 3 0 0 341
6 3 0 3 341
6 3 0 6 341
8 1 0 9 341
2 7 8 0 341
2 7 6 0 341
6 3 0 0 342
6 3 0 3 342
6 3 0 6 342
8 1 0 9 342
2 7 8 0 342
2 7 6 0 342
6 3 0 0 343
6 3 0 3 343
6 3 0 6 343
8 1 0 9 343
2 7 8 0 343
2 7 6 0 343
6 3 0 0 344
6 3 0 3 344
6 3 0 6 344
8 1 0 9 344
2 7 8 0 344
2 7 6 0 344
6 3 0 0 345
6 3 0 3 345
6 3 0 6 345
8 1 0 9 345
2 7 8 0 345
2 7 6 0 345
6 3 0 0 346
6 3 0 3 346
6 3 0 6 346
8 1 0 9 346
2 7 8 0 346
2 7 6 0 346
6 3 0 0 347
6 3 0 3 347
6 3 0 6 347
8 1 0 9 347
2 7 8 0 347
2 7 6 0 347
6 3 0 0 348
6 3 0 3 348
6 3 0 6 348
8 1 0 9 348
2 7 8 0 348
2 7 6 0 348
6 3 0 0 349
6 3 0 3 349
6 3 0 6 349
8 1 0 9 349
2 7 8 0 349
2 7 6 0 349
6 3 0 0 350
6 3 0 3 350
6 3 0 6 350
8 1 0 9 350
2 7 8 0 350
2 7 6 0 350
6 3 0 0 351
6 3 0 3 351
6 3 0 6 351
8 1 0 9 351
2 7 8 0 351
2 7 6 0 351
6 3 0 0 352
6 3 0 3 352
6 3 0 6 352
8 1 0 9 352
2 7 8 0 352
2 7 6 0 352
6 3 0 0 353
6 3 0 3 353
6 3 0 6 353
8 1 0 9 353
2 7 8 0 353
2 7 6 0 353
6 3 0 0 354
6 3 0 3 354
6 3 0 6 354
8 1 0 9 354
2 7 8 0 354
2 7 6 0 354
6 3 0 0 355
6 3 0 3 355
6 3 0 6 355
8 1 0 9 355
2 7 8 0 355
2 7 6 0 355
6 3 0 0 356
6 3 0 3 356
6 3 0 6 356
8 1 0 9 356
2 7 8 0 356
2 7 6 0 356
6 3 0 0 357
6 3 0 3 357
6 3 0 6 357
8 1 0 9 357
2 7 8 0 357
2 7 6 0 357
6 3 0 0 358
6 3 0 3 358
6 3 0 6 358
8 1 0 9 358
2 7 8 0 358
2 7 6 0 358
6 3 0 0 359
6 3 0 3 359
6 3 0 6 359
8 1 0 9 359
2 7 8 0 359
2 7 6 0 359
6 3 0 0 360
6 3 0 3 360
6 3 0 6 360
8 1 0 9 360
2 7 8 0 360
2 7 6 0 360
6 3 0 0 361
6 3 0 3 361
6 3 0 6 361
8 1 0 9 361
2 7 8 0 361
2 7 6 0 361
6 3 0 0 362
6 3 0 3 362
6 3 0 6 362
8 1 0 9 362
2 7 8 0 362
2 7 6 0 362
6 3 0 0 363
6 3 0 3 363
6 3 0 6 363
8 1 0 9 363
2 7 8 0 363
2 7 6 0 363
6 3 0 0 364
6 3 0 3 364
6 3 0 6 364
8 1 0 9 364
2 7 8 0 364
2 7 6 0 364
6 3 0 0 365
6 3 0 3 365
6 3 0 6 365
8 1 0 9 365
2 7 8 0 365
2 7 6 0 365
6 3 0 0 366
6 3 0 3 366
6 3 0 6 366
8 1 0 9 366
2 7 8 0 366
2 7 6 0 366
6 3 0 0 367
6 3 0 3 367
6 3 0 6 367
8 1 0 9 367
2 7 8 0 367
2 7 6 0 367
6 3 0 0 368
6 3 0 3 368
6 3 0 6 368
8 1 0 9 368
2 7 8 0 368
2 7 6 0 368
6 3 0 0 369
6 3 0 3 369
6 3 0 6 369
8 1 0 9 369
2 7 8 0 369
2 7 6 0 369
6 3 0 0 370
6 3 0 3 370
6 3 0 6 370
8 1 0 9 370
2 7 8 0 370
2 7 6 0 370
6 3 0 0 371
6 3 0 3 371
6 3 0 6 371
8 1 0 9 371
2 7 8 0 371
2 7 6 0 371
6 3 0 0 372
6 3 0 3 372
6 3 0 6 372
8 1 0 9 372
2 7 8 0 372
2 7 6 0 372
6 3 0 0 373
6 3 0 3 373
6 3 0 6 373
8 1 0 9 373
2 7 8 0 373
2 7 6 0 373
6 3 0 0 374
6 3 0 3 374
6 3 0 6 374
8 1 0 9 374
2 7 8 0 374
2 7 6 0 374
6 3 0 0 375
6 3 0 3 375
6 3 0 6 375
8 1 0 9 375
2 7 8 0 375
2 7 6 0 375
6 3 0 0 376
6 3 0 3 376
6 3 0 6 376
8 1 0 9 376
2 7 8 0 376
2 7 6 0 376
6 3 0 0 377
6 3 0 3 377
6 3 0 6 377
8 1 0 9 377
2 7 8 0 377
2 7 6 0 377
6 3 0 0 378
6 3 0 3 378
6 3 0 6 378
8 1 0 9 378
2 7 8 0 378
2 7 6 0 378
6 3 0 0 379
6 3 0 3 379
6 3 0 6 379
8 1 0 9 379
2 7 8 0 379
2 7 6 0 379
6 3 0 0 380
6 3 0 3 380
6 3 0 6 380
8 1 0 9 380
2 7 8 0 380
2 7 6 0 380
6 3 0 0 381
6 3 0 3 381
6 3 0 6 381
8 1 0 9 381
2 7 8 0 381
2 7 6 0 381
6 3 0 0 382
6 3 0 3 382
6 3 0 6 382
8 1 0 9 382
2 7 8 0 382
2 7 6 0 382
6 3 0 0 383
6 3 0 3 383
6 3 0 6 383
8 1 0 9 383
2 7 8 0 383
2 7 6 0 383
6 3 0 0 384
6 3 0 3 384
6 3 0 6 384
8 1 0 9 384
2 7 8 0 384
2 7 6 0 384
6 3 0 0 385
6 3 0 3 385
6 3 0 6 385
8 1 0 9 385
2 7 8 0 385
2 7 6 0 385
6 3 0 0 386
6 3 0 3 386
6 3 0 6 386
8 1 0 9 386
2 7 8 0 386
2 7 6 0 386
6 3 0 0 387
6 3 0 3 387
6 3 0 6 387
8 1 0 9 387
2 7 8 0 387
2 7 6 0 387
6 3 0 0 388
6 3 0 3 388
6 3 0 6 388
8 1 0 9 388
2 7 8 0 388
2 7 6 0 388
6 3 0 0 389
6 3 0 3 389
6 3 0 6 389
8 1 0 9 389
2 7 8 0 389
2 7 6 0 389
6 3 0 0 390
6 3 0 3 390
6 3 0 6 390
8 1 0 9 390
2 7 8 0 390
2 7 6 0 390
6 3 0 0 391
6 3 0 3 391
6 3 0 6 391
8 1 0 9 391
2 7 8 0 391
2 7 6 0 391
6 3 0 0 392
6 3 0 3 392
6 3 0 6 392
8 1 0 9 392
2 7 8 0 392
2 7 6 0 392
6 3 0 0 393
6 3 0 3 393
6 3 0 6 393
8 1 0 9 393
2 7 8 0 393
2 7 6 0 393
6 3 0 0 394
6 3 0 3 394
6 3 0 6 394
8 1 0 9 394
2 7 8 0 394
2 7 6 0 394
6 3 0 0 395
6 3 0 3 395
6 3 0 6 395
8 1 0 9 395
2 7 8 0 395
2 7 6 0 395
6 3 0 0 396
6 3 0 3 396
6 3 0 6 396
8 1 0 9 396
2 7 8 0 396
2 7 6 0 396
6 3 0 0 397
6 3 0 3 397
6 3 0 6 397
8 1 0 9 397
2 7 8 0 397
2 7 6 0 397
6 3 0 0 398
6 3 0 3 398
6 3 0 6 398
8 1 0 9 398
2 7 8 0 398
2 7 6 0 398
6 3 0 0 399
6 3 0 3 399
6 3 0 6 399
8 1 0 9 399
2 7 8 0 399
2 7 6 0 399
6 3 0 0 400
6 3 0 3 400
6 3 0 6 400
8 1 0 9 400
2 7 8 0 400
2 7 6 0 400
6 3 0 0 401
6 3 0 3 401
6 3 0 6 401
8 1 0 9 401
2 7 8 0 401
2 7 6 0 401
6 3 0 0 402
6 3 0 3 402
6 3 0 6 402
8 1 0 9 402
2 7 8 0 402
2 7 6 0 402
6 3 0 0 403
6 3 0 3 403
6 3 0 6 403
8 1 0 9 403
2 7 8 0 403
2 7 6 0 403
6 3 0 0 404
6 3 0 3 404
6 3 0 6 404
8 1 0 9 404
2 7 8 0 404
2 7 6 0 404
6 3 0 0 405
6 3 0 3 405
6 3 0 6 405
8 1 0 9 405
2 7 8 0 405
2 7 6 0 405
6 3 0 0 406
6 3 0 3 406
6 3 0 6 406
8 1 0 9 406
2 7 8 0 406
2 7 6 0 406
6 3 0 0 407
6 3 0 3 407
6 3 0 6 407
8 1 0 9 407
2 7 8 0 407
2 7 6 0 407
6 3 0 0 408
6 3 0 3 408
6 3 0 6 408
8 1 0 9 408
2 7 8 0 408
2 7 6 0 408
6 3 0 0 409
6 3 0 3 409
6 3 0 6 409
8 1 0 9 409
2 7 8 0 409
2 7 6 0 409
6 3 0 0 410
6 3 0 3 410
6 3 0 6 410
8 1 0 9 410
2 7 8 0 410
2 7 6 0 410
6 3 0 0 411
6 3 0 3 411
6 3 0 6 411
8 1 0 9 411
2 7 8 0 411
2 7 6 0 411
6 3 0 0 412
6 3 0 3 412
6 3 0 6 412
8 1 0 9 412
2 7 8 0 412
2 7 6 0 412
6 3 0 0 413
6 3 0 3 413
6 3 0 6 413
8 1 0 9 413
2 7 8 0 413
2 7 6 0 413
6 3 0 0 414
6 3 0 3 414
6 3 0 6 414
8 1 0 9 414
2 7 8 0 414
2 7 6 0 414
6 3 0 0 415
6 3 0 3 415
6 3 0 6 415
8 1 0 9 415
2 7 8 0 415
2 7 6 0 415
6 3 0 0 416
6 3 0 3 416
2 7 6 0 416
2 7 8 0 416
8 1 0 7 416
8 1 0 8 416
8 1 0 9 416
2 7 0 0 417
2 7 2 0 417
2 7 4 0 417
2 7 6 0 417
2 7 8 0 417
8 1 0 7 417
8 1 0 8 417
8 1 0 9 417
2 7 0 0 418
2 7 2 0 418
2 7 4 0 418
2 7 6 0 418
2 7 8 0 418
8 1 0 7 418
8 1 0 8 418
8 1 0 9 418
2 7 0 0 419
2 7 2 0 419
2 7 4 0 419
2 7 6 0 419
2 7 8 0 419
8 1 0 7 419
8 1 0 8 419
8 1 0 9 419
2 7 0 0 420
2 7 2 0 420
2 7 4 0 420
2 7 6 0 420
2 7 8 0 420
8 1 0 7 420
8 1 0 8 420
8 1 0 9 420
2 7 0 0 421
2 7 2 0 421
2 7 4 0 421
2 7 6 0 421
2 7 8 0 421
8 1 0 7 421
8 1 0 8 421
8 1 0 9 421
2 7 0 0 422
2 7 2 0 422
2 7 4 0 422
2 7 6 0 422
2 7 8 0 422
8 1 0 7 422
8 1 0 8 422
8 1 0 9 422
2 7 0 0 423
2 7 2 0 423
2 7 4 0 423
2 7 6 0 423
2 7 8 0 423
8 1 0 7 423
8 1 0 8 423
8 1 0 9 423
2 7 0 0 424
2 7 2 0 424
2 7 4 0 424
2 7 6 0 424
2 7 8 0 424
8 1 0 7 424
8 1 0 8 424
8 1 0 9 424
2 7 0 0 425
2 7 2 0 425
2 7 4 0 425
2 7 6 0 425
2 7 8 0 425
8 1 0 7 425
8 1 0 8 425
8 1 0 9 425
2 7 0 0 426
2 7 2 0 426
2 7 4 0 426
2 7 6 0 426
2 7 8 0 426
8 1 0 7 426
8 1 0 8 426
8 1 0 9 426
2 7 0 0 427
2 7 2 0 427
2 7 4 0 427
2 7 6 0 427
2 7 8 0 427
8 1 0 7 427
8 1 0 8 427
8 1 0 9 427
2 7 0 0 428
2 7 2 0 428
2 7 4 0 428
2 7 6 0 428
2 7 8 0 428
8 1 0 7 428
8 1 0 8 428
8 1 0 9 428
2 7 0 0 429
2 7 2 0 429
2 7 4 0 429
2 7 6 0 429
2 7 8 0 429
8 1 0 7 429
8 1 0 8 429
8 1 0 9 429
2 7 0 0 430
2 7 2 0 430
2 7 4 0 430
2 7 6 0 430
2 7 8 0 430
8 1 0 7 430
8 1 0 8 430
8 1 0 9 430
2 7 0 0 431
2 7 2 0 431
2 7 4 0 431
2 7 6 0 431
2 7 8 0 431
8 1 0 7 431
8 1 0 8 431
8 1 0 9 431
2 7 0 0 432
2 7 2 0 432
2 7 4 0 432
2 7 6 0 432
2 7 8 0 432
8 1 0 7 432
8 1 0 8 432
8 1 0 9 432
2 7 0 0 433
2 7 2 0 433
2 7 4 0 433
2 7 6 0 433
2 7 8 0 433
8 1 0 7 433
8 1 0 8 433
8 1 0 9 433
2 7 0 0 434
2 7 2 0 434
2 7 4 0 434
2 7 6 0 434
2 7 8 0 434
8 1 0 7 434
8 1 0 8 434
8 1 0 9 434
2 7 0 0 435
2 7 2 0 435
2 7 4 0 435
2 7 6 0 435
2 7 8 0 435
8 1 0 7 435
8 1 0 8 435
8 1 0 9 435
2 7 0 0 436
2 7 2 0 436
2 7 4 0 436
2 7 6 0 436
2 7 8 0 436
8 1 0 7 436
8 1 0 8 436
8 1 0 9 436
2 7 0 0 437
2 7 2 0 437
2 7 4 0 437
2 7 6 0 437
2 7 8 0 437
8 1 0 7 437
8 1 0 8 437
8 1 0 9 437
2 7 0 0 438
2 7 2 0 438
2 7 4 0 438
2 7 6 0 438
2 7 8 0 438
8 1 0 7 438
8 1 0 8 438
8 1 0 9 438
2 7 0 0 439
2 7 2 0 439
2 7 4 0 439
2 7 6 0 439
2 7 8 0 439
8 1 0 7 439
8 1 0 8 439
8 1 0 9 439
2 7 0 0 440
2 7 2 0 440
2 7 4 0 440
2 7 6 0 440
2 7 8 0 440
8 1 0 7 440
8 1 0 8 440
8 1 0 9 440
2 7 0 0 441
2 7 2 0 441
2 7 4 0 441
2 7 6 0 441
2 7 8 0 441
8 1 0 7 441
8 1 0 8 441
8 1 0 9 441
2 7 0 0 442
2 7 2 0 442
2 7 4 0 442
2 7 6 0 442
2 7 8 0 442
8 1 0 7 442
8 1 0 8 442
8 1 0 9 442
2 7 0 0 443
2 7 2 0 443
2 7 4 0 443
2 7 6 0 443
2 7 8 0 443
8 1 0 7 443
8 1 0 8 443
8 1 0 9 443
2 7 0 0 444
2 7 2 0 444
2 7 4 0 444
2 7 6 0 444
2 7 8 0 444
8 1 0 7 444
8 1 0 8 444
8 1 0 9 444
2 7 0 0 445
2 7 2 0 445
2 7 4 0 445
2 7 6 0 445
2 7 8 0 445
8 1 0 7 445
8 1 0 8 445
8 1 0 9 445
2 7 0 0 446
2 7 2 0 446
2 7 4 0 446
2 7 6 0 446
2 7 8 0 446
8 1 0 7 446
8 1 0 8 446
8 1 0 9 446
2 7 0 0 447
2 7 2 0 447
2 7 4 0 447
2 7 6 0 447
2 7 8 0 447
8 1 0 7 447
8 1 0 8 447
8 1 0 9 447
2 7 0 0 448
2 7 2 0 448
2 7 4 0 448
2 7 6 0 448
2 7 8 0 448
8 1 0 7 448
8 1 0 8 448
8 1 0 9 448
2 7 0 0 449
2 7 2 0 449
2 7 4 0 449
2 7 6 0 449
2 7 8 0 449
8 1 0 7 449
8 1 0 8 449
8 1 0 9 449
2 7 0 0 450
2 7 2 0 450
2 7 4 0 450
2 7 6 0 450
2 7 8 0 450
8 1 0 7 450
8 1 0 8 450
8 1 0 9 450
2 7 0 0 451
2 7 2 0 451
2 7 4 0 451
2 7 6 0 451
2 7 8 0 451
8 1 0 7 451
8 1 0 8 451
8 1 0 9 451
2 7 0 0 452
2 7 2 0 452
2 7 4 0 452
2 7 6 0 452
2 7 8 0 452
8 1 0 7 452
8 1 0 8 452
8 1 0 9 452
2 7 0 0 453
2 7 2 0 453
2 7 4 0 453
2 7 6 0 453
2 7 8 0 453
8 1 0 7 453
8 1 0 8 453
8 1 0 9 453
2 7 0 0 454
2 7 2 0 454
2 7 4 0 454
2 7 6 0 454
2 7 8 0 454
8 1 0 7 454
8 1 0 8 454
8 1 0 9 454
2 7 0 0 455
2 7 2 0 455
2 7 4 0 455
2 7 6 0 455
2 7 8 0 455
8 1 0 7 455
8 1 0 8 455
8 1 0 9 455
2 7 0 0 456
2 7 2 0 456
2 7 4 0 456
2 7 6 0 456
2 7 8 0 456
8 1 0 7 456
8 1 0 8 456
8 1 0 9 456
2 7 0 0 457
2 7 2 0 457
2 7 4 0 457
2 7 6 0 457
2 7 8 0 457
8 1 0 7 457
8 1 0 8 457
8 1 0 9 457
2 7 0 0 458
2 7 2 0 458
2 7 4 0 458
2 7 6 0 458
2 7 8 0 458
8 1 0 7 458
8 1 0 8 458
8 1 0 9 458
2 7 0 0 459
2 7 2 0 459
2 7 4 0 459
2 7 6 0 459
2 7 8 0 459
8 1 0 7 459
8 1 0 8 459
8 1 0 9 459
2 7 0 0 460
2 7 2 0 460
2 7 4 0 460
2 7 6 0 460
2 7 8 0 460
8 1 0 7 460
8 1 0 8 460
8 1 0 9 460
2 7 0 0 461
2 7 2 0 461
2 7 4 0 461
2 7 6 0 461
2 7 8 0 461
8 1 0 7 461
8 1 0 8 461
8 1 0 9 461
2 7 0 0 462
2 7 2 0 462
2 7 4 0 462
2 7 6 0 462
2 7 8 0 462
8 1 0 7 462
8 1 0 8 462
8 1 0 9 462
2 7 0 0 463
2 7 2 0 463
2 7 4 0 463
2 7 6 0 463
2 7 8 0 463
8 1 0 7 463
8 1 0 8 463
8 1 0 9 463
2 7 0 0 464
2 7 2 0 464
2 7 4 0 464
2 7 6 0 464
2 7 8 0 464
8 1 0 7 464
8 1 0 8 464
2 7 0 0 465
2 7 2 0 465
2 7 4 0 465
2 7 6 0 465
2 7 8 0 465
3 3 0 7 465
3 3 3 7 465
3 3 6 7 465
2 7 0 0 466
2 7 2 0 466
3 3 0 7 466
3 3 3 7 466
3 3 6 0 466
3 3 6 3 466
3 3 6 6 466
3 3 0 0 467
3 3 3 0 467
3 3 6 0 467
3 3 0 3 467
3 3 0 6 467
3 3 3 3 467
3 3 6 3 467
3 3 3 6 467
3 3 6 6 467
3 3 0 0 468
3 3 3 0 468
3 3 6 0 468
3 3 0 3 468
3 3 0 6 468
3 3 3 3 468
3 3 6 3 468
3 3 3 6 468
3 3 6 6 468
3 3 0 0 469
3 3 3 0 469
3 3 6 0 469
3 3 0 3 469
3 3 0 6 469
3 3 3 3 469
3 3 6 3 469
3 3 3 6 469
3 3 6 6 469
3 3 0 0 470
3 3 3 0 470
3 3 6 0 470
3 3 0 3 470
3 3 0 6 470
3 3 3 3 470
3 3 6 3 470
3 3 3 6 470
3 3 6 6 470
3 3 0 0 471
3 3 3 0 471
3 3 6 0 471
3 3 0 3 471
3 3 0 6 471
3 3 3 3 471
3 3 6 3 471
3 3 3 6 471
3 3 6 6 471
3 3 0 0 472
3 3 3 0 472
3 3 6 0 472
3 3 0 3 472
3 3 0 6 472
3 3 3 3 472
3 3 6 3 472
3 3 3 6 472
3 3 6 6 472
3 3 0 0 473
3 3 3 0 473
3 3 6 0 473
3 3 0 3 473
3 3 0 6 473
3 3 3 3 473
3 3 6 3 473
3 3 3 6 473
3 3 6 6 473
3 3 0 0 474
3 3 3 0 474
3 3 6 0 474
3 3 0 3 474
3 3 0 6 474
3 3 3 3 474
3 3 6 3 474
3 3 3 6 474
3 3 6 6 474
3 3 0 0 475
3 3 3 0 475
3 3 6 0 475
3 3 0 3 475
3 3 0 6 475
3 3 3 3 475
3 3 6 3 475
3 3 3 6 475
3 3 6 6 475
3 3 0 0 476
3 3 3 0 476
3 3 6 0 476
3 3 0 3 476
3 3 0 6 476
3 3 3 3 476
3 3 6 3 476
3 3 3 6 476
3 3 6 6 476
3 3 0 0 477
3 3 3 0 477
3 3 6 0 477
3 3 0 3 477
3 3 0 6 477
3 3 3 3 477
3 3 6 3 477
3 3 3 6 477
3 3 6 6 477
3 3 0 0 478
3 3 3 0 478
3 3 6 0 478
3 3 0 3 478
3 3 0 6 478
3 3 3 3 478
3 3 6 3 478
3 3 3 6 478
3 3 6 6 478
3 3 0 0 479
3 3 3 0 479
3 3 6 0 479
3 3 0 3 479
3 3 0 6 479
3 3 3 3 479
3 3 6 3 479
3 3 3 6 479
3 3 6 6 479
3 3 0 0 480
3 3 3 0 480
3 3 6 0 480
3 3 0 3 480
3 3 0 6 480
3 3 3 3 480
3 3 6 3 480
3 3 3 6 480
3 3 6 6 480
3 3 0 0 481
3 3 3 0 481
3 3 6 0 481
3 3 0 3 481
3 3 0 6 481
3 3 3 3 481
3 3 6 3 481
3 3 3 6 481
3 3 6 6 481
3 3 0 0 482
3 3 3 0 482
3 3 6 0 482
3 3 0 3 482
3 3 0 6 482
3 3 3 3 482
3 3 6 3 482
3 3 3 6 482
3 3 6 6 482
3 3 0 0 483
3 3 3 0 483
3 3 6 0 483
3 3 0 3 483
3 3 0 6 483
3 3 3 3 483
3 3 6 3 483
3 3 3 6 483
3 3 6 6 483
3 3 0 0 484
