% State of a bin packing problem:
%
% Bin number: 381
% Total uncovered points: 600
% Total covered points: 37500
% Number of boxes: 5000
% Unused boxes: 0
% Runtime: None
%
% Bin size:
10 10
%
% Boxes (width, height) not in some bins:
%
% Boxes (width, height, x_position, y_position, bin_id) in bins:
3 6 0 0 0
3 6 3 0 0
3 6 6 0 0
5 3 0 6 0
5 3 5 6 0
9 1 0 9 0
1 5 9 0 0
3 6 0 0 1
3 6 3 0 1
3 6 6 0 1
5 3 0 6 1
5 3 5 6 1
9 1 0 9 1
1 5 9 0 1
3 6 0 0 2
3 6 3 0 2
3 6 6 0 2
5 3 0 6 2
5 3 5 6 2
9 1 0 9 2
1 5 9 0 2
3 6 0 0 3
3 6 3 0 3
3 6 6 0 3
5 3 0 6 3
5 3 5 6 3
9 1 0 9 3
1 5 9 0 3
3 6 0 0 4
3 6 3 0 4
3 6 6 0 4
5 3 0 6 4
5 3 5 6 4
9 1 0 9 4
1 5 9 0 4
3 6 0 0 5
3 6 3 0 5
3 6 6 0 5
5 3 0 6 5
5 3 5 6 5
9 1 0 9 5
1 5 9 0 5
3 6 0 0 6
3 6 3 0 6
3 6 6 0 6
5 3 0 6 6
5 3 5 6 6
9 1 0 9 6
1 5 9 0 6
3 6 0 0 7
3 6 3 0 7
3 6 6 0 7
5 3 0 6 7
5 3 5 6 7
9 1 0 9 7
1 5 9 0 7
3 6 0 0 8
3 6 3 0 8
3 6 6 0 8
5 3 0 6 8
5 3 5 6 8
9 1 0 9 8
1 5 9 0 8
3 6 0 0 9
3 6 3 0 9
3 6 6 0 9
5 3 0 6 9
5 3 5 6 9
9 1 0 9 9
1 5 9 0 9
3 6 0 0 10
3 6 3 0 10
3 6 6 0 10
5 3 0 6 10
5 3 5 6 10
9 1 0 9 10
1 5 9 0 10
3 6 0 0 11
3 6 3 0 11
3 6 6 0 11
5 3 0 6 11
5 3 5 6 11
9 1 0 9 11
1 5 9 0 11
3 6 0 0 12
3 6 3 0 12
3 6 6 0 12
5 3 0 6 12
5 3 5 6 12
9 1 0 9 12
1 5 9 0 12
3 6 0 0 13
3 6 3 0 13
3 6 6 0 13
5 3 0 6 13
5 3 5 6 13
9 1 0 9 13
1 5 9 0 13
3 6 0 0 14
3 6 3 0 14
3 6 6 0 14
5 3 0 6 14
5 3 5 6 14
9 1 0 9 14
1 5 9 0 14
3 6 0 0 15
3 6 3 0 15
3 6 6 0 15
5 3 0 6 15
5 3 5 6 15
9 1 0 9 15
1 5 9 0 15
3 6 0 0 16
3 6 3 0 16
3 6 6 0 16
5 3 0 6 16
5 3 5 6 16
9 1 0 9 16
1 5 9 0 16
3 6 0 0 17
3 6 3 0 17
3 6 6 0 17
5 3 0 6 17
5 3 5 6 17
9 1 0 9 17
1 5 9 0 17
3 6 0 0 18
3 6 3 0 18
3 6 6 0 18
5 3 0 6 18
5 3 5 6 18
9 1 0 9 18
1 5 9 0 18
3 6 0 0 19
3 6 3 0 19
3 6 6 0 19
5 3 0 6 19
5 3 5 6 19
9 1 0 9 19
1 5 9 0 19
3 6 0 0 20
3 6 3 0 20
3 6 6 0 20
5 3 0 6 20
5 3 5 6 20
9 1 0 9 20
1 5 9 0 20
3 6 0 0 21
3 6 3 0 21
3 6 6 0 21
5 3 0 6 21
5 3 5 6 21
9 1 0 9 21
1 5 9 0 21
3 6 0 0 22
3 6 3 0 22
3 6 6 0 22
5 3 0 6 22
5 3 5 6 22
9 1 0 9 22
1 5 9 0 22
3 6 0 0 23
3 6 3 0 23
3 6 6 0 23
5 3 0 6 23
5 3 5 6 23
9 1 0 9 23
1 5 9 0 23
3 6 0 0 24
3 6 3 0 24
3 6 6 0 24
5 3 0 6 24
5 3 5 6 24
9 1 0 9 24
1 5 9 0 24
3 6 0 0 25
3 6 3 0 25
3 6 6 0 25
5 3 0 6 25
5 3 5 6 25
9 1 0 9 25
1 5 9 0 25
3 6 0 0 26
3 6 3 0 26
3 6 6 0 26
5 3 0 6 26
5 3 5 6 26
9 1 0 9 26
1 5 9 0 26
3 6 0 0 27
3 6 3 0 27
3 6 6 0 27
5 3 0 6 27
5 3 5 6 27
9 1 0 9 27
1 5 9 0 27
3 6 0 0 28
3 6 3 0 28
3 6 6 0 28
5 3 0 6 28
5 3 5 6 28
9 1 0 9 28
1 5 9 0 28
3 6 0 0 29
3 6 3 0 29
3 6 6 0 29
5 3 0 6 29
5 3 5 6 29
9 1 0 9 29
1 5 9 0 29
3 6 0 0 30
3 6 3 0 30
3 6 6 0 30
5 3 0 6 30
5 3 5 6 30
9 1 0 9 30
1 5 9 0 30
3 6 0 0 31
3 6 3 0 31
3 6 6 0 31
5 3 0 6 31
5 3 5 6 31
9 1 0 9 31
1 5 9 0 31
3 6 0 0 32
3 6 3 0 32
3 6 6 0 32
5 3 0 6 32
5 3 5 6 32
9 1 0 9 32
1 5 9 0 32
3 6 0 0 33
3 6 3 0 33
3 6 6 0 33
5 3 0 6 33
5 3 5 6 33
9 1 0 9 33
1 5 9 0 33
3 6 0 0 34
3 6 3 0 34
3 6 6 0 34
5 3 0 6 34
5 3 5 6 34
9 1 0 9 34
1 5 9 0 34
3 6 0 0 35
3 6 3 0 35
3 6 6 0 35
5 3 0 6 35
5 3 5 6 35
9 1 0 9 35
1 5 9 0 35
3 6 0 0 36
3 6 3 0 36
3 6 6 0 36
5 3 0 6 36
5 3 5 6 36
9 1 0 9 36
1 5 9 0 36
3 6 0 0 37
3 6 3 0 37
3 6 6 0 37
5 3 0 6 37
5 3 5 6 37
9 1 0 9 37
1 5 9 0 37
3 6 0 0 38
3 6 3 0 38
3 6 6 0 38
5 3 0 6 38
5 3 5 6 38
9 1 0 9 38
1 5 9 0 38
3 6 0 0 39
3 6 3 0 39
3 6 6 0 39
5 3 0 6 39
5 3 5 6 39
9 1 0 9 39
1 5 9 0 39
3 6 0 0 40
3 6 3 0 40
3 6 6 0 40
5 3 0 6 40
5 3 5 6 40
9 1 0 9 40
1 5 9 0 40
3 6 0 0 41
3 6 3 0 41
3 6 6 0 41
5 3 0 6 41
5 3 5 6 41
9 1 0 9 41
1 5 9 0 41
3 6 0 0 42
3 6 3 0 42
3 6 6 0 42
5 3 0 6 42
5 3 5 6 42
9 1 0 9 42
1 5 9 0 42
3 6 0 0 43
3 6 3 0 43
3 6 6 0 43
5 3 0 6 43
5 3 5 6 43
9 1 0 9 43
1 5 9 0 43
3 6 0 0 44
3 6 3 0 44
3 6 6 0 44
5 3 0 6 44
5 3 5 6 44
9 1 0 9 44
1 5 9 0 44
3 6 0 0 45
3 6 3 0 45
3 6 6 0 45
5 3 0 6 45
5 3 5 6 45
9 1 0 9 45
1 5 9 0 45
3 6 0 0 46
3 6 3 0 46
3 6 6 0 46
5 3 0 6 46
5 3 5 6 46
9 1 0 9 46
1 5 9 0 46
3 6 0 0 47
3 6 3 0 47
3 6 6 0 47
5 3 0 6 47
5 3 5 6 47
9 1 0 9 47
1 5 9 0 47
3 6 0 0 48
3 6 3 0 48
3 6 6 0 48
5 3 0 6 48
5 3 5 6 48
9 1 0 9 48
1 5 9 0 48
3 6 0 0 49
3 6 3 0 49
3 6 6 0 49
5 3 0 6 49
5 3 5 6 49
9 1 0 9 49
1 5 9 0 49
5 3 0 0 50
5 3 5 0 50
5 3 0 3 50
5 3 0 6 50
5 3 5 3 50
5 3 5 6 50
9 1 0 9 50
5 3 0 0 51
5 3 5 0 51
5 3 0 3 51
5 3 0 6 51
5 3 5 3 51
5 3 5 6 51
9 1 0 9 51
5 3 0 0 52
5 3 5 0 52
5 3 0 3 52
5 3 0 6 52
5 3 5 3 52
5 3 5 6 52
9 1 0 9 52
5 3 0 0 53
5 3 5 0 53
5 3 0 3 53
5 3 0 6 53
5 3 5 3 53
5 3 5 6 53
9 1 0 9 53
5 3 0 0 54
5 3 5 0 54
5 3 0 3 54
5 3 0 6 54
5 3 5 3 54
5 3 5 6 54
9 1 0 9 54
5 3 0 0 55
5 3 5 0 55
5 3 0 3 55
5 3 0 6 55
5 3 5 3 55
5 3 5 6 55
9 1 0 9 55
5 3 0 0 56
5 3 5 0 56
5 3 0 3 56
5 3 0 6 56
5 3 5 3 56
5 3 5 6 56
9 1 0 9 56
5 3 0 0 57
5 3 5 0 57
5 3 0 3 57
5 3 0 6 57
5 3 5 3 57
5 3 5 6 57
9 1 0 9 57
5 3 0 0 58
5 3 5 0 58
5 3 0 3 58
5 3 0 6 58
5 3 5 3 58
5 3 5 6 58
9 1 0 9 58
5 3 0 0 59
5 3 5 0 59
5 3 0 3 59
5 3 0 6 59
5 3 5 3 59
5 3 5 6 59
9 1 0 9 59
5 3 0 0 60
5 3 5 0 60
5 3 0 3 60
5 3 0 6 60
5 3 5 3 60
5 3 5 6 60
9 1 0 9 60
5 3 0 0 61
5 3 5 0 61
5 3 0 3 61
5 3 0 6 61
5 3 5 3 61
5 3 5 6 61
9 1 0 9 61
5 3 0 0 62
5 3 5 0 62
5 3 0 3 62
5 3 0 6 62
5 3 5 3 62
5 3 5 6 62
9 1 0 9 62
5 3 0 0 63
5 3 5 0 63
5 3 0 3 63
5 3 0 6 63
5 3 5 3 63
5 3 5 6 63
9 1 0 9 63
5 3 0 0 64
5 3 5 0 64
5 3 0 3 64
5 3 0 6 64
5 3 5 3 64
5 3 5 6 64
9 1 0 9 64
5 3 0 0 65
5 3 5 0 65
5 3 0 3 65
5 3 0 6 65
5 3 5 3 65
5 3 5 6 65
9 1 0 9 65
5 3 0 0 66
5 3 5 0 66
5 3 0 3 66
5 3 0 6 66
5 3 5 3 66
5 3 5 6 66
9 1 0 9 66
5 3 0 0 67
5 3 5 0 67
5 3 0 3 67
5 3 0 6 67
5 3 5 3 67
5 3 5 6 67
9 1 0 9 67
5 3 0 0 68
5 3 5 0 68
5 3 0 3 68
5 3 0 6 68
2 5 5 3 68
2 5 7 3 68
4 2 5 8 68
5 1 0 9 68
1 5 9 3 68
1 2 9 8 68
6 2 0 0 69
6 2 0 2 69
6 2 0 4 69
6 2 0 6 69
6 2 0 8 69
2 5 6 0 69
2 5 8 0 69
2 5 6 5 69
2 5 8 5 69
6 2 0 0 70
6 2 0 2 70
6 2 0 4 70
6 2 0 6 70
6 2 0 8 70
2 5 6 0 70
2 5 8 0 70
2 5 6 5 70
2 5 8 5 70
6 2 0 0 71
6 2 0 2 71
6 2 0 4 71
6 2 0 6 71
6 2 0 8 71
2 5 6 0 71
2 5 8 0 71
2 5 6 5 71
2 5 8 5 71
6 2 0 0 72
6 2 0 2 72
6 2 0 4 72
6 2 0 6 72
6 2 0 8 72
2 5 6 0 72
2 5 8 0 72
2 5 6 5 72
2 5 8 5 72
6 2 0 0 73
6 2 0 2 73
6 2 0 4 73
6 2 0 6 73
6 2 0 8 73
2 5 6 0 73
2 5 8 0 73
2 5 6 5 73
2 5 8 5 73
6 2 0 0 74
6 2 0 2 74
6 2 0 4 74
6 2 0 6 74
6 2 0 8 74
2 5 6 0 74
2 5 8 0 74
2 5 6 5 74
2 5 8 5 74
6 2 0 0 75
6 2 0 2 75
6 2 0 4 75
6 2 0 6 75
6 2 0 8 75
2 5 6 0 75
2 5 8 0 75
2 5 6 5 75
2 5 8 5 75
6 2 0 0 76
6 2 0 2 76
6 2 0 4 76
6 2 0 6 76
6 2 0 8 76
2 5 6 0 76
2 5 8 0 76
2 5 6 5 76
2 5 8 5 76
6 2 0 0 77
6 2 0 2 77
6 2 0 4 77
6 2 0 6 77
6 2 0 8 77
2 5 6 0 77
2 5 8 0 77
2 5 6 5 77
2 5 8 5 77
6 2 0 0 78
6 2 0 2 78
6 2 0 4 78
6 2 0 6 78
6 2 0 8 78
2 5 6 0 78
2 5 8 0 78
2 5 6 5 78
2 5 8 5 78
6 2 0 0 79
6 2 0 2 79
6 2 0 4 79
6 2 0 6 79
6 2 0 8 79
2 5 6 0 79
2 5 8 0 79
2 5 6 5 79
2 5 8 5 79
6 2 0 0 80
6 2 0 2 80
6 2 0 4 80
6 2 0 6 80
6 2 0 8 80
2 5 6 0 80
2 5 8 0 80
2 5 6 5 80
2 5 8 5 80
6 2 0 0 81
6 2 0 2 81
6 2 0 4 81
6 2 0 6 81
6 2 0 8 81
2 5 6 0 81
2 5 8 0 81
2 5 6 5 81
2 5 8 5 81
6 2 0 0 82
6 2 0 2 82
6 2 0 4 82
6 2 0 6 82
6 2 0 8 82
2 5 6 0 82
2 5 8 0 82
2 5 6 5 82
2 5 8 5 82
6 2 0 0 83
6 2 0 2 83
6 2 0 4 83
6 2 0 6 83
6 2 0 8 83
2 5 6 0 83
2 5 8 0 83
2 5 6 5 83
2 5 8 5 83
6 2 0 0 84
6 2 0 2 84
6 2 0 4 84
6 2 0 6 84
6 2 0 8 84
2 5 6 0 84
2 5 8 0 84
2 5 6 5 84
2 5 8 5 84
6 2 0 0 85
6 2 0 2 85
6 2 0 4 85
6 2 0 6 85
6 2 0 8 85
2 5 6 0 85
2 5 8 0 85
2 5 6 5 85
2 5 8 5 85
6 2 0 0 86
6 2 0 2 86
6 2 0 4 86
6 2 0 6 86
6 2 0 8 86
2 5 6 0 86
2 5 8 0 86
2 5 6 5 86
2 5 8 5 86
6 2 0 0 87
6 2 0 2 87
6 2 0 4 87
6 2 0 6 87
6 2 0 8 87
2 5 6 0 87
2 5 8 0 87
2 5 6 5 87
2 5 8 5 87
6 2 0 0 88
6 2 0 2 88
6 2 0 4 88
6 2 0 6 88
6 2 0 8 88
2 5 6 0 88
2 5 8 0 88
2 5 6 5 88
2 5 8 5 88
6 2 0 0 89
6 2 0 2 89
6 2 0 4 89
6 2 0 6 89
6 2 0 8 89
2 5 6 0 89
2 5 8 0 89
2 5 6 5 89
2 5 8 5 89
6 2 0 0 90
6 2 0 2 90
6 2 0 4 90
6 2 0 6 90
6 2 0 8 90
2 5 6 0 90
2 5 8 0 90
2 5 6 5 90
2 5 8 5 90
6 2 0 0 91
6 2 0 2 91
6 2 0 4 91
6 2 0 6 91
6 2 0 8 91
2 5 6 0 91
2 5 8 0 91
2 5 6 5 91
2 5 8 5 91
6 2 0 0 92
6 2 0 2 92
6 2 0 4 92
6 2 0 6 92
6 2 0 8 92
2 5 6 0 92
2 5 8 0 92
2 5 6 5 92
2 5 8 5 92
6 2 0 0 93
6 2 0 2 93
6 2 0 4 93
6 2 0 6 93
6 2 0 8 93
2 5 6 0 93
2 5 8 0 93
2 5 6 5 93
2 5 8 5 93
6 2 0 0 94
6 2 0 2 94
6 2 0 4 94
6 2 0 6 94
6 2 0 8 94
2 5 6 0 94
2 5 8 0 94
2 5 6 5 94
2 5 8 5 94
6 2 0 0 95
6 2 0 2 95
6 2 0 4 95
6 2 0 6 95
6 2 0 8 95
2 5 6 0 95
2 5 8 0 95
2 5 6 5 95
2 5 8 5 95
6 2 0 0 96
6 2 0 2 96
6 2 0 4 96
6 2 0 6 96
6 2 0 8 96
2 5 6 0 96
2 5 8 0 96
2 5 6 5 96
2 5 8 5 96
6 2 0 0 97
6 2 0 2 97
6 2 0 4 97
6 2 0 6 97
6 2 0 8 97
2 5 6 0 97
2 5 8 0 97
2 5 6 5 97
2 5 8 5 97
6 2 0 0 98
6 2 0 2 98
6 2 0 4 98
6 2 0 6 98
6 2 0 8 98
2 5 6 0 98
2 5 8 0 98
2 5 6 5 98
2 5 8 5 98
6 2 0 0 99
6 2 0 2 99
6 2 0 4 99
6 2 0 6 99
6 2 0 8 99
2 5 6 0 99
2 5 8 0 99
2 5 6 5 99
2 5 8 5 99
6 2 0 0 100
6 2 0 2 100
6 2 0 4 100
6 2 0 6 100
6 2 0 8 100
2 5 6 0 100
2 5 8 0 100
2 5 6 5 100
2 5 8 5 100
6 2 0 0 101
6 2 0 2 101
6 2 0 4 101
6 2 0 6 101
6 2 0 8 101
2 5 6 0 101
2 5 8 0 101
2 5 6 5 101
2 5 8 5 101
6 2 0 0 102
6 2 0 2 102
6 2 0 4 102
6 2 0 6 102
6 2 0 8 102
2 5 6 0 102
2 5 8 0 102
2 5 6 5 102
2 5 8 5 102
6 2 0 0 103
6 2 0 2 103
6 2 0 4 103
6 2 0 6 103
6 2 0 8 103
2 5 6 0 103
2 5 8 0 103
2 5 6 5 103
2 5 8 5 103
6 2 0 0 104
6 2 0 2 104
6 2 0 4 104
2 5 6 0 104
2 5 8 0 104
2 5 6 5 104
2 5 8 5 104
3 3 0 6 104
3 3 3 6 104
5 1 0 9 104
2 5 0 0 105
2 5 0 5 105
2 5 2 0 105
2 5 2 5 105
2 5 4 0 105
2 5 6 0 105
2 5 8 0 105
2 5 4 5 105
2 5 6 5 105
2 5 8 5 105
2 5 0 0 106
2 5 0 5 106
2 5 2 0 106
2 5 2 5 106
2 5 4 0 106
2 5 6 0 106
2 5 8 0 106
2 5 4 5 106
2 5 6 5 106
2 5 8 5 106
2 5 0 0 107
2 5 0 5 107
2 5 2 0 107
2 5 2 5 107
2 5 4 0 107
2 5 6 0 107
2 5 8 0 107
2 5 4 5 107
2 5 6 5 107
2 5 8 5 107
2 5 0 0 108
2 5 0 5 108
2 5 2 0 108
2 5 2 5 108
2 5 4 0 108
2 5 6 0 108
2 5 8 0 108
2 5 4 5 108
2 5 6 5 108
2 5 8 5 108
2 5 0 0 109
2 5 0 5 109
2 5 2 0 109
2 5 2 5 109
2 5 4 0 109
2 5 6 0 109
2 5 8 0 109
2 5 4 5 109
2 5 6 5 109
2 5 8 5 109
2 5 0 0 110
2 5 0 5 110
2 5 2 0 110
2 5 2 5 110
2 5 4 0 110
2 5 6 0 110
2 5 8 0 110
2 5 4 5 110
2 5 6 5 110
2 5 8 5 110
2 5 0 0 111
2 5 0 5 111
2 5 2 0 111
2 5 2 5 111
2 5 4 0 111
2 5 6 0 111
2 5 8 0 111
2 5 4 5 111
2 5 6 5 111
2 5 8 5 111
2 5 0 0 112
2 5 0 5 112
2 5 2 0 112
2 5 2 5 112
2 5 4 0 112
2 5 6 0 112
2 5 8 0 112
2 5 4 5 112
2 5 6 5 112
2 5 8 5 112
2 5 0 0 113
2 5 0 5 113
2 5 2 0 113
2 5 2 5 113
2 5 4 0 113
2 5 6 0 113
3 3 4 5 113
3 3 7 5 113
2 4 8 0 113
4 2 4 8 113
2 2 8 8 113
2 1 8 4 113
1 9 0 0 114
1 9 1 0 114
3 3 2 0 114
3 3 5 0 114
3 3 2 3 114
3 3 2 6 114
3 3 5 3 114
3 3 5 6 114
1 9 8 0 114
9 1 0 9 114
1 9 9 0 114
1 9 0 0 115
1 9 1 0 115
1 9 2 0 115
1 9 3 0 115
1 9 4 0 115
1 9 5 0 115
1 9 6 0 115
3 3 7 0 115
3 3 7 3 115
3 3 7 6 115
9 1 0 9 115
1 9 0 0 116
3 3 1 0 116
3 3 4 0 116
3 3 7 0 116
3 3 1 3 116
3 3 1 6 116
3 3 4 3 116
3 3 7 3 116
3 3 4 6 116
3 3 7 6 116
9 1 0 9 116
1 9 0 0 117
1 9 1 0 117
1 9 2 0 117
1 9 3 0 117
1 9 4 0 117
1 9 5 0 117
3 3 6 0 117
3 3 6 3 117
3 3 6 6 117
9 1 0 9 117
1 9 9 0 117
9 1 0 0 118
9 1 0 1 118
9 1 0 2 118
9 1 0 3 118
9 1 0 4 118
9 1 0 5 118
9 1 0 6 118
9 1 0 7 118
9 1 0 8 118
1 9 9 0 118
9 1 0 9 118
9 1 0 0 119
9 1 0 1 119
9 1 0 2 119
9 1 0 3 119
9 1 0 4 119
9 1 0 5 119
9 1 0 6 119
9 1 0 7 119
9 1 0 8 119
9 1 0 9 119
1 9 9 0 119
9 1 0 0 120
9 1 0 1 120
9 1 0 2 120
9 1 0 3 120
9 1 0 4 120
9 1 0 5 120
9 1 0 6 120
9 1 0 7 120
9 1 0 8 120
9 1 0 9 120
1 9 9 0 120
9 1 0 0 121
1 9 0 1 121
9 1 1 1 121
9 1 1 2 121
9 1 1 3 121
9 1 1 4 121
9 1 1 5 121
9 1 1 6 121
3 3 1 7 121
3 3 4 7 121
3 3 7 7 121
9 1 0 0 122
9 1 0 1 122
9 1 0 2 122
9 1 0 3 122
9 1 0 4 122
9 1 0 5 122
3 3 0 6 122
3 3 3 6 122
3 3 6 6 122
1 9 9 0 122
9 1 0 9 122
9 1 0 0 123
9 1 0 1 123
9 1 0 2 123
9 1 0 3 123
9 1 0 4 123
9 1 0 5 123
9 1 0 6 123
9 1 0 7 123
9 1 0 8 123
9 1 0 9 123
1 9 9 0 123
9 1 0 0 124
1 9 0 1 124
9 1 1 1 124
3 3 1 2 124
3 3 1 5 124
3 3 4 2 124
3 3 7 2 124
3 3 4 5 124
3 3 7 5 124
9 1 1 8 124
9 1 1 9 124
9 1 0 0 125
1 9 0 1 125
9 1 1 1 125
9 1 1 2 125
9 1 1 3 125
9 1 1 4 125
9 1 1 5 125
3 3 1 6 125
3 3 4 6 125
3 3 7 6 125
9 1 1 9 125
1 9 0 0 126
1 9 1 0 126
1 9 2 0 126
3 3 3 0 126
3 3 6 0 126
3 3 3 3 126
3 3 3 6 126
3 3 6 3 126
3 3 6 6 126
9 1 0 9 126
1 9 9 0 126
9 1 0 0 127
9 1 0 1 127
9 1 0 2 127
9 1 0 3 127
9 1 0 4 127
9 1 0 5 127
9 1 0 6 127
9 1 0 7 127
9 1 0 8 127
9 1 0 9 127
1 9 9 0 127
9 1 0 0 128
9 1 0 1 128
9 1 0 2 128
9 1 0 3 128
9 1 0 4 128
3 3 0 5 128
3 3 3 5 128
3 3 6 5 128
9 1 0 8 128
9 1 0 9 128
1 9 9 0 128
3 3 0 0 129
3 3 0 3 129
1 9 3 0 129
3 3 0 6 129
1 9 4 0 129
3 3 5 0 129
3 3 5 3 129
3 3 5 6 129
1 9 8 0 129
9 1 0 9 129
1 9 9 0 129
9 1 0 0 130
9 1 0 1 130
9 1 0 2 130
9 1 0 3 130
9 1 0 4 130
9 1 0 5 130
9 1 0 6 130
9 1 0 7 130
9 1 0 8 130
9 1 0 9 130
1 9 9 0 130
1 9 0 0 131
1 9 1 0 131
3 3 2 0 131
3 3 5 0 131
3 3 2 3 131
3 3 2 6 131
3 3 5 3 131
3 3 5 6 131
1 9 8 0 131
9 1 0 9 131
1 9 9 0 131
9 1 0 0 132
9 1 0 1 132
9 1 0 2 132
9 1 0 3 132
9 1 0 4 132
9 1 0 5 132
9 1 0 6 132
9 1 0 7 132
9 1 0 8 132
9 1 0 9 132
1 9 9 0 132
9 1 0 0 133
9 1 0 1 133
3 3 0 2 133
3 3 0 5 133
3 3 3 2 133
3 3 6 2 133
3 3 3 5 133
3 3 6 5 133
9 1 0 8 133
9 1 0 9 133
1 9 9 0 133
9 1 0 0 134
9 1 0 1 134
9 1 0 2 134
9 1 0 3 134
9 1 0 4 134
9 1 0 5 134
9 1 0 6 134
9 1 0 7 134
9 1 0 8 134
9 1 0 9 134
1 9 9 0 134
1 9 0 0 135
9 1 1 0 135
9 1 1 1 135
9 1 1 2 135
3 3 1 3 135
3 3 1 6 135
3 3 4 3 135
3 3 7 3 135
3 3 4 6 135
3 3 7 6 135
9 1 0 9 135
9 1 0 0 136
9 1 0 1 136
9 1 0 2 136
9 1 0 3 136
9 1 0 4 136
9 1 0 5 136
9 1 0 6 136
3 3 0 7 136
3 3 3 7 136
3 3 6 7 136
1 9 9 0 136
9 1 0 0 137
1 9 0 1 137
1 9 1 1 137
3 3 2 1 137
3 3 5 1 137
3 3 2 4 137
3 3 2 7 137
3 3 5 4 137
3 3 5 7 137
1 9 8 1 137
1 9 9 0 137
9 1 0 0 138
9 1 0 1 138
9 1 0 2 138
9 1 0 3 138
9 1 0 4 138
9 1 0 5 138
9 1 0 6 138
9 1 0 7 138
9 1 0 8 138
9 1 0 9 138
1 9 9 0 138
9 1 0 0 139
9 1 0 1 139
9 1 0 2 139
9 1 0 3 139
9 1 0 4 139
9 1 0 5 139
9 1 0 6 139
9 1 0 7 139
9 1 0 8 139
9 1 0 9 139
1 9 9 0 139
3 3 0 0 140
3 3 0 3 140
1 9 3 0 140
1 9 4 0 140
1 9 5 0 140
3 3 0 6 140
3 3 6 0 140
3 3 6 3 140
3 3 6 6 140
9 1 0 9 140
1 9 9 0 140
9 1 0 0 141
9 1 0 1 141
9 1 0 2 141
9 1 0 3 141
9 1 0 4 141
9 1 0 5 141
9 1 0 6 141
9 1 0 7 141
9 1 0 8 141
9 1 0 9 141
1 9 9 0 141
9 1 0 0 142
1 9 0 1 142
9 1 1 1 142
9 1 1 2 142
9 1 1 3 142
9 1 1 4 142
9 1 1 5 142
9 1 1 6 142
9 1 1 7 142
9 1 1 8 142
9 1 1 9 142
3 3 0 0 143
1 9 3 0 143
3 3 0 3 143
3 3 0 6 143
1 9 4 0 143
1 9 5 0 143
1 9 6 0 143
1 9 7 0 143
1 9 8 0 143
1 9 9 0 143
9 1 0 9 143
9 1 0 0 144
9 1 0 1 144
9 1 0 2 144
9 1 0 3 144
9 1 0 4 144
9 1 0 5 144
9 1 0 6 144
9 1 0 7 144
9 1 0 8 144
9 1 0 9 144
1 9 9 0 144
3 3 0 0 145
3 3 0 3 145
3 3 0 6 145
1 9 3 0 145
3 3 4 0 145
3 3 7 0 145
3 3 4 3 145
3 3 7 3 145
3 3 4 6 145
3 3 7 6 145
9 1 0 9 145
9 1 0 0 146
9 1 0 1 146
9 1 0 2 146
9 1 0 3 146
9 1 0 4 146
9 1 0 5 146
9 1 0 6 146
9 1 0 7 146
9 1 0 8 146
1 9 9 0 146
9 1 0 9 146
9 1 0 0 147
9 1 0 1 147
9 1 0 2 147
9 1 0 3 147
9 1 0 4 147
9 1 0 5 147
9 1 0 6 147
9 1 0 7 147
9 1 0 8 147
1 9 9 0 147
9 1 0 9 147
3 3 0 0 148
3 3 0 3 148
1 9 3 0 148
3 3 0 6 148
1 9 4 0 148
1 9 5 0 148
3 3 6 0 148
3 3 6 3 148
3 3 6 6 148
9 1 0 9 148
1 9 9 0 148
1 9 0 0 149
9 1 1 0 149
9 1 1 1 149
9 1 1 2 149
9 1 1 3 149
9 1 1 4 149
3 3 1 5 149
3 3 4 5 149
3 3 7 5 149
9 1 1 8 149
9 1 0 9 149
9 1 0 0 150
9 1 0 1 150
9 1 0 2 150
9 1 0 3 150
9 1 0 4 150
9 1 0 5 150
9 1 0 6 150
9 1 0 7 150
9 1 0 8 150
9 1 0 9 150
1 9 9 0 150
1 9 0 0 151
1 9 1 0 151
1 9 2 0 151
1 9 3 0 151
1 9 4 0 151
3 3 5 0 151
3 3 5 3 151
3 3 5 6 151
1 9 8 0 151
1 9 9 0 151
9 1 0 9 151
9 1 0 0 152
9 1 0 1 152
9 1 0 2 152
9 1 0 3 152
9 1 0 4 152
9 1 0 5 152
9 1 0 6 152
9 1 0 7 152
9 1 0 8 152
9 1 0 9 152
1 9 9 0 152
3 3 0 0 153
3 3 0 3 153
1 9 3 0 153
3 3 0 6 153
1 9 4 0 153
1 9 5 0 153
1 9 6 0 153
3 3 7 0 153
3 3 7 3 153
3 3 7 6 153
9 1 0 9 153
9 1 0 0 154
9 1 0 1 154
9 1 0 2 154
9 1 0 3 154
9 1 0 4 154
9 1 0 5 154
9 1 0 6 154
9 1 0 7 154
9 1 0 8 154
1 9 9 0 154
9 1 0 9 154
9 1 0 0 155
9 1 0 1 155
9 1 0 2 155
9 1 0 3 155
3 3 0 4 155
3 3 0 7 155
3 3 3 4 155
3 3 3 7 155
3 3 6 4 155
3 3 6 7 155
1 9 9 0 155
9 1 0 0 156
9 1 0 1 156
9 1 0 2 156
9 1 0 3 156
9 1 0 4 156
9 1 0 5 156
9 1 0 6 156
9 1 0 7 156
9 1 0 8 156
9 1 0 9 156
1 9 9 0 156
9 1 0 0 157
9 1 0 1 157
9 1 0 2 157
9 1 0 3 157
9 1 0 4 157
9 1 0 5 157
9 1 0 6 157
3 3 0 7 157
3 3 3 7 157
3 3 6 7 157
1 9 9 0 157
1 9 0 0 158
1 9 1 0 158
1 9 2 0 158
1 9 3 0 158
1 9 4 0 158
3 3 5 0 158
3 3 5 3 158
3 3 5 6 158
1 9 8 0 158
9 1 0 9 158
1 9 9 0 158
9 1 0 0 159
9 1 0 1 159
9 1 0 2 159
9 1 0 3 159
9 1 0 4 159
9 1 0 5 159
9 1 0 6 159
9 1 0 7 159
9 1 0 8 159
9 1 0 9 159
1 9 9 0 159
9 1 0 0 160
1 9 0 1 160
9 1 1 1 160
9 1 1 2 160
3 3 1 3 160
3 3 1 6 160
3 3 4 3 160
3 3 7 3 160
3 3 4 6 160
3 3 7 6 160
9 1 1 9 160
9 1 0 0 161
9 1 0 1 161
9 1 0 2 161
9 1 0 3 161
9 1 0 4 161
9 1 0 5 161
9 1 0 6 161
9 1 0 7 161
9 1 0 8 161
1 9 9 0 161
9 1 0 9 161
1 9 0 0 162
9 1 1 0 162
1 9 1 1 162
1 9 2 1 162
1 9 3 1 162
3 3 4 1 162
3 3 7 1 162
3 3 4 4 162
3 3 4 7 162
3 3 7 4 162
3 3 7 7 162
9 1 0 0 163
9 1 0 1 163
9 1 0 2 163
9 1 0 3 163
9 1 0 4 163
9 1 0 5 163
9 1 0 6 163
9 1 0 7 163
9 1 0 8 163
9 1 0 9 163
1 9 9 0 163
1 9 0 0 164
9 1 1 0 164
1 9 1 1 164
1 9 2 1 164
3 3 3 1 164
3 3 6 1 164
3 3 3 4 164
3 3 3 7 164
3 3 6 4 164
3 3 6 7 164
1 9 9 1 164
9 1 0 0 165
9 1 0 1 165
9 1 0 2 165
9 1 0 3 165
9 1 0 4 165
9 1 0 5 165
9 1 0 6 165
9 1 0 7 165
9 1 0 8 165
9 1 0 9 165
1 9 9 0 165
9 1 0 0 166
9 1 0 1 166
9 1 0 2 166
9 1 0 3 166
9 1 0 4 166
9 1 0 5 166
9 1 0 6 166
3 3 0 7 166
3 3 3 7 166
3 3 6 7 166
1 9 9 0 166
9 1 0 0 167
9 1 0 1 167
9 1 0 2 167
3 3 0 3 167
3 3 0 6 167
3 3 3 3 167
3 3 3 6 167
3 3 6 3 167
3 3 6 6 167
9 1 0 9 167
1 9 9 0 167
9 1 0 0 168
1 9 0 1 168
1 9 1 1 168
1 9 2 1 168
3 3 3 1 168
3 3 6 1 168
3 3 3 4 168
3 3 3 7 168
3 3 6 4 168
3 3 6 7 168
1 9 9 0 168
1 9 0 0 169
9 1 1 0 169
9 1 1 1 169
9 1 1 2 169
9 1 1 3 169
9 1 1 4 169
9 1 1 5 169
9 1 1 6 169
9 1 1 7 169
9 1 1 8 169
9 1 0 9 169
9 1 0 0 170
9 1 0 1 170
9 1 0 2 170
9 1 0 3 170
9 1 0 4 170
9 1 0 5 170
9 1 0 6 170
9 1 0 7 170
9 1 0 8 170
9 1 0 9 170
1 9 9 0 170
9 1 0 0 171
3 3 0 1 171
3 3 0 4 171
3 3 0 7 171
3 3 3 1 171
3 3 6 1 171
3 3 3 4 171
3 3 3 7 171
3 3 6 4 171
3 3 6 7 171
1 9 9 0 171
9 1 0 0 172
9 1 0 1 172
9 1 0 2 172
9 1 0 3 172
9 1 0 4 172
9 1 0 5 172
9 1 0 6 172
9 1 0 7 172
9 1 0 8 172
9 1 0 9 172
1 9 9 0 172
9 1 0 0 173
9 1 0 1 173
9 1 0 2 173
9 1 0 3 173
9 1 0 4 173
9 1 0 5 173
9 1 0 6 173
9 1 0 7 173
9 1 0 8 173
9 1 0 9 173
1 9 9 0 173
9 1 0 0 174
3 3 0 1 174
3 3 0 4 174
1 9 3 1 174
3 3 0 7 174
1 9 4 1 174
3 3 5 1 174
3 3 5 4 174
3 3 5 7 174
1 9 8 1 174
1 9 9 0 174
9 1 0 0 175
9 1 0 1 175
9 1 0 2 175
9 1 0 3 175
9 1 0 4 175
9 1 0 5 175
9 1 0 6 175
9 1 0 7 175
9 1 0 8 175
9 1 0 9 175
1 9 9 0 175
9 1 0 0 176
9 1 0 1 176
9 1 0 2 176
9 1 0 3 176
9 1 0 4 176
9 1 0 5 176
9 1 0 6 176
9 1 0 7 176
9 1 0 8 176
1 9 9 0 176
9 1 0 9 176
3 3 0 0 177
3 3 0 3 177
1 9 3 0 177
3 3 0 6 177
1 9 4 0 177
3 3 5 0 177
3 3 5 3 177
3 3 5 6 177
1 9 8 0 177
1 9 9 0 177
9 1 0 9 177
9 1 0 0 178
9 1 0 1 178
9 1 0 2 178
9 1 0 3 178
9 1 0 4 178
9 1 0 5 178
9 1 0 6 178
9 1 0 7 178
9 1 0 8 178
9 1 0 9 178
1 9 9 0 178
9 1 0 0 179
1 9 0 1 179
9 1 1 1 179
9 1 1 2 179
9 1 1 3 179
9 1 1 4 179
3 3 1 5 179
3 3 4 5 179
3 3 7 5 179
9 1 1 8 179
9 1 1 9 179
9 1 0 0 180
1 9 0 1 180
1 9 1 1 180
1 9 2 1 180
1 9 3 1 180
3 3 4 1 180
3 3 7 1 180
3 3 4 4 180
3 3 4 7 180
3 3 7 4 180
3 3 7 7 180
9 1 0 0 181
9 1 0 1 181
9 1 0 2 181
9 1 0 3 181
9 1 0 4 181
9 1 0 5 181
9 1 0 6 181
9 1 0 7 181
9 1 0 8 181
1 9 9 0 181
9 1 0 9 181
9 1 0 0 182
9 1 0 1 182
9 1 0 2 182
9 1 0 3 182
9 1 0 4 182
9 1 0 5 182
9 1 0 6 182
9 1 0 7 182
9 1 0 8 182
9 1 0 9 182
1 9 9 0 182
9 1 0 0 183
1 9 0 1 183
9 1 1 1 183
9 1 1 2 183
9 1 1 3 183
3 3 1 4 183
3 3 1 7 183
3 3 4 4 183
3 3 4 7 183
3 3 7 4 183
3 3 7 7 183
9 1 0 0 184
9 1 0 1 184
9 1 0 2 184
9 1 0 3 184
9 1 0 4 184
9 1 0 5 184
9 1 0 6 184
3 3 0 7 184
3 3 3 7 184
3 3 6 7 184
1 9 9 0 184
9 1 0 0 185
9 1 0 1 185
9 1 0 2 185
9 1 0 3 185
9 1 0 4 185
3 3 0 5 185
3 3 3 5 185
3 3 6 5 185
9 1 0 8 185
9 1 0 9 185
1 9 9 0 185
9 1 0 0 186
9 1 0 1 186
9 1 0 2 186
9 1 0 3 186
9 1 0 4 186
9 1 0 5 186
3 3 0 6 186
3 3 3 6 186
3 3 6 6 186
1 9 9 0 186
9 1 0 9 186
9 1 0 0 187
9 1 0 1 187
9 1 0 2 187
9 1 0 3 187
9 1 0 4 187
9 1 0 5 187
9 1 0 6 187
9 1 0 7 187
9 1 0 8 187
9 1 0 9 187
1 9 9 0 187
9 1 0 0 188
9 1 0 1 188
9 1 0 2 188
9 1 0 3 188
9 1 0 4 188
9 1 0 5 188
3 3 0 6 188
3 3 3 6 188
3 3 6 6 188
9 1 0 9 188
1 9 9 0 188
1 9 0 0 189
9 1 1 0 189
9 1 1 1 189
9 1 1 2 189
9 1 1 3 189
9 1 1 4 189
9 1 1 5 189
9 1 1 6 189
9 1 1 7 189
9 1 1 8 189
9 1 0 9 189
3 3 0 0 190
1 9 3 0 190
1 9 4 0 190
1 9 5 0 190
3 3 0 3 190
3 3 0 6 190
3 3 6 0 190
3 3 6 3 190
3 3 6 6 190
9 1 0 9 190
1 9 9 0 190
9 1 0 0 191
9 1 0 1 191
9 1 0 2 191
9 1 0 3 191
9 1 0 4 191
9 1 0 5 191
9 1 0 6 191
9 1 0 7 191
9 1 0 8 191
9 1 0 9 191
1 9 9 0 191
9 1 0 0 192
9 1 0 1 192
9 1 0 2 192
9 1 0 3 192
9 1 0 4 192
9 1 0 5 192
9 1 0 6 192
9 1 0 7 192
9 1 0 8 192
9 1 0 9 192
1 9 9 0 192
9 1 0 0 193
1 9 0 1 193
9 1 1 1 193
9 1 1 2 193
9 1 1 3 193
9 1 1 4 193
9 1 1 5 193
9 1 1 6 193
9 1 1 7 193
9 1 1 8 193
9 1 1 9 193
9 1 0 0 194
9 1 0 1 194
9 1 0 2 194
9 1 0 3 194
9 1 0 4 194
9 1 0 5 194
9 1 0 6 194
3 3 0 7 194
3 3 3 7 194
3 3 6 7 194
1 5 9 0 194
1 5 9 5 194
9 1 0 0 195
1 9 0 1 195
9 1 1 1 195
9 1 1 2 195
9 1 1 3 195
9 1 1 4 195
9 1 1 5 195
9 1 1 6 195
3 3 1 7 195
4 2 4 7 195
2 3 8 7 195
4 1 4 9 195
2 4 0 0 196
2 4 0 4 196
2 4 2 0 196
2 4 2 4 196
4 2 0 8 196
4 2 4 0 196
4 2 4 2 196
4 2 4 4 196
4 2 4 6 196
4 2 4 8 196
2 4 8 0 196
2 4 8 4 196
2 2 8 8 196
4 2 0 0 197
4 2 4 0 197
4 2 0 2 197
2 4 0 4 197
2 4 2 4 197
2 4 4 2 197
2 4 4 6 197
4 2 0 8 197
4 2 6 2 197
4 2 6 4 197
2 4 6 6 197
2 4 8 6 197
2 2 8 0 197
4 2 0 0 198
4 2 4 0 198
2 4 0 2 198
2 4 0 6 198
4 2 2 2 198
2 4 2 4 198
2 4 4 4 198
2 4 6 2 198
4 2 2 8 198
2 4 6 6 198
2 4 8 0 198
2 4 8 4 198
2 2 8 8 198
4 2 0 0 199
4 2 4 0 199
4 2 0 2 199
2 4 0 4 199
2 4 2 4 199
2 4 4 2 199
4 2 0 8 199
2 4 4 6 199
2 4 6 2 199
2 4 6 6 199
2 4 8 0 199
2 4 8 4 199
2 2 8 8 199
4 2 0 0 200
4 2 4 0 200
4 2 0 2 200
2 4 0 4 200
4 2 4 2 200
2 4 8 0 200
2 4 2 4 200
4 2 0 8 200
4 2 4 4 200
4 2 4 6 200
4 2 4 8 200
2 4 8 4 200
2 2 8 8 200
2 4 0 0 201
2 4 0 4 201
2 4 2 0 201
2 4 2 4 201
2 4 4 0 201
4 2 0 8 201
4 2 6 0 201
4 2 6 2 201
2 4 4 4 201
2 4 6 4 201
2 4 8 4 201
4 2 4 8 201
2 2 8 8 201
4 2 0 0 202
2 4 0 2 202
4 2 4 0 202
4 2 2 2 202
4 2 6 2 202
2 4 0 6 202
2 4 2 4 202
2 4 4 4 202
2 4 6 4 202
2 4 8 4 202
4 2 2 8 202
4 2 6 8 202
2 2 8 0 202
2 4 0 0 203
2 4 0 4 203
2 4 2 0 203
4 2 4 0 203
2 4 2 4 203
4 2 0 8 203
4 2 4 2 203
4 2 4 4 203
2 4 8 0 203
2 4 4 6 203
4 2 6 6 203
4 2 6 8 203
2 2 8 4 203
2 4 0 0 204
2 4 0 4 204
4 2 2 0 204
4 2 6 0 204
4 2 2 2 204
4 2 6 2 204
4 2 2 4 204
2 4 2 6 204
2 4 4 6 204
4 2 6 4 204
4 2 6 6 204
4 2 6 8 204
2 2 0 8 204
4 2 0 0 205
2 4 0 2 205
2 4 0 6 205
2 4 2 2 205
4 2 4 0 205
4 2 4 2 205
4 2 4 4 205
2 4 8 0 205
4 2 2 6 205
2 4 6 6 205
2 4 8 4 205
4 2 2 8 205
2 2 8 8 205
2 4 0 0 206
2 4 0 4 206
4 2 2 0 206
4 2 6 0 206
2 4 2 2 206
2 4 2 6 206
4 2 4 2 206
4 2 4 4 206
2 4 8 2 206
2 4 4 6 206
2 4 6 6 206
2 4 8 6 206
2 2 0 8 206
4 2 0 0 207
4 2 4 0 207
4 2 0 2 207
2 4 0 4 207
4 2 4 2 207
4 2 2 4 207
4 2 2 6 207
4 2 0 8 207
2 4 8 0 207
4 2 6 4 207
2 4 6 6 207
2 4 8 6 207
2 2 4 8 207
2 4 0 0 208
4 2 2 0 208
4 2 6 0 208
4 2 2 2 208
4 2 6 2 208
2 4 0 4 208
4 2 2 4 208
2 4 2 6 208
4 2 6 4 208
4 2 4 6 208
4 2 4 8 208
2 4 8 6 208
2 2 0 8 208
4 2 0 0 209
4 2 4 0 209
2 4 0 2 209
4 2 2 2 209
4 2 6 2 209
2 4 0 6 209
2 4 2 4 209
4 2 4 4 209
4 2 4 6 209
2 4 8 4 209
4 2 2 8 209
4 2 6 8 209
2 2 8 0 209
4 2 0 0 210
2 4 0 2 210
4 2 4 0 210
4 2 2 2 210
4 2 6 2 210
2 4 0 6 210
2 4 2 4 210
2 4 4 4 210
2 4 6 4 210
4 2 2 8 210
2 4 8 4 210
4 2 6 8 210
2 2 8 0 210
2 4 0 0 211
2 4 0 4 211
2 4 2 0 211
4 2 4 0 211
2 4 2 4 211
4 2 0 8 211
2 4 4 2 211
4 2 6 2 211
4 2 6 4 211
4 2 4 6 211
2 4 8 6 211
4 2 4 8 211
2 2 8 0 211
2 4 0 0 212
2 4 0 4 212
2 4 2 0 212
4 2 4 0 212
4 2 4 2 212
4 2 2 4 212
4 2 2 6 212
4 2 0 8 212
4 2 6 4 212
3 2 6 6 212
3 2 4 8 212
3 2 7 8 212
2 3 8 0 212
1 2 9 6 212
2 1 8 3 212
3 2 0 0 213
3 2 3 0 213
2 3 0 2 213
3 2 6 0 213
2 3 0 5 213
3 2 2 2 213
2 3 2 4 213
2 3 2 7 213
3 2 5 2 213
2 3 4 4 213
2 3 4 7 213
2 3 6 4 213
3 2 6 7 213
2 3 8 2 213
2 2 0 8 213
2 2 8 5 213
1 2 9 0 213
1 2 9 7 213
2 1 6 9 213
2 1 8 9 213
2 3 0 0 214
3 2 2 0 214
3 2 5 0 214
3 2 2 2 214
3 2 5 2 214
3 2 2 4 214
2 3 8 0 214
3 2 2 6 214
3 2 2 8 214
2 3 5 4 214
3 2 7 4 214
2 3 5 7 214
2 3 7 6 214
2 3 0 3 214
2 3 0 6 214
1 4 9 6 214
2 1 8 3 214
2 1 7 9 214
2 1 0 9 214
3 2 0 0 215
2 3 0 2 215
3 2 3 0 215
2 3 0 5 215
2 3 2 2 215
3 2 6 0 215
2 3 2 5 215
3 2 0 8 215
3 2 4 2 215
3 2 7 2 215
2 3 4 4 215
2 3 4 7 215
2 3 6 4 215
3 2 6 7 215
2 3 8 4 215
1 2 9 0 215
1 2 3 8 215
2 1 6 9 215
1 2 9 7 215
2 1 8 9 215
3 2 0 0 216
2 3 0 2 216
3 2 3 0 216
3 2 6 0 216
2 3 0 5 216
2 3 2 2 216
3 2 4 2 216
2 3 2 5 216
2 3 4 4 216
3 2 7 2 216
2 3 4 7 216
2 3 6 4 216
2 3 8 4 216
3 2 0 8 216
2 3 6 7 216
2 3 8 7 216
1 2 9 0 216
1 2 3 8 216
3 2 0 0 217
3 2 3 0 217
2 3 0 2 217
3 2 6 0 217
3 2 2 2 217
2 3 0 5 217
2 3 2 4 217
3 2 5 2 217
2 3 2 7 217
3 2 4 4 217
2 3 4 6 217
2 3 6 6 217
3 2 7 4 217
2 3 8 6 217
5 1 4 9 217
2 2 0 8 217
2 2 8 2 217
1 2 9 0 217
3 2 0 0 218
2 3 0 2 218
2 3 0 5 218
3 2 3 0 218
2 3 2 2 218
3 2 6 0 218
3 2 4 2 218
2 3 2 5 218
2 3 4 4 218
2 3 4 7 218
3 2 7 2 218
3 2 0 8 218
3 2 6 4 218
2 3 6 6 218
2 3 8 6 218
4 1 6 9 218
1 2 9 0 218
1 2 3 8 218
1 2 9 4 218
3 2 0 0 219
2 3 0 2 219
2 3 0 5 219
3 2 3 0 219
2 3 2 2 219
2 3 2 5 219
3 2 6 0 219
2 3 4 2 219
3 2 0 8 219
2 3 6 2 219
2 3 8 2 219
3 2 4 5 219
2 3 4 7 219
2 3 7 5 219
3 2 7 8 219
1 2 9 0 219
1 2 3 8 219
1 2 6 7 219
1 2 9 5 219
2 3 0 0 220
3 2 2 0 220
2 3 0 3 220
2 3 0 6 220
3 2 5 0 220
3 2 2 2 220
3 2 5 2 220
2 3 8 0 220
3 2 2 4 220
3 2 2 6 220
2 3 5 4 220
3 2 2 8 220
2 3 5 7 220
2 3 7 4 220
3 2 7 7 220
2 1 0 9 220
2 1 8 3 220
2 1 7 9 220
1 2 9 4 220
2 3 0 0 221
2 3 0 3 221
3 2 2 0 221
2 3 0 6 221
3 2 5 0 221
2 3 2 2 221
2 3 2 5 221
3 2 4 2 221
3 2 7 2 221
2 3 4 4 221
2 3 4 7 221
2 3 6 4 221
2 3 8 4 221
2 3 6 7 221
2 3 8 7 221
2 2 8 0 221
2 2 2 8 221
2 1 0 9 221
3 2 0 0 222
3 2 3 0 222
2 3 0 2 222
2 3 0 5 222
2 3 2 2 222
2 3 2 5 222
2 3 4 2 222
3 2 0 8 222
3 2 4 5 222
2 3 4 7 222
2 3 6 0 222
2 3 7 5 222
3 2 7 8 222
2 3 8 0 222
3 2 6 3 222
1 5 9 3 222
1 2 3 8 222
1 2 6 7 222
2 3 0 0 223
2 3 0 3 223
3 2 2 0 223
2 3 0 6 223
2 3 2 2 223
3 2 5 0 223
2 3 2 5 223
2 3 4 2 223
3 2 6 2 223
3 2 4 5 223
3 2 4 7 223
3 2 7 5 223
3 2 7 7 223
5 1 4 9 223
2 2 8 0 223
2 2 2 8 223
2 1 0 9 223
2 1 6 4 223
1 2 9 2 223
2 1 8 4 223
2 3 0 0 224
3 2 2 0 224
3 2 5 0 224
3 2 2 2 224
2 3 0 3 224
3 2 5 2 224
3 2 2 4 224
2 3 8 0 224
3 2 0 6 224
2 3 3 6 224
2 3 5 4 224
2 3 5 7 224
3 2 0 8 224
3 2 7 4 224
3 2 7 6 224
3 2 7 8 224
2 1 8 3 224
2 1 3 9 224
2 3 0 0 225
3 2 2 0 225
3 2 5 0 225
2 3 0 3 225
3 2 2 2 225
2 3 0 6 225
3 2 5 2 225
3 2 2 4 225
2 3 8 0 225
3 2 2 6 225
2 3 5 4 225
2 3 5 7 225
3 2 2 8 225
2 3 7 4 225
3 2 7 7 225
2 1 0 9 225
2 1 8 3 225
2 1 7 9 225
1 2 9 4 225
2 3 0 0 226
2 3 0 3 226
2 3 0 6 226
3 2 2 0 226
2 3 2 2 226
2 3 2 5 226
3 2 5 0 226
2 3 4 2 226
2 3 6 2 226
3 2 4 5 226
3 2 4 7 226
3 2 7 5 226
1 5 8 0 226
1 5 9 0 226
2 2 2 8 226
2 2 7 7 226
4 1 4 9 226
2 1 0 9 226
1 2 9 7 226
2 1 8 9 226
5 1 0 0 227
5 1 5 0 227
5 1 0 1 227
5 1 5 1 227
5 1 0 2 227
5 1 5 2 227
5 1 0 3 227
5 1 5 3 227
5 1 0 4 227
5 1 0 5 227
5 1 0 6 227
5 1 0 7 227
5 1 0 8 227
5 1 0 9 227
5 1 5 4 227
5 1 5 5 227
5 1 5 6 227
5 1 5 7 227
5 1 5 8 227
5 1 5 9 227
5 1 0 0 228
5 1 5 0 228
5 1 0 1 228
5 1 5 1 228
5 1 0 2 228
5 1 5 2 228
5 1 0 3 228
5 1 5 3 228
5 1 0 4 228
5 1 0 5 228
5 1 0 6 228
5 1 0 7 228
5 1 0 8 228
5 1 0 9 228
5 1 5 4 228
5 1 5 5 228
5 1 5 6 228
5 1 5 7 228
5 1 5 8 228
5 1 5 9 228
5 1 0 0 229
5 1 5 0 229
5 1 0 1 229
5 1 5 1 229
5 1 0 2 229
5 1 5 2 229
5 1 0 3 229
5 1 5 3 229
5 1 0 4 229
5 1 0 5 229
5 1 0 6 229
1 5 5 4 229
5 1 0 7 229
5 1 0 8 229
1 5 6 4 229
5 1 0 9 229
1 5 7 4 229
1 5 8 4 229
1 5 9 4 229
5 1 5 9 229
5 1 0 0 230
5 1 5 0 230
5 1 0 1 230
5 1 5 1 230
5 1 0 2 230
5 1 5 2 230
5 1 0 3 230
5 1 5 3 230
5 1 0 4 230
1 5 0 5 230
1 5 1 5 230
1 5 2 5 230
1 5 3 5 230
1 5 4 5 230
1 5 5 4 230
1 5 6 4 230
1 5 7 4 230
1 5 8 4 230
1 5 9 4 230
5 1 5 9 230
5 1 0 0 231
5 1 5 0 231
5 1 0 1 231
5 1 5 1 231
5 1 0 2 231
5 1 5 2 231
1 5 0 3 231
1 5 1 3 231
5 1 2 3 231
1 5 2 4 231
1 5 3 4 231
5 1 4 4 231
5 1 4 5 231
5 1 4 6 231
5 1 4 7 231
5 1 4 8 231
5 1 2 9 231
1 5 9 4 231
2 2 0 8 231
2 1 7 3 231
2 1 7 9 231
1 5 0 0 232
1 5 0 5 232
5 1 1 0 232
1 5 1 1 232
1 5 2 1 232
5 1 3 1 232
1 5 3 2 232
5 1 4 2 232
1 5 4 3 232
1 5 5 3 232
1 5 6 3 232
1 5 7 3 232
1 5 8 3 232
5 1 4 8 232
5 1 4 9 232
1 5 9 2 232
1 4 1 6 232
1 4 2 6 232
4 1 6 0 232
2 1 8 1 232
1 2 3 7 232
1 2 9 7 232
1 5 0 0 233
5 1 1 0 233
5 1 1 1 233
5 1 1 2 233
1 5 0 5 233
5 1 1 3 233
1 5 1 4 233
5 1 2 4 233
5 1 2 5 233
5 1 2 6 233
5 1 2 7 233
1 5 7 4 233
1 5 8 4 233
5 1 2 8 233
1 5 9 4 233
5 1 1 9 233
4 1 6 9 233
1 4 6 0 233
1 4 7 0 233
1 4 8 0 233
1 4 9 0 233
1 5 0 0 234
5 1 1 0 234
1 5 0 5 234
1 5 1 1 234
5 1 2 1 234
1 5 2 2 234
5 1 3 2 234
1 5 3 3 234
5 1 4 3 234
1 5 4 4 234
1 5 5 4 234
1 5 6 4 234
1 5 7 4 234
1 5 8 4 234
5 1 4 9 234
1 5 9 3 234
1 4 1 6 234
4 1 6 0 234
1 2 3 8 234
1 2 9 8 234
2 1 8 2 234
2 1 7 1 234
1 2 2 7 234
5 1 0 0 235
1 5 0 1 235
1 5 1 1 235
1 5 2 1 235
5 1 5 0 235
1 5 3 1 235
5 1 4 1 235
5 1 4 2 235
1 5 4 3 235
1 5 5 3 235
1 5 6 3 235
1 5 7 3 235
1 5 8 3 235
1 5 9 1 235
5 1 4 8 235
5 1 4 9 235
1 4 9 6 235
1 4 0 6 235
1 4 1 6 235
1 4 2 6 235
1 4 3 6 235
5 1 0 0 236
5 1 5 0 236
5 1 0 1 236
5 1 5 1 236
1 5 0 2 236
5 1 1 2 236
1 5 1 3 236
1 5 2 3 236
5 1 3 3 236
5 1 3 4 236
1 5 3 5 236
5 1 4 5 236
5 1 4 6 236
5 1 4 7 236
5 1 4 8 236
1 5 9 5 236
5 1 4 9 236
4 1 6 2 236
2 2 1 8 236
2 2 8 3 236
1 2 0 7 236
1 5 0 0 237
1 5 0 5 237
1 5 1 0 237
1 5 1 5 237
1 5 2 0 237
1 5 2 5 237
1 5 3 0 237
1 5 3 5 237
5 1 4 0 237
5 1 4 1 237
1 5 4 2 237
1 5 5 2 237
1 5 6 2 237
1 5 7 2 237
1 5 8 2 237
1 5 9 0 237
5 1 4 7 237
5 1 4 8 237
1 5 9 5 237
5 1 4 9 237
5 1 0 0 238
5 1 5 0 238
5 1 0 1 238
5 1 5 1 238
5 1 0 2 238
5 1 5 2 238
1 5 0 3 238
1 5 1 3 238
1 5 2 3 238
5 1 3 3 238
5 1 3 4 238
5 1 3 5 238
5 1 3 6 238
5 1 3 7 238
1 5 8 3 238
5 1 0 8 238
1 5 9 3 238
5 1 0 9 238
5 1 5 8 238
5 1 5 9 238
5 1 0 0 239
1 5 0 1 239
5 1 5 0 239
1 5 1 1 239
5 1 2 1 239
5 1 2 2 239
1 5 2 3 239
1 5 3 3 239
1 5 4 3 239
5 1 5 3 239
1 5 5 4 239
1 5 6 4 239
1 5 7 4 239
1 5 8 4 239
1 5 9 4 239
5 1 5 9 239
1 4 0 6 239
1 4 1 6 239
2 2 7 1 239
2 2 2 8 239
1 2 9 1 239
1 2 4 8 239
1 5 0 0 240
5 1 1 0 240
1 5 0 5 240
1 5 1 1 240
1 5 2 1 240
5 1 3 1 240
5 1 3 2 240
5 1 3 3 240
1 5 3 4 240
1 5 4 4 240
1 5 5 4 240
1 5 6 4 240
1 5 7 4 240
1 5 8 1 240
5 1 3 9 240
1 5 9 1 240
1 4 1 6 240
1 4 2 6 240
1 4 8 6 240
1 4 9 6 240
4 1 6 0 240
5 1 0 0 241
5 1 5 0 241
5 1 0 1 241
1 5 0 2 241
1 5 1 2 241
5 1 5 1 241
5 1 2 2 241
5 1 2 3 241
5 1 2 4 241
1 5 2 5 241
5 1 3 5 241
5 1 3 6 241
5 1 3 7 241
1 5 8 5 241
1 5 9 5 241
5 1 3 8 241
5 1 3 9 241
2 2 0 7 241
2 2 7 2 241
2 1 0 9 241
2 1 7 4 241
1 2 9 2 241
1 5 0 0 242
1 5 0 5 242
1 5 1 0 242
1 5 1 5 242
1 5 2 0 242
1 5 2 5 242
1 5 3 0 242
5 1 4 0 242
5 1 4 1 242
1 5 3 5 242
1 5 4 2 242
1 5 5 2 242
1 5 6 2 242
1 5 7 2 242
5 1 4 7 242
5 1 4 8 242
5 1 4 9 242
1 5 8 2 242
1 5 9 0 242
1 5 9 5 242
5 1 0 0 243
5 1 5 0 243
1 5 0 1 243
1 5 1 1 243
1 5 2 1 243
5 1 3 1 243
5 1 3 2 243
1 5 3 3 243
5 1 4 3 243
5 1 4 4 243
1 5 4 5 243
5 1 5 5 243
5 1 5 6 243
5 1 5 7 243
5 1 5 8 243
5 1 5 9 243
1 4 0 6 243
1 4 1 6 243
1 4 2 6 243
2 2 8 1 243
1 2 3 8 243
1 2 9 3 243
1 5 0 0 244
5 1 1 0 244
5 1 1 1 244
1 5 0 5 244
1 5 1 2 244
1 5 2 2 244
1 5 3 2 244
1 5 4 2 244
5 1 5 2 244
1 5 5 3 244
1 5 6 3 244
1 5 7 3 244
1 5 8 3 244
1 5 9 3 244
5 1 5 8 244
5 1 5 9 244
4 1 6 0 244
4 1 6 1 244
4 1 1 7 244
4 1 1 8 244
4 1 1 9 244
5 1 0 0 245
5 1 5 0 245
1 5 0 1 245
1 5 1 1 245
1 5 2 1 245
1 5 3 1 245
1 5 4 1 245
1 5 5 1 245
5 1 0 6 245
5 1 0 7 245
5 1 0 8 245
5 1 0 9 245
1 5 6 1 245
1 5 7 1 245
5 1 5 6 245
5 1 5 7 245
1 5 8 1 245
1 5 9 1 245
5 1 5 8 245
5 1 5 9 245
1 5 0 0 246
5 1 1 0 246
5 1 1 1 246
1 5 0 5 246
1 5 1 2 246
5 1 2 2 246
5 1 2 3 246
5 1 2 4 246
1 5 2 5 246
1 5 3 5 246
1 5 4 5 246
5 1 5 5 246
5 1 5 6 246
5 1 5 7 246
5 1 5 8 246
5 1 5 9 246
4 1 6 0 246
4 1 6 1 246
2 2 7 2 246
2 1 7 4 246
1 2 1 7 246
1 2 9 2 246
5 1 0 0 247
1 5 0 1 247
1 5 1 1 247
1 5 2 1 247
1 5 3 1 247
1 5 4 1 247
1 5 5 0 247
5 1 0 6 247
1 5 6 0 247
5 1 0 7 247
1 5 7 0 247
5 1 0 8 247
5 1 0 9 247
5 1 5 5 247
1 5 8 0 247
1 5 9 0 247
5 1 5 6 247
5 1 5 7 247
5 1 5 8 247
5 1 5 9 247
2 2 0 0 248
2 2 0 2 248
2 2 0 4 248
2 2 0 6 248
1 4 2 0 248
2 2 0 8 248
1 4 2 4 248
2 2 3 0 248
4 1 5 0 248
2 2 3 2 248
2 2 5 2 248
4 1 5 1 248
2 2 7 2 248
4 1 3 4 248
1 4 9 0 248
4 1 3 5 248
2 2 7 4 248
2 2 3 6 248
2 2 2 8 248
1 4 5 6 248
1 4 6 6 248
2 2 7 6 248
1 4 9 4 248
2 2 7 8 248
1 2 4 8 248
1 2 9 8 248
2 2 0 0 249
1 4 0 2 249
2 2 0 6 249
2 2 0 8 249
2 2 2 0 249
4 1 4 0 249
2 2 8 0 249
1 4 1 2 249
4 1 4 1 249
4 1 2 2 249
2 2 2 3 249
2 2 2 5 249
4 1 6 2 249
2 2 2 7 249
2 2 4 3 249
2 2 6 3 249
2 2 8 3 249
2 2 4 5 249
2 2 4 7 249
2 2 6 5 249
2 2 8 5 249
2 2 6 7 249
2 2 8 7 249
4 1 2 9 249
4 1 6 9 249
1 4 0 0 250
2 2 1 0 250
2 2 3 0 250
4 1 5 0 250
1 4 0 4 250
2 2 1 2 250
2 2 1 4 250
1 4 1 6 250
2 2 3 2 250
2 2 5 2 250
2 2 7 2 250
1 4 2 6 250
2 2 3 4 250
2 2 3 6 250
1 4 9 0 250
2 2 3 8 250
2 2 5 4 250
2 2 7 4 250
2 2 5 6 250
2 2 5 8 250
2 2 7 6 250
2 2 7 8 250
4 1 5 1 250
1 4 9 4 250
1 2 0 8 250
1 2 9 8 250
2 2 0 0 251
2 2 0 2 251
1 4 0 4 251
2 2 0 8 251
2 2 2 0 251
2 2 4 0 251
1 4 1 4 251
2 2 6 0 251
2 2 8 0 251
4 1 2 2 251
4 1 6 2 251
4 1 2 3 251
4 1 6 3 251
1 4 2 4 251
2 2 3 4 251
4 1 5 4 251
2 2 3 6 251
1 4 5 5 251
2 2 2 8 251
2 2 6 5 251
2 2 8 5 251
2 2 6 7 251
2 2 8 7 251
4 1 5 9 251
1 2 4 8 251
1 4 0 0 252
1 4 0 4 252
1 4 1 0 252
2 2 2 0 252
1 4 1 4 252
2 2 0 8 252
2 2 4 0 252
1 4 2 2 252
1 4 2 6 252
2 2 6 0 252
2 2 8 0 252
2 2 3 2 252
2 2 5 2 252
2 2 7 2 252
1 4 3 4 252
2 2 4 4 252
2 2 4 6 252
2 2 3 8 252
2 2 6 4 252
2 2 8 4 252
4 1 6 6 252
4 1 6 7 252
2 2 5 8 252
2 2 7 8 252
1 2 9 2 252
1 2 9 8 252
1 4 0 0 253
1 4 0 4 253
2 2 1 0 253
1 4 1 2 253
2 2 3 0 253
2 2 5 0 253
4 1 2 2 253
2 2 7 0 253
2 2 2 3 253
1 4 1 6 253
2 2 2 5 253
2 2 2 7 253
1 4 4 3 253
1 4 5 3 253
4 1 6 2 253
2 2 4 7 253
4 1 2 9 253
1 4 6 3 253
1 4 7 3 253
1 4 8 3 253
2 2 6 7 253
2 2 8 7 253
1 4 9 3 253
4 1 6 9 253
1 2 0 8 253
1 2 9 0 253
2 2 0 0 254
1 4 0 2 254
1 4 1 2 254
2 2 0 6 254
2 2 0 8 254
1 4 2 0 254
1 4 2 4 254
1 4 3 0 254
2 2 4 0 254
2 2 6 0 254
2 2 8 0 254
2 2 4 2 254
2 2 6 2 254
2 2 8 2 254
2 2 3 4 254
2 2 3 6 254
1 4 5 4 254
2 2 2 8 254
2 2 4 8 254
1 4 6 4 254
2 2 7 4 254
2 2 7 6 254
2 2 6 8 254
2 2 8 8 254
1 4 9 4 254
4 1 0 0 255
2 2 0 1 255
2 2 0 3 255
2 2 0 5 255
2 2 0 7 255
1 4 2 1 255
2 2 3 1 255
1 4 2 5 255
2 2 5 1 255
4 1 4 0 255
1 4 3 3 255
2 2 7 1 255
2 2 4 3 255
2 2 6 3 255
4 1 4 5 255
1 4 4 6 255
2 2 8 3 255
2 2 5 6 255
2 2 5 8 255
2 2 7 6 255
2 2 7 8 255
1 4 9 6 255
1 2 9 1 255
2 1 8 0 255
2 1 8 5 255
2 1 0 9 255
1 2 3 7 255
2 1 2 9 255
2 2 0 0 256
2 2 0 2 256
2 2 0 4 256
4 1 2 0 256
2 2 0 6 256
2 2 0 8 256
2 2 2 1 256
4 1 6 0 256
1 4 2 3 256
2 2 4 1 256
4 1 6 1 256
1 4 3 3 256
2 2 2 7 256
4 1 6 2 256
2 2 4 3 256
2 2 6 3 256
4 1 4 5 256
2 2 8 3 256
2 2 4 6 256
1 4 6 6 256
2 2 4 8 256
1 4 7 6 256
2 2 8 5 256
2 2 8 7 256
2 1 2 9 256
2 1 8 9 256
2 2 0 0 257
2 2 0 2 257
1 4 0 4 257
2 2 0 8 257
1 4 1 4 257
4 1 2 0 257
2 2 2 1 257
2 2 4 1 257
4 1 6 0 257
2 2 6 1 257
1 4 2 3 257
1 4 3 3 257
2 2 8 1 257
2 2 2 7 257
1 4 4 3 257
2 2 5 3 257
2 2 7 3 257
2 2 5 5 257
1 4 7 5 257
2 2 4 7 257
2 2 8 5 257
2 2 8 7 257
4 1 2 9 257
1 2 9 3 257
2 1 7 9 257
1 2 6 7 257
2 2 0 0 258
2 2 0 2 258
1 4 0 4 258
2 2 0 8 258
2 2 2 0 258
1 4 1 4 258
2 2 4 0 258
1 4 2 2 258
2 2 6 0 258
1 4 2 6 258
1 4 3 2 258
1 4 3 6 258
2 2 8 0 258
2 2 4 2 258
2 2 6 2 258
2 2 8 2 258
2 2 4 4 258
2 2 4 6 258
2 2 4 8 258
2 2 6 4 258
1 4 6 6 258
2 2 8 4 258
2 2 7 6 258
2 2 7 8 258
1 4 9 6 258
1 4 0 0 259
2 2 1 0 259
1 4 0 4 259
4 1 3 0 259
1 4 1 2 259
2 2 7 0 259
2 2 2 2 259
2 2 2 4 259
1 4 1 6 259
1 4 2 6 259
1 4 3 6 259
2 2 4 2 259
2 2 6 2 259
1 4 4 4 259
1 4 5 4 259
2 2 8 2 259
1 4 6 4 259
2 2 4 8 259
1 4 7 4 259
4 1 3 1 259
1 4 8 4 259
1 4 9 4 259
2 2 6 8 259
2 2 8 8 259
1 2 0 8 259
1 2 9 0 259
2 2 0 0 260
2 2 0 2 260
2 2 0 4 260
1 4 0 6 260
4 1 2 0 260
2 2 2 1 260
2 2 4 1 260
2 2 6 0 260
2 2 8 0 260
2 2 2 3 260
1 4 1 6 260
4 1 6 2 260
2 2 2 5 260
2 2 2 7 260
2 2 4 3 260
4 1 6 3 260
4 1 6 4 260
1 4 4 5 260
2 2 5 5 260
2 2 5 7 260
2 2 7 5 260
4 1 2 9 260
2 2 7 7 260
1 4 9 5 260
4 1 6 9 260
2 2 0 0 261
2 2 0 2 261
2 2 0 4 261
2 2 0 6 261
1 4 2 0 261
1 4 2 4 261
1 4 3 0 261
4 1 4 0 261
2 2 0 8 261
2 2 4 1 261
2 2 6 1 261
4 1 4 3 261
4 1 3 4 261
4 1 3 5 261
1 4 8 0 261
1 4 9 0 261
2 2 7 4 261
2 2 3 6 261
1 4 5 6 261
4 1 6 6 261
2 2 2 8 261
4 1 6 7 261
2 2 6 8 261
2 2 8 8 261
1 2 9 4 261
1 2 4 8 261
1 4 0 0 262
4 1 1 0 262
1 4 0 4 262
2 2 1 1 262
2 2 1 3 262
4 1 5 0 262
2 2 1 5 262
1 4 3 1 262
2 2 1 7 262
2 2 4 1 262
2 2 6 1 262
1 4 3 5 262
2 2 8 1 262
2 2 4 3 262
2 2 6 3 262
2 2 8 3 262
1 4 4 5 262
2 2 5 5 262
1 4 7 5 262
2 2 5 7 262
2 2 8 5 262
2 2 8 7 262
4 1 1 9 262
4 1 5 9 262
1 2 0 8 262
1 4 0 0 263
2 2 1 0 263
2 2 3 0 263
2 2 5 0 263
2 2 7 0 263
1 4 0 4 263
1 4 1 2 263
2 2 2 2 263
1 4 1 6 263
2 2 2 4 263
4 1 4 2 263
1 4 2 6 263
4 1 4 3 263
1 4 3 6 263
2 2 8 2 263
2 2 4 4 263
2 2 4 6 263
2 2 4 8 263
2 2 6 4 263
4 1 6 6 263
4 1 6 7 263
2 2 8 4 263
2 2 6 8 263
2 2 8 8 263
1 2 9 0 263
1 2 0 8 263
2 2 0 0 264
1 4 0 2 264
4 1 2 0 264
2 2 0 6 264
1 4 1 2 264
1 4 2 1 264
2 2 0 8 264
4 1 6 0 264
2 2 3 1 264
2 2 5 1 264
2 2 7 1 264
1 4 2 5 264
2 2 3 3 264
4 1 5 3 264
4 1 5 4 264
1 4 9 1 264
2 2 3 5 264
2 2 3 7 264
2 2 5 5 264
1 4 7 5 264
1 4 8 5 264
2 2 5 7 264
4 1 2 9 264
1 4 9 5 264
4 1 6 9 264
2 2 0 0 265
2 2 0 2 265
1 4 0 4 265
2 2 0 8 265
2 2 2 0 265
4 1 4 0 265
2 2 8 0 265
2 2 2 2 265
1 4 1 4 265
1 4 2 4 265
2 2 2 8 265
2 2 4 2 265
2 2 6 2 265
2 2 8 2 265
2 2 4 4 265
2 2 4 6 265
2 2 4 8 265
1 4 3 4 265
1 4 6 4 265
1 4 7 4 265
1 4 8 4 265
1 4 9 4 265
2 2 6 8 265
4 1 4 1 265
2 2 8 8 265
4 1 0 0 266
2 2 0 1 266
1 4 0 3 266
2 2 0 7 266
2 2 2 1 266
2 2 4 0 266
1 4 1 3 266
1 4 2 3 266
2 2 6 0 266
2 2 8 0 266
2 2 3 3 266
2 2 3 5 266
2 2 2 7 266
1 4 5 3 266
2 2 4 7 266
1 4 6 3 266
1 4 7 3 266
1 4 8 3 266
2 2 6 7 266
2 2 8 7 266
4 1 4 2 266
1 4 9 3 266
4 1 0 9 266
4 1 4 9 266
2 1 8 2 266
2 1 8 9 266
4 1 0 0 267
2 2 0 1 267
2 2 0 3 267
2 2 0 5 267
2 2 0 7 267
2 2 2 1 267
1 4 2 3 267
2 2 4 0 267
4 1 6 0 267
2 2 6 1 267
4 1 3 3 267
1 4 3 4 267
1 4 4 4 267
1 4 5 4 267
2 2 8 1 267
2 2 3 8 267
2 2 6 4 267
4 1 6 6 267
2 2 8 4 267
2 2 6 7 267
2 2 8 7 267
4 1 6 9 267
1 2 5 8 267
2 1 0 9 267
2 1 4 2 267
2 1 7 3 267
1 2 2 7 267
2 2 0 0 268
2 2 0 2 268
1 4 0 4 268
1 4 1 4 268
2 2 0 8 268
2 2 2 0 268
2 2 4 0 268
2 2 6 0 268
2 2 8 0 268
2 2 2 2 268
2 2 2 4 268
2 2 2 6 268
4 1 4 2 268
2 2 2 8 268
1 4 4 3 268
1 4 5 3 268
1 4 6 3 268
2 2 4 7 268
2 2 7 3 268
2 2 7 5 268
2 2 6 7 268
2 2 8 7 268
4 1 4 9 268
1 4 9 3 268
2 1 8 2 268
2 1 8 9 268
2 2 0 0 269
2 2 0 2 269
2 2 0 4 269
2 2 0 6 269
2 2 0 8 269
2 2 2 0 269
2 2 4 0 269
2 2 6 0 269
2 2 8 0 269
2 2 2 2 269
2 2 2 4 269
2 2 2 6 269
1 4 4 2 269
2 2 2 8 269
2 2 5 2 269
2 2 7 2 269
2 2 5 4 269
1 4 4 6 269
2 2 7 4 269
2 2 5 6 269
2 2 5 8 269
2 2 7 6 269
1 4 9 2 269
2 2 7 8 269
1 4 9 6 269
2 2 0 0 270
2 2 0 2 270
2 2 0 4 270
4 1 2 0 270
4 1 6 0 270
1 4 0 6 270
1 4 1 6 270
1 4 2 1 270
1 4 2 5 270
2 2 3 1 270
2 2 5 1 270
4 1 3 3 270
4 1 3 4 270
1 4 7 1 270
2 2 8 1 270
4 1 3 5 270
4 1 3 6 270
2 2 8 3 270
2 2 3 7 270
2 2 5 7 270
2 2 7 5 270
2 2 7 7 270
4 1 2 9 270
1 4 9 5 270
4 1 6 9 270
2 2 0 0 271
2 2 0 2 271
2 2 0 4 271
2 2 0 6 271
2 2 0 8 271
1 4 2 0 271
2 2 3 0 271
2 2 5 0 271
2 2 7 0 271
2 2 3 2 271
1 4 2 4 271
1 4 3 4 271
2 2 2 8 271
1 4 4 4 271
2 2 5 2 271
4 1 5 4 271
4 1 5 5 271
2 2 7 2 271
2 2 5 6 271
1 4 9 0 271
2 2 4 8 271
2 2 7 6 271
2 2 6 8 271
1 4 9 4 271
2 2 8 8 271
2 2 0 0 272
1 4 0 2 272
1 4 1 2 272
4 1 2 0 272
4 1 6 0 272
2 2 0 6 272
2 2 0 8 272
4 1 2 1 272
2 2 2 2 272
2 2 2 4 272
2 2 2 6 272
4 1 6 1 272
2 2 2 8 272
4 1 4 2 272
2 2 4 3 272
1 4 4 5 272
1 4 5 5 272
2 2 6 3 272
1 4 6 5 272
2 2 8 2 272
1 4 7 5 272
2 2 8 4 272
4 1 4 9 272
2 2 8 6 272
2 2 8 8 272
2 2 0 0 273
4 1 2 0 273
4 1 6 0 273
1 4 0 2 273
2 2 0 6 273
1 4 1 2 273
1 4 2 1 273
2 2 0 8 273
2 2 3 1 273
1 4 2 5 273
4 1 5 1 273
2 2 3 3 273
2 2 3 5 273
2 2 3 7 273
2 2 5 3 273
2 2 7 3 273
1 4 9 1 273
4 1 5 2 273
2 2 5 5 273
1 4 7 5 273
1 4 8 5 273
2 2 5 7 273
1 4 9 5 273
4 1 2 9 273
4 1 6 9 273
1 4 0 0 274
2 2 1 0 274
2 2 3 0 274
2 2 5 0 274
2 2 7 0 274
2 2 1 2 274
2 2 0 4 274
4 1 3 2 274
2 2 0 6 274
2 2 0 8 274
2 2 3 3 274
2 2 3 5 274
2 2 3 7 274
2 2 5 3 274
2 2 7 2 274
2 2 5 5 274
1 4 9 0 274
2 2 5 7 274
2 2 7 4 274
1 4 2 4 274
1 4 7 6 274
2 2 8 6 274
2 2 8 8 274
4 1 3 9 274
1 2 9 4 274
1 2 2 8 274
2 2 0 0 275
1 4 0 2 275
2 2 0 6 275
4 1 2 0 275
1 4 1 2 275
2 2 0 8 275
1 4 2 1 275
4 1 6 0 275
1 4 2 5 275
4 1 3 1 275
2 2 3 2 275
2 2 5 2 275
4 1 3 4 275
2 2 7 1 275
2 2 7 3 275
2 2 3 5 275
2 2 3 7 275
2 2 5 5 275
2 2 5 7 275
1 4 9 1 275
2 2 7 5 275
4 1 2 9 275
2 2 7 7 275
1 4 9 5 275
4 1 6 9 275
4 1 0 0 276
2 2 0 1 276
4 1 4 0 276
2 2 0 3 276
2 2 0 5 276
2 2 0 7 276
2 2 2 1 276
4 1 4 1 276
2 2 8 0 276
2 2 2 3 276
2 2 2 5 276
4 1 4 2 276
2 2 2 7 276
1 4 4 3 276
4 1 0 9 276
2 2 5 3 276
1 4 5 5 276
2 2 7 3 276
2 2 6 5 276
2 2 8 5 276
2 2 6 7 276
2 2 8 7 276
4 1 5 9 276
1 2 9 3 276
2 1 8 2 276
1 2 4 7 276
4 1 0 0 277
4 1 4 0 277
2 2 0 1 277
2 2 0 3 277
1 4 0 5 277
4 1 2 1 277
2 2 2 2 277
2 2 2 4 277
2 2 2 6 277
2 2 2 8 277
2 2 4 2 277
2 2 6 1 277
2 2 8 0 277
2 2 8 2 277
2 2 4 4 277
2 2 4 6 277
1 4 1 5 277
2 2 4 8 277
2 2 6 4 277
4 1 6 6 277
2 2 8 4 277
2 2 6 7 277
2 2 8 7 277
4 1 6 9 277
2 1 6 3 277
2 1 0 9 277
2 2 0 0 278
2 2 0 2 278
1 4 0 4 278
1 4 1 4 278
2 2 0 8 278
2 2 2 0 278
2 2 4 0 278
1 4 2 2 278
2 2 6 0 278
2 2 8 0 278
2 2 3 2 278
4 1 5 2 278
4 1 5 3 278
2 2 3 4 278
1 4 2 6 278
2 2 3 6 278
1 4 5 4 278
1 4 6 4 278
4 1 3 8 278
1 4 7 4 278
2 2 8 4 278
4 1 3 9 278
2 2 8 6 278
2 2 7 8 278
1 2 9 2 278
1 2 9 8 278
2 2 0 0 279
1 4 0 2 279
1 4 1 2 279
2 2 0 6 279
2 2 0 8 279
2 2 2 0 279
2 2 4 0 279
2 2 6 0 279
2 2 8 0 279
4 1 2 2 279
2 2 2 3 279
2 2 2 5 279
1 4 4 3 279
1 4 5 3 279
2 2 2 7 279
2 2 4 7 279
2 2 6 2 279
2 2 8 2 279
1 4 6 4 279
2 2 7 4 279
1 4 7 6 279
2 2 8 6 279
2 2 8 8 279
4 1 2 9 279
1 2 6 8 279
1 2 9 4 279
2 2 0 0 280
2 2 0 2 280
2 2 0 4 280
2 2 0 6 280
2 2 0 8 280
2 2 2 0 280
2 2 4 0 280
2 2 6 0 280
4 1 2 2 280
1 4 2 3 280
2 2 8 0 280
4 1 6 2 280
2 2 3 3 280
2 2 3 5 280
4 1 5 3 280
4 1 5 4 280
1 4 5 5 280
2 2 2 7 280
2 2 6 5 280
2 2 8 5 280
2 2 6 7 280
2 2 8 7 280
4 1 5 9 280
1 2 9 3 280
2 1 2 9 280
1 2 4 7 280
2 2 0 0 281
1 4 0 2 281
2 2 0 6 281
2 2 0 8 281
2 2 2 0 281
2 2 4 0 281
2 2 6 0 281
2 2 8 0 281
2 2 2 2 281
4 1 4 2 281
2 2 2 4 281
2 2 2 6 281
4 1 4 3 281
2 2 2 8 281
2 2 8 2 281
2 2 4 4 281
4 1 6 4 281
2 2 4 6 281
2 2 4 8 281
1 4 1 2 281
4 1 6 5 281
1 4 6 6 281
2 2 7 6 281
2 2 7 8 281
1 4 9 6 281
2 2 0 0 282
2 2 0 2 282
2 2 0 4 282
2 2 0 6 282
4 1 2 0 282
2 2 0 8 282
2 2 2 1 282
4 1 6 0 282
2 2 4 1 282
1 4 2 3 282
2 2 6 1 282
1 4 3 3 282
4 1 4 3 282
2 2 2 7 282
2 2 8 1 282
2 2 4 4 282
2 2 4 6 282
1 4 6 4 282
2 2 4 8 282
2 2 7 4 282
2 2 7 6 282
4 1 6 8 282
4 1 6 9 282
1 4 9 4 282
2 1 2 9 282
2 1 8 3 282
1 4 0 0 283
1 4 0 4 283
1 4 1 0 283
2 2 2 0 283
2 2 4 0 283
1 4 1 4 283
4 1 6 0 283
2 2 0 8 283
4 1 6 1 283
4 1 2 2 283
2 2 2 3 283
4 1 6 2 283
4 1 4 3 283
1 4 2 5 283
1 4 3 5 283
2 2 4 4 283
2 2 4 6 283
2 2 4 8 283
1 4 6 4 283
1 4 7 4 283
2 2 6 8 283
2 2 8 3 283
2 2 8 5 283
2 2 8 7 283
2 1 2 9 283
2 1 8 9 283
2 2 0 0 284
1 4 0 2 284
2 2 0 6 284
4 1 2 0 284
2 2 0 8 284
2 2 2 1 284
2 2 4 1 284
1 4 1 2 284
2 2 6 0 284
2 2 8 0 284
1 4 2 3 284
4 1 6 2 284
2 2 3 3 284
1 4 3 5 284
4 1 5 3 284
2 2 5 4 284
2 2 7 4 284
2 2 5 6 284
1 4 4 5 284
2 2 5 8 284
1 4 7 6 284
2 2 8 6 284
2 2 8 8 284
2 1 3 9 284
1 2 2 7 284
1 2 9 3 284
1 4 0 0 285
1 4 0 4 285
2 2 1 0 285
4 1 3 0 285
4 1 3 1 285
2 2 7 0 285
2 2 1 2 285
2 2 1 4 285
4 1 3 2 285
2 2 1 6 285
1 4 3 3 285
2 2 0 8 285
2 2 4 3 285
1 4 4 5 285
1 4 5 5 285
4 1 6 3 285
2 2 6 4 285
2 2 8 4 285
2 2 6 6 285
2 2 6 8 285
2 2 8 6 285
2 2 8 8 285
1 2 9 0 285
1 2 2 8 285
2 1 4 9 285
2 1 7 2 285
1 2 3 7 285
1 4 0 0 286
4 1 1 0 286
4 1 5 0 286
2 2 1 1 286
2 2 1 3 286
1 4 1 5 286
2 2 3 1 286
4 1 5 1 286
1 4 2 5 286
2 2 3 3 286
2 2 3 5 286
4 1 5 2 286
2 2 3 7 286
2 2 5 3 286
2 2 7 3 286
2 2 5 5 286
4 1 1 9 286
2 2 5 7 286
2 2 7 5 286
1 4 0 4 286
1 4 9 0 286
2 2 7 7 286
1 4 9 4 286
4 1 5 9 286
1 2 0 8 286
1 2 9 8 286
2 2 0 0 287
1 4 0 2 287
2 2 0 6 287
1 4 1 2 287
2 2 0 8 287
1 4 2 0 287
4 1 3 0 287
2 2 3 1 287
2 2 5 1 287
2 2 7 0 287
2 2 3 3 287
2 2 3 5 287
1 4 2 4 287
1 4 5 3 287
2 2 3 7 287
2 2 6 3 287
1 4 6 5 287
2 2 8 3 287
1 4 7 5 287
2 2 8 5 287
2 2 8 7 287
4 1 6 9 287
1 2 2 8 287
2 1 7 2 287
2 1 3 9 287
1 2 9 0 287
1 2 5 7 287
2 2 0 0 288
2 2 0 2 288
2 2 0 4 288
2 2 0 6 288
2 2 0 8 288
2 2 2 0 288
2 2 4 0 288
1 4 2 2 288
1 4 2 6 288
2 2 6 0 288
2 2 8 0 288
1 4 3 2 288
2 2 4 2 288
2 2 6 2 288
1 4 3 6 288
2 2 8 2 288
2 2 4 4 288
1 4 4 6 288
2 2 6 4 288
1 4 5 6 288
1 4 6 6 288
2 2 8 4 288
2 2 7 6 288
2 2 7 8 288
1 4 9 6 288
2 2 0 0 289
2 2 0 2 289
4 1 2 0 289
2 2 0 4 289
1 4 0 6 289
2 2 2 1 289
4 1 6 0 289
4 1 4 1 289
2 2 8 1 289
4 1 4 2 289
1 4 1 6 289
2 2 2 3 289
2 2 2 5 289
2 2 2 7 289
2 2 4 3 289
2 2 6 3 289
2 2 8 3 289
1 4 4 5 289
4 1 5 5 289
4 1 5 6 289
2 2 5 7 289
2 2 7 7 289
4 1 2 9 289
1 4 9 5 289
4 1 6 9 289
2 2 0 0 290
2 2 0 2 290
1 4 0 4 290
1 4 1 4 290
2 2 0 8 290
2 2 2 0 290
2 2 4 0 290
1 4 2 2 290
4 1 6 0 290
2 2 3 2 290
4 1 6 1 290
4 1 5 2 290
1 4 2 6 290
2 2 3 4 290
2 2 3 6 290
2 2 3 8 290
2 2 5 4 290
2 2 7 4 290
1 4 9 2 290
2 2 5 6 290
2 2 5 8 290
2 2 7 6 290
2 2 7 8 290
4 1 5 3 290
1 4 9 6 290
2 2 0 0 291
2 2 0 2 291
2 2 0 4 291
4 1 2 0 291
2 2 0 6 291
4 1 6 0 291
4 1 2 1 291
1 4 2 2 291
2 2 0 8 291
2 2 3 2 291
2 2 5 2 291
1 4 2 6 291
4 1 6 1 291
4 1 3 4 291
2 2 7 2 291
2 2 3 5 291
2 2 3 7 291
1 4 5 5 291
2 2 6 5 291
2 2 8 5 291
2 2 6 7 291
2 2 8 7 291
4 1 3 9 291
2 1 7 4 291
2 1 7 9 291
1 2 9 2 291
1 4 0 0 292
2 2 1 0 292
1 4 0 4 292
2 2 3 0 292
1 4 1 2 292
2 2 5 0 292
1 4 1 6 292
1 4 2 2 292
2 2 7 0 292
2 2 3 2 292
2 2 5 2 292
2 2 7 2 292
1 4 2 6 292
1 4 9 0 292
1 4 3 4 292
2 2 4 4 292
2 2 4 6 292
2 2 3 8 292
2 2 6 4 292
2 2 8 4 292
2 2 6 6 292
1 4 8 6 292
2 2 5 8 292
1 4 9 6 292
1 2 0 8 292
1 2 7 8 292
2 2 0 0 293
2 2 0 2 293
2 2 0 4 293
2 2 0 6 293
2 2 0 8 293
2 2 2 0 293
1 4 2 2 293
1 4 2 6 293
1 4 3 2 293
2 2 4 0 293
2 2 6 0 293
2 2 8 0 293
2 2 4 2 293
1 4 3 6 293
2 2 6 2 293
2 2 8 2 293
2 2 4 4 293
1 4 4 6 293
2 2 6 4 293
2 2 8 4 293
2 2 5 6 293
2 2 5 8 293
1 4 7 6 293
2 2 8 6 293
2 2 8 8 293
1 4 0 0 294
4 1 1 0 294
4 1 5 0 294
2 2 1 1 294
1 4 0 4 294
2 2 1 3 294
4 1 3 1 294
2 2 1 5 294
2 2 1 7 294
2 2 3 2 294
2 2 5 2 294
1 4 3 4 294
1 4 4 4 294
1 4 5 4 294
2 2 7 1 294
2 2 3 8 294
2 2 6 4 294
2 2 8 4 294
2 2 6 6 294
2 2 5 8 294
2 2 8 6 294
2 2 7 8 294
1 4 9 0 294
1 2 0 8 294
1 2 9 8 294
2 1 1 9 294
2 1 7 3 294
2 2 0 0 295
4 1 2 0 295
4 1 6 0 295
2 2 0 2 295
4 1 2 1 295
1 4 0 4 295
2 2 0 8 295
2 2 2 2 295
2 2 2 4 295
4 1 6 1 295
1 4 1 4 295
2 2 2 6 295
2 2 2 8 295
2 2 4 2 295
4 1 6 2 295
1 4 4 4 295
2 2 5 4 295
2 2 7 4 295
1 4 5 6 295
2 2 6 6 295
4 1 6 3 295
2 2 6 8 295
2 2 8 6 295
2 2 8 8 295
1 2 4 8 295
1 2 9 4 295
2 2 0 0 296
2 2 0 2 296
2 2 0 4 296
1 4 0 6 296
2 2 2 0 296
2 2 4 0 296
4 1 6 0 296
4 1 6 1 296
2 2 2 2 296
2 2 2 4 296
2 2 1 6 296
1 4 4 2 296
1 4 4 6 296
1 4 5 2 296
1 4 5 6 296
2 2 1 8 296
2 2 6 2 296
1 4 3 6 296
2 2 8 2 296
2 2 6 4 296
2 2 8 4 296
2 2 6 6 296
2 2 6 8 296
1 4 8 6 296
1 4 9 6 296
4 1 0 0 297
4 1 4 0 297
1 4 0 1 297
1 4 0 5 297
4 1 1 1 297
2 2 1 2 297
2 2 1 4 297
1 4 1 6 297
4 1 5 1 297
2 2 3 2 297
4 1 5 2 297
2 2 3 4 297
4 1 5 3 297
2 2 2 6 297
2 2 2 8 297
2 2 5 4 297
2 2 7 4 297
4 1 4 6 297
2 2 4 7 297
1 4 9 1 297
4 1 6 7 297
2 2 6 8 297
2 2 8 8 297
2 1 8 0 297
2 1 8 6 297
2 1 4 9 297
1 4 0 0 298
2 2 1 0 298
2 2 3 0 298
4 1 5 0 298
2 2 1 2 298
2 2 0 4 298
2 2 0 6 298
2 2 0 8 298
2 2 3 2 298
2 2 5 2 298
1 4 2 4 298
2 2 7 2 298
1 4 9 0 298
2 2 3 4 298
2 2 3 6 298
4 1 5 1 298
2 2 2 8 298
4 1 5 4 298
4 1 5 5 298
1 4 5 6 298
2 2 6 6 298
2 2 6 8 298
2 2 8 6 298
2 2 8 8 298
1 2 4 8 298
1 2 9 4 298
1 4 0 0 299
2 2 1 0 299
2 2 3 0 299
2 2 5 0 299
4 1 1 2 299
2 2 7 0 299
1 4 0 4 299
2 2 1 3 299
2 2 1 5 299
2 2 1 7 299
2 2 3 3 299
4 1 5 2 299
2 2 3 5 299
1 4 5 3 299
2 2 3 7 299
2 2 6 3 299
1 4 6 5 299
2 2 8 3 299
2 2 7 5 299
2 2 7 7 299
1 4 9 5 299
4 1 1 9 299
4 1 6 9 299
1 2 0 8 299
1 2 9 0 299
1 2 5 7 299
2 2 0 0 300
2 2 0 2 300
2 2 0 4 300
1 4 0 6 300
1 4 1 6 300
2 2 2 0 300
2 2 4 0 300
2 2 6 0 300
2 2 8 0 300
2 2 2 2 300
1 4 2 4 300
1 4 3 4 300
2 2 2 8 300
2 2 4 2 300
2 2 6 2 300
1 4 4 4 300
4 1 5 4 300
2 2 8 2 300
2 2 5 5 300
2 2 5 7 300
1 4 7 5 300
1 4 8 5 300
1 4 9 4 300
4 1 5 9 300
1 2 4 8 300
1 2 9 8 300
2 2 0 0 301
2 2 0 2 301
2 2 0 4 301
2 2 0 6 301
1 4 2 0 301
4 1 3 0 301
2 2 0 8 301
2 1 7 0 301
2 1 3 1 301
2 1 5 1 301
2 1 7 1 301
2 1 3 2 301
1 2 9 0 301
2 1 5 2 301
2 1 7 2 301
2 1 3 3 301
2 1 5 3 301
2 1 7 3 301
2 1 2 4 301
2 1 2 5 301
2 1 2 6 301
2 1 2 7 301
1 2 9 2 301
2 1 2 8 301
2 1 2 9 301
2 1 4 4 301
2 1 6 4 301
2 1 8 4 301
1 2 4 5 301
2 1 5 5 301
2 1 7 5 301
2 1 5 6 301
2 1 4 7 301
2 1 4 8 301
1 2 6 7 301
2 1 4 9 301
1 2 7 6 301
1 2 7 8 301
1 2 8 6 301
2 1 8 8 301
2 1 8 9 301
1 2 9 5 301
2 1 0 0 302
2 1 2 0 302
2 1 4 0 302
1 2 0 1 302
1 2 0 3 302
1 2 0 5 302
2 1 6 0 302
2 1 8 0 302
2 1 1 1 302
2 1 3 1 302
2 1 5 1 302
2 1 7 1 302
1 2 0 7 302
2 1 1 2 302
1 2 1 3 302
1 2 2 3 302
1 2 1 5 302
2 1 1 7 302
2 1 1 8 302
2 1 0 9 302
1 2 2 5 302
2 1 3 2 302
1 2 3 3 302
1 2 3 5 302
2 1 5 2 302
1 2 3 7 302
1 2 4 3 302
1 2 4 5 302
2 1 2 9 302
2 1 7 2 302
1 2 9 1 302
1 2 4 7 302
1 2 5 3 302
1 2 6 3 302
2 1 7 3 302
1 2 9 3 302
1 2 5 5 302
1 2 5 7 302
2 1 7 4 302
2 1 4 9 302
2 1 6 5 302
2 1 8 5 302
2 1 6 6 302
2 1 8 6 302
2 1 6 7 302
1 2 6 8 302
1 2 7 8 302
2 1 8 7 302
2 1 8 8 302
2 1 8 9 302
2 1 0 0 303
1 2 0 1 303
1 2 0 3 303
1 2 0 5 303
3 6 1 1 303
3 6 4 1 303
3 6 7 1 303
5 3 0 7 303
5 3 5 7 303
5 1 2 0 303
2 1 7 0 303
3 6 0 0 304
3 6 3 0 304
3 6 6 0 304
5 3 0 6 304
5 3 5 6 304
9 1 0 9 304
1 5 9 0 304
3 6 0 0 305
3 6 3 0 305
3 6 6 0 305
5 3 0 6 305
5 3 5 6 305
9 1 0 9 305
1 5 9 0 305
3 6 0 0 306
3 6 3 0 306
3 6 6 0 306
5 3 0 6 306
5 3 5 6 306
9 1 0 9 306
1 5 9 0 306
3 6 0 0 307
3 6 3 0 307
3 6 6 0 307
5 3 0 6 307
5 3 5 6 307
9 1 0 9 307
1 5 9 0 307
3 6 0 0 308
3 6 3 0 308
3 6 6 0 308
5 3 0 6 308
5 3 5 6 308
9 1 0 9 308
1 5 9 0 308
3 6 0 0 309
3 6 3 0 309
3 6 6 0 309
5 3 0 6 309
5 3 5 6 309
9 1 0 9 309
1 5 9 0 309
3 6 0 0 310
3 6 3 0 310
3 6 6 0 310
5 3 0 6 310
5 3 5 6 310
9 1 0 9 310
1 5 9 0 310
3 6 0 0 311
3 6 3 0 311
3 6 6 0 311
5 3 0 6 311
5 3 5 6 311
9 1 0 9 311
1 5 9 0 311
3 6 0 0 312
3 6 3 0 312
3 6 6 0 312
5 3 0 6 312
5 3 5 6 312
9 1 0 9 312
1 5 9 0 312
3 6 0 0 313
3 6 3 0 313
3 6 6 0 313
5 3 0 6 313
5 3 5 6 313
9 1 0 9 313
1 5 9 0 313
3 6 0 0 314
3 6 3 0 314
3 6 6 0 314
5 3 0 6 314
5 3 5 6 314
9 1 0 9 314
1 5 9 0 314
3 6 0 0 315
3 6 3 0 315
3 6 6 0 315
5 3 0 6 315
5 3 5 6 315
9 1 0 9 315
1 5 9 0 315
3 6 0 0 316
3 6 3 0 316
3 6 6 0 316
5 3 0 6 316
5 3 5 6 316
9 1 0 9 316
1 5 9 0 316
3 6 0 0 317
3 6 3 0 317
3 6 6 0 317
5 3 0 6 317
5 3 5 6 317
9 1 0 9 317
1 5 9 0 317
3 6 0 0 318
3 6 3 0 318
3 6 6 0 318
5 3 0 6 318
5 3 5 6 318
9 1 0 9 318
1 5 9 0 318
3 6 0 0 319
3 6 3 0 319
3 6 6 0 319
5 3 0 6 319
5 3 5 6 319
9 1 0 9 319
1 5 9 0 319
3 6 0 0 320
3 6 3 0 320
3 6 6 0 320
5 3 0 6 320
5 3 5 6 320
9 1 0 9 320
1 5 9 0 320
3 6 0 0 321
3 6 3 0 321
3 6 6 0 321
5 3 0 6 321
5 3 5 6 321
9 1 0 9 321
1 5 9 0 321
3 6 0 0 322
3 6 3 0 322
3 6 6 0 322
6 2 0 6 322
6 2 0 8 322
3 3 6 6 322
1 9 9 0 322
4 1 6 9 322
6 2 0 0 323
6 2 0 2 323
6 2 0 4 323
6 2 0 6 323
6 2 0 8 323
2 5 6 0 323
2 5 8 0 323
2 5 6 5 323
2 5 8 5 323
6 2 0 0 324
6 2 0 2 324
6 2 0 4 324
6 2 0 6 324
6 2 0 8 324
2 5 6 0 324
2 5 8 0 324
2 5 6 5 324
2 5 8 5 324
6 2 0 0 325
6 2 0 2 325
6 2 0 4 325
6 2 0 6 325
6 2 0 8 325
2 5 6 0 325
2 5 8 0 325
2 5 6 5 325
2 5 8 5 325
6 2 0 0 326
6 2 0 2 326
6 2 0 4 326
6 2 0 6 326
6 2 0 8 326
2 5 6 0 326
2 5 8 0 326
2 5 6 5 326
2 5 8 5 326
6 2 0 0 327
6 2 0 2 327
6 2 0 4 327
6 2 0 6 327
6 2 0 8 327
2 5 6 0 327
2 5 8 0 327
3 3 6 5 327
4 2 6 8 327
6 2 0 0 328
6 2 0 2 328
6 2 0 4 328
6 2 0 6 328
6 2 0 8 328
1 9 6 0 328
1 9 7 0 328
1 9 8 0 328
1 9 9 0 328
4 1 6 9 328
6 2 0 0 329
6 2 0 2 329
6 2 0 4 329
6 2 0 6 329
6 2 0 8 329
1 9 6 0 329
1 9 7 0 329
1 9 8 0 329
1 9 9 0 329
4 1 6 9 329
6 2 0 0 330
6 2 0 2 330
6 2 0 4 330
6 2 0 6 330
6 2 0 8 330
1 9 6 0 330
1 9 7 0 330
1 9 8 0 330
1 9 9 0 330
4 1 6 9 330
6 2 0 0 331
6 2 0 2 331
6 2 0 4 331
6 2 0 6 331
6 2 0 8 331
3 3 6 0 331
3 3 6 3 331
3 3 6 6 331
1 9 9 0 331
4 1 6 9 331
6 2 0 0 332
6 2 0 2 332
6 2 0 4 332
6 2 0 6 332
6 2 0 8 332
1 9 6 0 332
1 9 7 0 332
1 9 8 0 332
1 9 9 0 332
4 1 6 9 332
3 3 0 0 333
1 9 3 0 333
1 9 4 0 333
1 9 5 0 333
1 9 6 0 333
1 9 7 0 333
1 9 8 0 333
1 9 9 0 333
3 3 0 3 333
3 3 0 6 333
9 1 0 9 333
1 9 0 0 334
1 9 1 0 334
1 9 2 0 334
1 9 3 0 334
3 3 4 0 334
3 3 7 0 334
3 3 4 3 334
3 3 7 3 334
3 3 4 6 334
3 3 7 6 334
9 1 0 9 334
9 1 0 0 335
9 1 0 1 335
9 1 0 2 335
9 1 0 3 335
9 1 0 4 335
9 1 0 5 335
9 1 0 6 335
9 1 0 7 335
9 1 0 8 335
1 9 9 0 335
9 1 0 9 335
1 9 0 0 336
1 9 1 0 336
1 9 2 0 336
1 9 3 0 336
1 9 4 0 336
1 9 5 0 336
1 9 6 0 336
1 9 7 0 336
1 9 8 0 336
9 1 0 9 336
1 9 9 0 336
9 1 0 0 337
9 1 0 1 337
9 1 0 2 337
9 1 0 3 337
9 1 0 4 337
9 1 0 5 337
9 1 0 6 337
9 1 0 7 337
9 1 0 8 337
9 1 0 9 337
1 9 9 0 337
9 1 0 0 338
9 1 0 1 338
9 1 0 2 338
9 1 0 3 338
9 1 0 4 338
9 1 0 5 338
9 1 0 6 338
9 1 0 7 338
9 1 0 8 338
9 1 0 9 338
1 9 9 0 338
9 1 0 0 339
9 1 0 1 339
9 1 0 2 339
9 1 0 3 339
9 1 0 4 339
9 1 0 5 339
9 1 0 6 339
9 1 0 7 339
9 1 0 8 339
9 1 0 9 339
1 9 9 0 339
9 1 0 0 340
3 3 0 1 340
3 3 0 4 340
1 9 3 1 340
3 3 0 7 340
1 9 4 1 340
1 9 5 1 340
1 9 6 1 340
3 3 7 1 340
3 3 7 4 340
3 3 7 7 340
9 1 0 0 341
9 1 0 1 341
9 1 0 2 341
9 1 0 3 341
9 1 0 4 341
9 1 0 5 341
9 1 0 6 341
9 1 0 7 341
9 1 0 8 341
1 9 9 0 341
9 1 0 9 341
9 1 0 0 342
9 1 0 1 342
9 1 0 2 342
9 1 0 3 342
9 1 0 4 342
9 1 0 5 342
9 1 0 6 342
9 1 0 7 342
9 1 0 8 342
9 1 0 9 342
1 9 9 0 342
9 1 0 0 343
1 9 0 1 343
9 1 1 1 343
9 1 1 2 343
9 1 1 3 343
9 1 1 4 343
9 1 1 5 343
9 1 1 6 343
9 1 1 7 343
9 1 1 8 343
9 1 1 9 343
9 1 0 0 344
9 1 0 1 344
3 3 0 2 344
3 3 0 5 344
3 3 3 2 344
3 3 6 2 344
3 3 3 5 344
3 3 6 5 344
9 1 0 8 344
9 1 0 9 344
1 9 9 0 344
9 1 0 0 345
9 1 0 1 345
9 1 0 2 345
9 1 0 3 345
9 1 0 4 345
9 1 0 5 345
9 1 0 6 345
9 1 0 7 345
9 1 0 8 345
9 1 0 9 345
1 9 9 0 345
1 9 0 0 346
1 9 1 0 346
1 9 2 0 346
1 9 3 0 346
1 9 4 0 346
1 9 5 0 346
1 9 6 0 346
1 9 7 0 346
1 9 8 0 346
9 1 0 9 346
1 9 9 0 346
9 1 0 0 347
9 1 0 1 347
9 1 0 2 347
9 1 0 3 347
9 1 0 4 347
9 1 0 5 347
9 1 0 6 347
9 1 0 7 347
9 1 0 8 347
1 9 9 0 347
9 1 0 9 347
9 1 0 0 348
1 9 0 1 348
1 9 1 1 348
1 9 2 1 348
1 9 3 1 348
1 9 4 1 348
2 4 5 1 348
2 4 7 1 348
2 4 5 5 348
2 4 7 5 348
1 5 9 0 348
1 5 9 5 348
4 1 5 9 348
9 1 0 0 349
9 1 0 1 349
9 1 0 2 349
9 1 0 3 349
9 1 0 4 349
9 1 0 5 349
9 1 0 6 349
9 1 0 7 349
9 1 0 8 349
1 9 9 0 349
9 1 0 9 349
4 2 0 0 350
4 2 4 0 350
4 2 0 2 350
4 2 0 4 350
4 2 0 6 350
4 2 0 8 350
4 2 4 2 350
2 4 8 0 350
4 2 4 4 350
4 2 4 6 350
2 4 8 4 350
4 2 4 8 350
2 2 8 8 350
2 4 0 0 351
2 4 0 4 351
2 4 2 0 351
2 4 2 4 351
4 2 0 8 351
2 4 4 0 351
2 4 6 0 351
2 4 8 0 351
2 4 4 4 351
4 2 6 4 351
2 4 6 6 351
2 4 8 6 351
2 2 4 8 351
2 4 0 0 352
2 4 0 4 352
4 2 2 0 352
2 4 2 2 352
4 2 6 0 352
2 4 2 6 352
2 4 4 2 352
2 4 4 6 352
2 4 6 2 352
2 4 8 2 352
3 2 6 6 352
3 2 6 8 352
1 4 9 6 352
2 2 0 8 352
2 3 0 0 353
2 3 0 3 353
3 2 2 0 353
2 3 0 6 353
3 2 5 0 353
3 2 2 2 353
3 2 5 2 353
3 2 2 4 353
3 2 2 6 353
3 2 2 8 353
3 2 5 4 353
3 2 5 6 353
2 3 8 0 353
2 3 8 3 353
3 2 5 8 353
2 3 8 6 353
2 1 0 9 353
2 1 8 9 353
3 2 0 0 354
3 2 3 0 354
2 3 0 2 354
2 3 0 5 354
3 2 6 0 354
3 2 2 2 354
3 2 5 2 354
3 2 2 4 354
3 2 2 6 354
3 2 0 8 354
2 3 5 4 354
3 2 7 4 354
2 3 5 7 354
3 2 7 6 354
3 2 7 8 354
2 2 8 2 354
2 2 3 8 354
2 3 0 0 355
5 1 2 0 355
5 1 2 1 355
5 1 2 2 355
5 1 0 3 355
5 1 5 3 355
5 1 0 4 355
5 1 0 5 355
5 1 0 6 355
5 1 0 7 355
5 1 0 8 355
5 1 0 9 355
5 1 5 4 355
5 1 5 5 355
5 1 5 6 355
5 1 5 7 355
5 1 5 8 355
5 1 5 9 355
2 2 7 0 355
2 1 7 2 355
5 1 0 0 356
5 1 5 0 356
5 1 0 1 356
5 1 5 1 356
5 1 0 2 356
5 1 5 2 356
1 5 0 3 356
1 5 1 3 356
1 5 2 3 356
5 1 3 3 356
1 5 3 4 356
1 5 4 4 356
1 5 5 4 356
1 5 6 4 356
1 5 7 4 356
1 4 8 3 356
1 4 9 3 356
2 2 0 8 356
2 2 8 7 356
4 1 3 9 356
1 4 0 0 357
1 4 0 4 357
1 4 1 0 357
1 4 1 4 357
2 2 0 8 357
2 2 2 0 357
1 4 2 2 357
2 2 4 0 357
2 2 6 0 357
2 2 8 0 357
1 4 2 6 357
2 2 3 2 357
2 2 5 2 357
2 2 7 2 357
2 2 3 4 357
2 2 3 6 357
2 2 3 8 357
1 4 5 4 357
2 2 6 4 357
1 4 6 6 357
1 4 7 6 357
2 2 8 4 357
2 2 8 6 357
2 2 8 8 357
1 4 0 0 358
2 2 1 0 358
2 2 3 0 358
2 2 5 0 358
1 4 0 4 358
1 4 1 2 358
1 4 1 6 358
2 2 7 0 358
4 1 2 2 358
2 2 2 3 358
2 2 2 5 358
2 2 2 7 358
2 2 4 3 358
2 2 6 2 358
2 2 8 2 358
2 2 4 5 358
2 2 4 7 358
1 4 6 4 358
1 4 7 4 358
4 1 2 9 358
2 2 6 8 358
1 4 8 4 358
1 4 9 4 358
2 2 8 8 358
1 4 0 0 359
2 2 1 0 359
1 4 0 4 359
1 4 1 2 359
2 2 3 0 359
2 2 5 0 359
1 4 1 6 359
2 2 7 0 359
2 2 2 2 359
2 2 2 4 359
2 2 2 6 359
2 2 2 8 359
2 2 4 2 359
2 2 6 2 359
2 2 8 2 359
4 1 4 4 359
4 1 4 5 359
4 1 4 6 359
4 1 4 7 359
4 1 4 8 359
1 4 8 4 359
4 1 4 9 359
1 4 9 4 359
2 2 8 8 359
4 1 0 0 360
1 4 0 1 360
1 4 0 5 360
1 4 1 1 360
2 2 2 1 360
2 2 4 0 360
1 4 1 5 360
1 4 2 3 360
2 2 6 0 360
2 2 8 0 360
1 4 3 3 360
1 4 4 2 360
2 2 2 7 360
2 2 5 2 360
4 1 0 9 360
1 4 4 6 360
4 1 5 4 360
2 2 7 2 360
2 2 5 5 360
2 2 5 7 360
2 2 7 5 360
2 2 7 7 360
4 1 5 9 360
1 4 9 2 360
1 4 9 6 360
1 4 0 0 361
2 2 1 0 361
2 2 3 0 361
2 2 5 0 361
2 2 7 0 361
2 2 1 2 361
2 2 0 4 361
1 4 0 6 361
2 2 1 6 361
2 2 1 8 361
1 4 3 2 361
3 6 4 2 361
3 6 7 2 361
6 2 4 8 361
1 4 3 6 361
3 6 0 0 362
3 6 3 0 362
3 6 6 0 362
6 2 0 6 362
6 2 0 8 362
3 3 6 6 362
1 9 9 0 362
4 1 6 9 362
3 6 0 0 363
3 6 3 0 363
3 6 6 0 363
6 2 0 6 363
6 2 0 8 363
3 3 6 6 363
1 9 9 0 363
4 1 6 9 363
3 6 0 0 364
3 6 3 0 364
3 6 6 0 364
6 2 0 6 364
6 2 0 8 364
3 3 6 6 364
1 9 9 0 364
4 1 6 9 364
3 6 0 0 365
3 6 3 0 365
3 6 6 0 365
6 2 0 6 365
6 2 0 8 365
4 2 6 6 365
4 2 6 8 365
1 4 9 0 365
3 6 0 0 366
3 6 3 0 366
3 6 6 0 366
6 2 0 6 366
6 2 0 8 366
2 4 6 6 366
2 4 8 6 366
1 4 9 0 366
3 6 0 0 367
3 6 3 0 367
3 6 6 0 367
6 2 0 6 367
6 2 0 8 367
2 4 6 6 367
2 3 8 6 367
1 4 9 0 367
3 6 0 0 368
3 6 3 0 368
3 6 6 0 368
6 2 0 6 368
6 2 0 8 368
4 2 6 6 368
3 2 6 8 368
3 6 0 0 369
6 2 3 0 369
6 2 3 2 369
6 2 3 4 369
6 2 0 6 369
6 2 0 8 369
3 2 6 6 369
3 2 6 8 369
1 9 9 0 369
1 9 0 0 370
1 9 1 0 370
1 9 2 0 370
1 9 3 0 370
1 9 4 0 370
1 9 5 0 370
1 9 6 0 370
1 9 7 0 370
1 9 8 0 370
1 9 9 0 370
9 1 0 9 370
9 1 0 0 371
9 1 0 1 371
9 1 0 2 371
9 1 0 3 371
9 1 0 4 371
9 1 0 5 371
9 1 0 6 371
9 1 0 7 371
9 1 0 8 371
9 1 0 9 371
1 9 9 0 371
1 9 0 0 372
1 9 1 0 372
1 9 2 0 372
1 9 3 0 372
1 9 4 0 372
1 9 5 0 372
3 2 6 0 372
2 3 6 2 372
5 1 0 9 372
2 2 8 2 372
2 2 6 5 372
4 1 6 7 372
4 1 6 8 372
4 1 5 9 372
2 2 8 4 372
9 1 0 0 373
9 1 0 1 373
9 1 0 2 373
9 1 0 3 373
9 1 0 4 373
9 1 0 5 373
9 1 0 6 373
9 1 0 7 373
9 1 0 8 373
9 1 0 9 373
1 9 9 0 373
5 1 0 0 374
5 1 5 0 374
5 1 0 1 374
5 1 5 1 374
5 1 0 2 374
5 1 5 2 374
5 1 0 3 374
5 1 5 3 374
2 2 0 4 374
4 1 2 4 374
4 1 6 4 374
4 1 2 5 374
2 2 6 5 374
4 1 6 7 374
5 1 0 6 374
5 1 0 7 374
3 6 0 0 375
3 6 3 0 375
3 6 6 0 375
9 1 0 6 375
9 1 0 7 375
9 1 0 8 375
1 9 9 0 375
9 1 0 9 375
3 6 0 0 376
3 6 3 0 376
3 6 6 0 376
9 1 0 6 376
9 1 0 7 376
9 1 0 8 376
1 9 9 0 376
3 6 0 0 377
3 6 3 0 377
3 6 6 0 377
3 6 0 0 378
3 6 3 0 378
3 6 6 0 378
3 6 0 0 379
1 9 3 0 379
3 6 4 0 379
3 6 7 0 379
3 6 0 0 380
